#Qurey Time, Memory allocation , I/O Time , Total
0 , 0 , 139.932 , 139.932
0 , 0 , 139.97 , 139.97
0 , 0 , 139.972 , 139.972
0 , 0 , 139.974 , 139.974
0 , 0 , 139.974 , 139.974
0 , 0.001 , 139.98 , 139.981
0.001 , 0 , 139.982 , 139.983
0 , 0 , 139.985 , 139.985
0 , 0 , 139.986 , 139.986
0.001 , 0 , 139.988 , 139.989
0 , 0.001 , 139.99 , 139.991
0 , 0 , 139.993 , 139.993
0 , 0 , 139.996 , 139.996
0 , 0 , 139.998 , 139.998
0 , 0 , 140 , 140
0 , 0.001 , 140.002 , 140.003
0 , 0 , 140.004 , 140.004
0 , 0 , 140.006 , 140.006
0.001 , 0 , 140.008 , 140.009
0 , 0 , 140.012 , 140.012
0 , 0 , 140.014 , 140.014
0 , 0 , 140.016 , 140.016
0 , 0 , 140.02 , 140.02
0 , 0 , 140.022 , 140.022
0 , 0 , 140.027 , 140.027
0 , 0 , 140.03 , 140.03
0 , 0 , 140.032 , 140.032
0 , 0 , 140.035 , 140.035
0 , 0 , 140.038 , 140.038
0.001 , 0 , 140.04 , 140.041
0 , 0 , 140.044 , 140.044
0 , 0.001 , 140.046 , 140.047
0 , 0 , 140.104 , 140.104
0 , 0 , 140.108 , 140.108
0 , 0 , 140.112 , 140.112
0 , 0 , 140.114 , 140.114
0 , 0 , 140.118 , 140.118
0 , 0 , 140.12 , 140.12
0 , 0 , 140.123 , 140.123
0 , 0 , 140.126 , 140.126
0 , 0 , 140.129 , 140.129
0 , 0 , 140.132 , 140.132
0 , 0 , 140.136 , 140.136
0 , 0 , 140.138 , 140.138
0 , 0 , 140.142 , 140.142
0 , 0 , 140.144 , 140.144
0 , 0 , 140.148 , 140.148
0 , 0 , 140.152 , 140.152
0 , 0.001 , 140.154 , 140.155
0 , 0 , 140.158 , 140.158
0 , 0 , 140.162 , 140.162
0 , 0 , 140.164 , 140.164
0 , 0 , 140.168 , 140.168
0 , 0 , 140.172 , 140.172
0 , 0 , 140.176 , 140.176
0 , 0 , 140.18 , 140.18
0 , 0 , 140.184 , 140.184
0 , 0 , 140.188 , 140.188
0.001 , 0 , 140.192 , 140.193
0 , 0 , 140.196 , 140.196
0 , 0 , 140.2 , 140.2
0 , 0 , 140.204 , 140.204
0 , 0 , 140.208 , 140.208
0 , 0 , 140.212 , 140.212
0 , 0 , 140.216 , 140.216
0 , 0 , 140.22 , 140.22
0 , 0 , 140.224 , 140.224
0 , 0 , 140.228 , 140.228
0 , 0 , 140.232 , 140.232
0 , 0 , 140.236 , 140.236
0.001 , 0 , 140.24 , 140.241
0 , 0 , 140.246 , 140.246
0 , 0 , 140.25 , 140.25
0 , 0 , 140.254 , 140.254
0 , 0 , 140.258 , 140.258
0 , 0 , 140.262 , 140.262
0 , 0 , 140.268 , 140.268
0 , 0 , 140.272 , 140.272
0 , 0.001 , 140.276 , 140.277
0 , 0 , 140.282 , 140.282
0 , 0 , 140.286 , 140.286
0.001 , 0 , 140.29 , 140.291
0 , 0 , 140.296 , 140.296
0 , 0 , 140.3 , 140.3
0 , 0 , 140.305 , 140.305
0 , 0 , 140.31 , 140.31
0 , 0 , 140.316 , 140.316
0 , 0 , 140.32 , 140.32
0 , 0 , 140.326 , 140.326
0 , 0 , 140.33 , 140.33
0 , 0 , 140.335 , 140.335
0.001 , 0 , 140.34 , 140.341
0 , 0 , 140.346 , 140.346
0 , 0 , 140.351 , 140.351
0 , 0 , 140.356 , 140.356
0 , 0 , 140.362 , 140.362
0.001 , 0 , 140.366 , 140.367
0 , 0 , 140.372 , 140.372
0.001 , 0 , 140.378 , 140.379
0 , 0 , 140.384 , 140.384
0 , 0 , 140.39 , 140.39
0 , 0 , 140.396 , 140.396
0 , 0 , 140.401 , 140.401
0.001 , 0 , 140.406 , 140.407
0.001 , 0 , 140.412 , 140.413
0 , 0 , 140.418 , 140.418
0 , 0 , 140.424 , 140.424
0 , 0 , 140.43 , 140.43
0 , 0 , 140.436 , 140.436
0 , 0 , 140.442 , 140.442
0 , 0 , 140.448 , 140.448
0 , 0 , 140.454 , 140.454
0 , 0 , 140.46 , 140.46
0 , 0 , 140.466 , 140.466
0 , 0 , 140.472 , 140.472
0 , 0 , 140.478 , 140.478
0 , 0 , 140.485 , 140.485
0 , 0 , 140.492 , 140.492
0 , 0 , 140.498 , 140.498
0 , 0 , 140.504 , 140.504
0 , 0.001 , 140.51 , 140.511
0 , 0 , 140.517 , 140.517
0 , 0 , 140.524 , 140.524
0 , 0 , 140.53 , 140.53
0 , 0 , 140.537 , 140.537
0 , 0 , 140.544 , 140.544
0 , 0 , 140.55 , 140.55
0 , 0 , 140.556 , 140.556
0 , 0 , 140.564 , 140.564
0 , 0 , 140.57 , 140.57
0 , 0 , 140.578 , 140.578
0.001 , 0 , 140.584 , 140.585
0 , 0 , 140.592 , 140.592
0.001 , 0 , 140.598 , 140.599
0 , 0 , 140.606 , 140.606
0.001 , 0 , 140.612 , 140.613
0 , 0 , 140.62 , 140.62
0.001 , 0 , 140.626 , 140.627
0 , 0 , 140.634 , 140.634
0 , 0 , 140.642 , 140.642
0 , 0 , 140.65 , 140.65
0 , 0 , 140.658 , 140.658
0 , 0 , 140.665 , 140.665
0 , 0 , 140.672 , 140.672
0 , 0.001 , 140.68 , 140.681
0 , 0 , 140.69 , 140.69
0 , 0 , 140.698 , 140.698
0 , 0 , 140.706 , 140.706
0 , 0 , 140.714 , 140.714
0 , 0 , 140.721 , 140.721
0.001 , 0 , 140.728 , 140.729
0 , 0 , 140.736 , 140.736
0 , 0 , 140.744 , 140.744
0.001 , 0 , 140.752 , 140.753
0 , 0 , 140.76 , 140.76
0.001 , 0 , 140.768 , 140.769
0.001 , 0 , 140.776 , 140.777
0 , 0 , 140.785 , 140.785
0 , 0 , 140.794 , 140.794
0.001 , 0 , 140.802 , 140.803
0 , 0 , 140.812 , 140.812
0 , 0 , 140.821 , 140.821
0 , 0 , 140.83 , 140.83
0 , 0 , 140.838 , 140.838
0.001 , 0 , 140.846 , 140.847
0 , 0 , 140.855 , 140.855
0 , 0 , 140.864 , 140.864
0 , 0.001 , 140.872 , 140.873
0 , 0 , 140.882 , 140.882
0 , 0 , 140.89 , 140.89
0.001 , 0 , 140.898 , 140.899
0 , 0 , 140.908 , 140.908
0.001 , 0 , 140.916 , 140.917
0 , 0 , 140.925 , 140.925
0 , 0.001 , 140.934 , 140.935
0 , 0 , 140.944 , 140.944
0.001 , 0 , 140.952 , 140.953
0 , 0 , 140.962 , 140.962
0 , 0 , 140.972 , 140.972
0 , 0 , 140.982 , 140.982
0 , 0.001 , 140.99 , 140.991
0 , 0 , 141 , 141
0 , 0 , 141.01 , 141.01
0 , 0 , 141.02 , 141.02
0 , 0 , 141.03 , 141.03
0 , 0 , 141.039 , 141.039
0 , 0 , 141.049 , 141.049
0 , 0 , 141.058 , 141.058
0 , 0 , 141.068 , 141.068
0 , 0 , 141.077 , 141.077
0 , 0 , 141.087 , 141.087
0 , 0 , 141.096 , 141.096
0 , 0 , 141.106 , 141.106
0 , 0 , 141.117 , 141.117
0.001 , 0 , 141.126 , 141.127
0 , 0 , 141.138 , 141.138
0 , 0 , 141.148 , 141.148
0 , 0 , 141.157 , 141.157
0 , 0 , 141.168 , 141.168
0 , 0 , 141.178 , 141.178
0 , 0 , 141.188 , 141.188
0.001 , 0 , 141.198 , 141.199
0 , 0 , 141.208 , 141.208
0 , 0 , 141.218 , 141.218
0 , 0 , 141.228 , 141.228
0 , 0 , 141.24 , 141.24
0 , 0 , 141.252 , 141.252
0 , 0 , 141.262 , 141.262
0 , 0 , 141.272 , 141.272
0 , 0 , 141.282 , 141.282
0.001 , 0 , 141.292 , 141.293
0 , 0 , 141.304 , 141.304
0 , 0 , 141.314 , 141.314
0 , 0 , 141.325 , 141.325
0 , 0 , 141.336 , 141.336
0.001 , 0 , 141.346 , 141.347
0 , 0 , 141.358 , 141.358
0 , 0 , 141.369 , 141.369
0 , 0 , 141.38 , 141.38
0 , 0 , 141.39 , 141.39
0 , 0 , 141.4 , 141.4
0 , 0 , 141.413 , 141.413
0 , 0 , 141.424 , 141.424
0 , 0 , 141.436 , 141.436
0 , 0 , 141.448 , 141.448
0 , 0 , 141.459 , 141.459
0 , 0 , 141.472 , 141.472
0 , 0.001 , 141.482 , 141.483
0 , 0 , 141.494 , 141.494
0 , 0 , 141.505 , 141.505
0 , 0 , 141.518 , 141.518
0 , 0 , 141.528 , 141.528
0 , 0 , 141.54 , 141.54
0 , 0 , 141.552 , 141.552
0 , 0 , 141.563 , 141.563
0 , 0 , 141.576 , 141.576
0 , 0 , 141.586 , 141.586
0 , 0 , 141.598 , 141.598
0 , 0 , 141.61 , 141.61
0 , 0 , 141.622 , 141.622
0.001 , 0 , 141.636 , 141.637
0 , 0 , 141.649 , 141.649
0 , 0 , 141.662 , 141.662
0 , 0 , 141.674 , 141.674
0 , 0 , 141.686 , 141.686
0 , 0 , 141.698 , 141.698
0 , 0 , 141.71 , 141.71
0 , 0 , 141.722 , 141.722
0 , 0 , 141.734 , 141.734
0 , 0 , 141.748 , 141.748
0 , 0 , 141.76 , 141.76
0 , 0 , 141.772 , 141.772
0 , 0 , 141.785 , 141.785
0.001 , 0 , 141.798 , 141.799
0 , 0 , 141.811 , 141.811
0 , 0 , 141.823 , 141.823
0 , 0 , 141.838 , 141.838
0 , 0 , 141.851 , 141.851
0 , 0 , 141.864 , 141.864
0.001 , 0 , 141.876 , 141.877
0 , 0 , 141.888 , 141.888
0 , 0 , 141.902 , 141.902
0 , 0 , 141.916 , 141.916
0 , 0 , 141.928 , 141.928
0 , 0 , 141.942 , 141.942
0 , 0.001 , 141.954 , 141.955
0 , 0 , 141.968 , 141.968
0 , 0 , 141.981 , 141.981
0 , 0 , 141.994 , 141.994
0 , 0 , 142.007 , 142.007
0 , 0 , 142.021 , 142.021
0 , 0 , 142.034 , 142.034
0 , 0 , 142.048 , 142.048
0 , 0 , 142.062 , 142.062
0 , 0 , 142.078 , 142.078
0 , 0 , 142.09 , 142.09
0 , 0 , 142.105 , 142.105
0 , 0 , 142.118 , 142.118
0 , 0 , 142.132 , 142.132
0 , 0 , 142.146 , 142.146
0 , 0 , 142.16 , 142.16
0 , 0 , 142.174 , 142.174
0 , 0 , 142.188 , 142.188
0.001 , 0 , 142.202 , 142.203
0 , 0 , 142.216 , 142.216
0 , 0 , 142.231 , 142.231
0 , 0 , 142.245 , 142.245
0.001 , 0 , 142.258 , 142.259
0 , 0 , 142.273 , 142.273
0 , 0 , 142.287 , 142.287
0 , 0 , 142.301 , 142.301
0 , 0 , 142.315 , 142.315
0 , 0.001 , 142.328 , 142.329
0 , 0 , 142.343 , 142.343
0 , 0 , 142.358 , 142.358
0 , 0 , 142.373 , 142.373
0 , 0 , 142.388 , 142.388
0 , 0 , 142.404 , 142.404
0.001 , 0 , 142.418 , 142.419
0.001 , 0 , 142.432 , 142.433
0 , 0 , 142.448 , 142.448
0 , 0 , 142.462 , 142.462
0 , 0 , 142.477 , 142.477
0 , 0 , 142.492 , 142.492
0 , 0 , 142.506 , 142.506
0 , 0 , 142.52 , 142.52
0 , 0 , 142.536 , 142.536
0 , 0 , 142.55 , 142.55
0.001 , 0 , 142.564 , 142.565
0 , 0 , 142.581 , 142.581
0 , 0 , 142.596 , 142.596
0 , 0 , 142.611 , 142.611
0 , 0 , 142.626 , 142.626
0 , 0 , 142.641 , 142.641
0 , 0 , 142.656 , 142.656
0 , 0 , 142.672 , 142.672
0 , 0 , 142.686 , 142.686
0 , 0 , 142.702 , 142.702
0 , 0 , 142.717 , 142.717
0 , 0 , 142.732 , 142.732
0 , 0 , 142.748 , 142.748
0 , 0 , 142.763 , 142.763
0.001 , 0 , 142.778 , 142.779
0 , 0 , 142.795 , 142.795
0 , 0 , 142.812 , 142.812
0 , 0.001 , 142.826 , 142.827
0 , 0 , 142.844 , 142.844
0.001 , 0 , 142.858 , 142.859
0 , 0 , 142.874 , 142.874
0 , 0 , 142.89 , 142.89
0 , 0 , 142.906 , 142.906
0 , 0 , 142.922 , 142.922
0 , 0 , 142.938 , 142.938
0 , 0 , 142.953 , 142.953
0 , 0 , 142.97 , 142.97
0 , 0 , 142.985 , 142.985
0 , 0 , 143.002 , 143.002
0 , 0 , 143.019 , 143.019
0 , 0 , 143.036 , 143.036
0 , 0 , 143.052 , 143.052
0 , 0 , 143.068 , 143.068
0.001 , 0 , 143.084 , 143.085
0 , 0 , 143.102 , 143.102
0 , 0 , 143.118 , 143.118
0 , 0 , 143.134 , 143.134
0 , 0 , 143.151 , 143.151
0 , 0 , 143.168 , 143.168
0 , 0 , 143.184 , 143.184
0 , 0 , 143.201 , 143.201
0 , 0 , 143.218 , 143.218
0 , 0 , 143.235 , 143.235
0 , 0 , 143.252 , 143.252
0 , 0 , 143.268 , 143.268
0 , 0 , 143.286 , 143.286
0 , 0 , 143.304 , 143.304
0 , 0 , 143.322 , 143.322
0 , 0 , 143.338 , 143.338
0 , 0 , 143.355 , 143.355
0 , 0 , 143.372 , 143.372
0 , 0 , 143.39 , 143.39
0 , 0 , 143.408 , 143.408
0 , 0 , 143.425 , 143.425
0 , 0 , 143.442 , 143.442
0 , 0 , 143.459 , 143.459
0.001 , 0 , 143.476 , 143.477
0 , 0 , 143.494 , 143.494
0 , 0 , 143.512 , 143.512
0 , 0 , 143.53 , 143.53
0 , 0 , 143.548 , 143.548
0 , 0 , 143.564 , 143.564
0 , 0 , 143.584 , 143.584
0 , 0 , 143.602 , 143.602
0 , 0 , 143.618 , 143.618
0 , 0 , 143.637 , 143.637
0 , 0 , 143.654 , 143.654
0 , 0 , 143.673 , 143.673
0 , 0 , 143.692 , 143.692
0 , 0 , 143.71 , 143.71
0 , 0 , 143.728 , 143.728
0 , 0 , 143.746 , 143.746
0.001 , 0 , 143.762 , 143.763
0 , 0 , 143.783 , 143.783
0 , 0 , 143.801 , 143.801
0 , 0 , 143.819 , 143.819
0 , 0 , 143.837 , 143.837
0 , 0 , 143.855 , 143.855
0 , 0 , 143.875 , 143.875
0 , 0 , 143.893 , 143.893
0 , 0 , 143.912 , 143.912
0 , 0 , 143.93 , 143.93
0 , 0 , 143.949 , 143.949
0 , 0 , 143.967 , 143.967
0 , 0 , 143.986 , 143.986
0 , 0 , 144.005 , 144.005
0 , 0 , 144.023 , 144.023
0.001 , 0 , 144.042 , 144.043
0 , 0 , 144.06 , 144.06
0.001 , 0 , 144.08 , 144.081
0 , 0 , 144.099 , 144.099
0 , 0 , 144.118 , 144.118
0 , 0 , 144.137 , 144.137
0 , 0 , 144.156 , 144.156
0 , 0 , 144.176 , 144.176
0 , 0 , 144.196 , 144.196
0 , 0 , 144.214 , 144.215
0 , 0 , 144.235 , 144.235
0 , 0 , 144.254 , 144.254
0 , 0 , 144.274 , 144.274
0 , 0 , 144.292 , 144.292
0 , 0 , 144.312 , 144.312
0 , 0 , 144.332 , 144.332
0 , 0 , 144.352 , 144.352
0.001 , 0 , 144.372 , 144.373
0 , 0 , 144.394 , 144.394
0 , 0 , 144.414 , 144.414
0 , 0 , 144.434 , 144.434
0 , 0 , 144.452 , 144.452
0 , 0 , 144.473 , 144.473
0.001 , 0 , 144.492 , 144.493
0 , 0 , 144.513 , 144.513
0 , 0 , 144.532 , 144.532
0 , 0 , 144.553 , 144.553
0 , 0 , 144.572 , 144.572
0 , 0 , 144.594 , 144.594
0 , 0 , 144.614 , 144.614
0 , 0 , 144.633 , 144.633
0 , 0 , 144.653 , 144.653
0 , 0 , 144.672 , 144.672
0 , 0 , 144.694 , 144.694
0 , 0 , 144.714 , 144.714
0 , 0 , 144.734 , 144.734
0 , 0 , 144.754 , 144.754
0 , 0 , 144.774 , 144.774
0 , 0 , 144.796 , 144.796
0 , 0 , 144.816 , 144.816
0.001 , 0 , 144.836 , 144.837
0.001 , 0 , 144.856 , 144.857
0 , 0 , 144.877 , 144.877
0 , 0 , 144.898 , 144.898
0 , 0 , 144.919 , 144.919
0 , 0 , 144.94 , 144.94
0 , 0 , 144.961 , 144.961
0.001 , 0 , 144.982 , 144.983
0 , 0 , 145.003 , 145.003
0 , 0 , 145.024 , 145.024
0 , 0 , 145.045 , 145.045
0 , 0 , 145.066 , 145.066
0 , 0.001 , 145.086 , 145.087
0 , 0 , 145.107 , 145.107
0.001 , 0 , 145.128 , 145.129
0 , 0 , 145.15 , 145.15
0.001 , 0 , 145.17 , 145.171
0 , 0 , 145.192 , 145.192
0 , 0 , 145.212 , 145.212
0 , 0 , 145.233 , 145.233
0 , 0 , 145.255 , 145.255
0 , 0 , 145.276 , 145.276
0 , 0 , 145.299 , 145.299
0 , 0 , 145.32 , 145.32
0 , 0 , 145.34 , 145.34
0 , 0 , 145.363 , 145.363
0 , 0 , 145.386 , 145.386
0 , 0 , 145.407 , 145.407
0 , 0 , 145.428 , 145.428
0 , 0 , 145.45 , 145.45
0 , 0 , 145.472 , 145.472
0 , 0 , 145.494 , 145.494
0 , 0 , 145.515 , 145.515
0 , 0 , 145.536 , 145.536
0 , 0.001 , 145.558 , 145.559
0 , 0 , 145.582 , 145.582
0 , 0 , 145.604 , 145.604
0 , 0 , 145.626 , 145.626
0 , 0 , 145.649 , 145.649
0 , 0 , 145.672 , 145.672
0 , 0 , 145.694 , 145.694
0 , 0 , 145.716 , 145.716
0 , 0 , 145.738 , 145.738
0 , 0 , 145.76 , 145.76
0 , 0 , 145.782 , 145.782
0 , 0 , 145.805 , 145.805
0 , 0 , 145.827 , 145.827
0 , 0 , 145.852 , 145.852
0 , 0 , 145.874 , 145.874
0 , 0 , 145.896 , 145.896
0 , 0 , 145.918 , 145.918
0.001 , 0 , 145.94 , 145.941
0 , 0 , 145.962 , 145.962
0 , 0 , 145.986 , 145.986
0 , 0 , 146.009 , 146.009
0 , 0 , 146.032 , 146.032
0 , 0 , 146.054 , 146.054
0 , 0 , 146.078 , 146.078
0 , 0 , 146.1 , 146.1
0 , 0 , 146.122 , 146.122
0.001 , 0 , 146.144 , 146.145
0 , 0 , 146.167 , 146.167
0 , 0 , 146.191 , 146.191
0 , 0 , 146.215 , 146.215
0 , 0 , 146.238 , 146.238
0 , 0 , 146.26 , 146.26
0 , 0 , 146.283 , 146.283
0 , 0 , 146.307 , 146.307
0 , 0 , 146.33 , 146.33
0 , 0 , 146.354 , 146.354
0 , 0 , 146.377 , 146.377
0 , 0 , 146.402 , 146.402
0 , 0 , 146.424 , 146.424
0 , 0 , 146.448 , 146.448
0 , 0 , 146.47 , 146.47
0 , 0 , 146.494 , 146.494
0 , 0 , 146.518 , 146.518
0 , 0 , 146.541 , 146.541
0 , 0 , 146.565 , 146.565
0 , 0 , 146.59 , 146.59
0 , 0 , 146.614 , 146.614
0 , 0 , 146.637 , 146.637
0 , 0 , 146.661 , 146.661
0 , 0 , 146.686 , 146.686
0 , 0 , 146.709 , 146.709
0 , 0 , 146.733 , 146.733
0 , 0 , 146.757 , 146.757
0 , 0 , 146.782 , 146.782
0.001 , 0 , 146.806 , 146.807
0 , 0 , 146.83 , 146.83
0 , 0 , 146.854 , 146.854
0 , 0 , 146.878 , 146.878
0 , 0 , 146.902 , 146.902
0 , 0 , 146.926 , 146.926
0 , 0 , 146.949 , 146.949
0.001 , 0 , 146.974 , 146.975
0 , 0 , 147 , 147
0 , 0 , 147.024 , 147.024
0 , 0 , 147.048 , 147.048
0 , 0 , 147.072 , 147.072
0 , 0 , 147.096 , 147.096
0 , 0 , 147.122 , 147.122
0.001 , 0 , 147.146 , 147.147
0 , 0 , 147.171 , 147.171
0 , 0 , 147.198 , 147.198
0 , 0 , 147.222 , 147.222
0 , 0 , 147.247 , 147.247
0 , 0 , 147.272 , 147.272
0 , 0 , 147.296 , 147.296
0 , 0 , 147.322 , 147.322
0 , 0 , 147.348 , 147.348
0 , 0 , 147.372 , 147.372
0.001 , 0 , 147.398 , 147.399
0 , 0 , 147.424 , 147.424
0 , 0 , 147.449 , 147.449
0 , 0 , 147.474 , 147.474
0 , 0 , 147.5 , 147.5
0.001 , 0 , 147.524 , 147.525
0 , 0 , 147.551 , 147.551
0 , 0 , 147.578 , 147.578
0 , 0 , 147.602 , 147.602
0 , 0 , 147.628 , 147.628
0.001 , 0 , 147.654 , 147.655
0.001 , 0 , 147.68 , 147.681
0 , 0 , 147.706 , 147.706
0 , 0 , 147.732 , 147.732
0 , 0 , 147.759 , 147.759
0 , 0 , 147.786 , 147.786
0 , 0 , 147.812 , 147.812
0 , 0 , 147.836 , 147.836
0 , 0 , 147.863 , 147.863
0 , 0 , 147.89 , 147.89
0 , 0 , 147.915 , 147.915
0 , 0 , 147.941 , 147.941
0 , 0 , 147.967 , 147.967
0 , 0 , 147.994 , 147.994
0 , 0 , 148.021 , 148.021
0 , 0 , 148.048 , 148.048
0 , 0 , 148.089 , 148.089
0 , 0 , 148.13 , 148.13
0 , 0 , 148.157 , 148.157
0 , 0 , 148.184 , 148.184
0 , 0 , 148.21 , 148.21
0 , 0 , 148.238 , 148.238
0 , 0 , 148.264 , 148.264
0 , 0 , 148.292 , 148.292
0 , 0 , 148.319 , 148.319
0 , 0 , 148.345 , 148.345
0 , 0 , 148.372 , 148.372
0 , 0 , 148.4 , 148.4
0 , 0 , 148.425 , 148.425
0 , 0 , 148.452 , 148.452
0 , 0 , 148.482 , 148.482
0 , 0 , 148.507 , 148.507
0 , 0 , 148.535 , 148.535
0.001 , 0 , 148.562 , 148.563
0 , 0 , 148.592 , 148.592
0 , 0 , 148.619 , 148.619
0 , 0 , 148.647 , 148.647
0 , 0 , 148.674 , 148.674
0 , 0 , 148.7 , 148.7
0 , 0 , 148.73 , 148.73
0 , 0 , 148.758 , 148.758
0 , 0 , 148.786 , 148.786
0 , 0 , 148.813 , 148.813
0 , 0 , 148.842 , 148.842
0 , 0 , 148.869 , 148.869
0 , 0 , 148.897 , 148.897
0 , 0 , 148.924 , 148.924
0.001 , 0 , 148.952 , 148.953
0 , 0 , 148.982 , 148.982
0 , 0 , 149.01 , 149.01
0 , 0 , 149.037 , 149.037
0 , 0 , 149.066 , 149.066
0 , 0 , 149.096 , 149.096
0 , 0 , 149.124 , 149.124
0 , 0 , 149.152 , 149.152
0 , 0 , 149.18 , 149.18
0 , 0 , 149.208 , 149.208
0 , 0 , 149.236 , 149.236
0 , 0 , 149.266 , 149.266
0 , 0 , 149.294 , 149.294
0 , 0 , 149.322 , 149.322
0 , 0 , 149.35 , 149.35
0 , 0 , 149.38 , 149.38
0 , 0 , 149.407 , 149.407
0 , 0 , 149.436 , 149.436
0 , 0 , 149.464 , 149.464
0 , 0 , 149.492 , 149.492
0 , 0 , 149.521 , 149.521
0 , 0 , 149.551 , 149.551
0.001 , 0 , 149.58 , 149.581
0 , 0 , 149.609 , 149.609
0 , 0 , 149.638 , 149.638
0 , 0 , 149.667 , 149.667
0 , 0 , 149.698 , 149.698
0 , 0 , 149.726 , 149.726
0 , 0 , 149.755 , 149.755
0.001 , 0 , 149.784 , 149.785
0 , 0 , 149.814 , 149.814
0 , 0 , 149.842 , 149.842
0 , 0 , 149.872 , 149.872
0 , 0 , 149.901 , 149.901
0 , 0 , 149.93 , 149.93
0 , 0 , 149.96 , 149.96
0 , 0 , 149.99 , 149.99
0 , 0 , 150.02 , 150.02
0 , 0 , 150.05 , 150.05
0 , 0 , 150.08 , 150.08
0 , 0 , 150.11 , 150.11
0 , 0 , 150.139 , 150.139
0 , 0 , 150.168 , 150.168
0.001 , 0 , 150.198 , 150.199
0 , 0 , 150.228 , 150.228
0 , 0 , 150.259 , 150.259
0 , 0 , 150.288 , 150.288
0 , 0 , 150.318 , 150.318
0 , 0 , 150.348 , 150.348
0 , 0 , 150.378 , 150.378
0 , 0 , 150.408 , 150.408
0.001 , 0 , 150.438 , 150.439
0 , 0 , 150.468 , 150.468
0 , 0 , 150.498 , 150.498
0 , 0 , 150.528 , 150.528
0 , 0 , 150.558 , 150.558
0 , 0 , 150.587 , 150.587
0.001 , 0 , 150.618 , 150.619
0 , 0 , 150.648 , 150.648
0 , 0 , 150.678 , 150.678
0 , 0 , 150.708 , 150.708
0 , 0 , 150.738 , 150.738
0 , 0 , 150.768 , 150.768
0 , 0 , 150.8 , 150.8
0 , 0 , 150.83 , 150.83
0 , 0 , 150.861 , 150.861
0 , 0 , 150.892 , 150.892
0 , 0 , 150.922 , 150.922
0 , 0 , 150.952 , 150.952
0 , 0 , 150.982 , 150.982
0 , 0 , 151.014 , 151.014
0 , 0 , 151.044 , 151.044
0 , 0 , 151.075 , 151.075
0 , 0 , 151.107 , 151.107
0 , 0 , 151.14 , 151.14
0 , 0 , 151.17 , 151.17
0 , 0 , 151.201 , 151.201
0 , 0 , 151.233 , 151.233
0 , 0 , 151.264 , 151.264
0.001 , 0 , 151.294 , 151.295
0.001 , 0 , 151.324 , 151.325
0 , 0 , 151.357 , 151.357
0 , 0 , 151.388 , 151.388
0 , 0 , 151.42 , 151.42
0 , 0 , 151.452 , 151.452
0 , 0 , 151.483 , 151.483
0 , 0 , 151.514 , 151.514
0 , 0 , 151.546 , 151.546
0 , 0 , 151.578 , 151.578
0 , 0 , 151.61 , 151.61
0 , 0 , 151.642 , 151.642
0 , 0 , 151.674 , 151.674
0.001 , 0 , 151.706 , 151.707
0.001 , 0 , 151.738 , 151.739
0 , 0 , 151.77 , 151.77
0 , 0 , 151.804 , 151.804
0 , 0 , 151.836 , 151.836
0 , 0 , 151.869 , 151.869
0 , 0 , 151.9 , 151.9
0 , 0 , 151.934 , 151.934
0 , 0 , 151.966 , 151.966
0 , 0 , 151.999 , 151.999
0 , 0 , 152.032 , 152.032
0 , 0 , 152.062 , 152.062
0 , 0.001 , 152.094 , 152.095
0 , 0 , 152.128 , 152.128
0 , 0 , 152.16 , 152.16
0 , 0 , 152.192 , 152.192
0 , 0 , 152.226 , 152.226
0 , 0 , 152.259 , 152.259
0 , 0 , 152.292 , 152.292
0.001 , 0 , 152.324 , 152.325
0 , 0 , 152.356 , 152.356
0 , 0 , 152.388 , 152.388
0 , 0 , 152.422 , 152.422
0 , 0 , 152.454 , 152.454
0 , 0 , 152.485 , 152.485
0 , 0 , 152.519 , 152.519
0 , 0 , 152.552 , 152.552
0 , 0 , 152.585 , 152.585
0 , 0.001 , 152.618 , 152.619
0 , 0 , 152.651 , 152.651
0 , 0 , 152.686 , 152.686
0 , 0 , 152.72 , 152.72
0 , 0 , 152.752 , 152.752
0 , 0 , 152.786 , 152.786
0 , 0 , 152.82 , 152.82
0.001 , 0 , 152.852 , 152.853
0 , 0 , 152.886 , 152.886
0 , 0 , 152.919 , 152.919
0.001 , 0 , 152.952 , 152.953
0 , 0 , 152.985 , 152.985
0 , 0 , 153.02 , 153.02
0 , 0 , 153.053 , 153.053
0 , 0 , 153.086 , 153.086
0 , 0 , 153.12 , 153.12
0 , 0 , 153.152 , 153.152
0.001 , 0 , 153.186 , 153.187
0 , 0 , 153.22 , 153.22
0.001 , 0 , 153.254 , 153.255
0 , 0 , 153.288 , 153.288
0 , 0 , 153.321 , 153.321
0 , 0 , 153.356 , 153.356
0 , 0 , 153.39 , 153.39
0 , 0 , 153.424 , 153.424
0 , 0 , 153.458 , 153.458
0 , 0 , 153.493 , 153.493
0 , 0 , 153.527 , 153.527
0 , 0 , 153.56 , 153.56
0 , 0 , 153.595 , 153.595
0 , 0 , 153.629 , 153.629
0.001 , 0 , 153.662 , 153.663
0 , 0 , 153.698 , 153.698
0 , 0 , 153.732 , 153.732
0 , 0 , 153.766 , 153.766
0 , 0 , 153.803 , 153.803
0 , 0 , 153.838 , 153.838
0 , 0 , 153.873 , 153.873
0 , 0 , 153.908 , 153.908
0 , 0 , 153.943 , 153.943
0 , 0 , 153.978 , 153.978
0 , 0 , 154.013 , 154.013
0 , 0 , 154.048 , 154.048
0 , 0 , 154.082 , 154.082
0 , 0 , 154.118 , 154.118
0 , 0 , 154.153 , 154.153
0 , 0 , 154.187 , 154.187
0 , 0 , 154.222 , 154.222
0 , 0 , 154.258 , 154.258
0 , 0 , 154.294 , 154.294
0 , 0 , 154.33 , 154.33
0 , 0 , 154.365 , 154.365
0.001 , 0 , 154.4 , 154.401
0 , 0 , 154.435 , 154.435
0.001 , 0 , 154.47 , 154.471
0 , 0 , 154.506 , 154.506
0 , 0 , 154.542 , 154.542
0 , 0 , 154.58 , 154.58
0 , 0 , 154.614 , 154.614
0.001 , 0 , 154.65 , 154.651
0.001 , 0 , 154.688 , 154.689
0 , 0 , 154.724 , 154.724
0 , 0 , 154.759 , 154.759
0 , 0 , 154.796 , 154.796
0 , 0 , 154.834 , 154.834
0 , 0 , 154.87 , 154.87
0 , 0 , 154.904 , 154.904
0 , 0 , 154.941 , 154.941
0 , 0 , 154.978 , 154.978
0 , 0 , 155.015 , 155.015
0.001 , 0 , 155.05 , 155.051
0.001 , 0 , 155.086 , 155.087
0 , 0 , 155.123 , 155.123
0 , 0 , 155.161 , 155.161
0 , 0 , 155.196 , 155.196
0.001 , 0 , 155.234 , 155.235
0 , 0 , 155.27 , 155.27
0 , 0 , 155.307 , 155.307
0 , 0 , 155.344 , 155.344
0 , 0 , 155.38 , 155.38
0 , 0 , 155.418 , 155.418
0 , 0 , 155.454 , 155.454
0 , 0 , 155.49 , 155.49
0 , 0 , 155.528 , 155.528
0 , 0 , 155.565 , 155.565
0 , 0 , 155.604 , 155.604
0 , 0 , 155.64 , 155.64
0 , 0 , 155.678 , 155.678
0 , 0.001 , 155.714 , 155.715
0 , 0 , 155.752 , 155.752
0 , 0 , 155.788 , 155.788
0.001 , 0 , 155.826 , 155.827
0 , 0 , 155.866 , 155.866
0 , 0 , 155.902 , 155.902
0 , 0 , 155.938 , 155.938
0 , 0 , 155.976 , 155.976
0.001 , 0 , 156.014 , 156.015
0 , 0 , 156.053 , 156.053
0 , 0 , 156.09 , 156.09
0 , 0 , 156.128 , 156.128
0 , 0 , 156.166 , 156.166
0 , 0 , 156.204 , 156.204
0 , 0 , 156.242 , 156.242
0 , 0 , 156.28 , 156.28
0 , 0 , 156.318 , 156.318
0 , 0 , 156.356 , 156.356
0 , 0 , 156.394 , 156.394
0 , 0 , 156.434 , 156.434
0 , 0 , 156.471 , 156.471
0 , 0 , 156.509 , 156.509
0.001 , 0 , 156.546 , 156.547
0 , 0 , 156.584 , 156.584
0 , 0 , 156.623 , 156.623
0 , 0 , 156.662 , 156.662
0 , 0 , 156.7 , 156.7
0.001 , 0 , 156.74 , 156.741
0 , 0 , 156.778 , 156.778
0.001 , 0 , 156.818 , 156.819
0 , 0 , 156.856 , 156.856
0 , 0 , 156.896 , 156.896
0 , 0 , 156.934 , 156.934
0 , 0 , 156.972 , 156.972
0 , 0 , 157.01 , 157.01
0 , 0 , 157.052 , 157.052
0 , 0 , 157.092 , 157.092
0 , 0 , 157.132 , 157.132
0 , 0 , 157.172 , 157.172
0 , 0 , 157.212 , 157.212
0 , 0 , 157.251 , 157.251
0 , 0 , 157.291 , 157.291
0 , 0 , 157.329 , 157.329
0 , 0 , 157.37 , 157.37
0 , 0 , 157.41 , 157.41
0 , 0 , 157.45 , 157.45
0.001 , 0 , 157.49 , 157.491
0 , 0 , 157.53 , 157.53
0 , 0 , 157.57 , 157.57
0 , 0 , 157.61 , 157.61
0 , 0 , 157.65 , 157.65
0 , 0 , 157.692 , 157.692
0.001 , 0 , 157.732 , 157.733
0 , 0 , 157.772 , 157.772
0 , 0 , 157.812 , 157.812
0 , 0 , 157.854 , 157.854
0 , 0 , 157.894 , 157.894
0 , 0 , 157.935 , 157.935
0 , 0 , 157.974 , 157.974
0 , 0 , 158.016 , 158.016
0.001 , 0 , 158.056 , 158.057
0 , 0 , 158.098 , 158.098
0 , 0 , 158.138 , 158.138
0.001 , 0 , 158.178 , 158.179
0 , 0 , 158.22 , 158.22
0 , 0 , 158.259 , 158.259
0 , 0 , 158.3 , 158.3
0 , 0 , 158.343 , 158.343
0 , 0 , 158.383 , 158.383
0 , 0 , 158.424 , 158.424
0.001 , 0 , 158.464 , 158.465
0 , 0 , 158.506 , 158.506
0 , 0 , 158.547 , 158.547
0 , 0 , 158.588 , 158.588
0 , 0 , 158.629 , 158.629
0 , 0 , 158.669 , 158.669
0 , 0 , 158.712 , 158.712
0 , 0 , 158.752 , 158.752
0 , 0 , 158.794 , 158.794
0 , 0 , 158.835 , 158.835
0 , 0 , 158.878 , 158.878
0 , 0 , 158.918 , 158.918
0.001 , 0 , 158.96 , 158.961
0 , 0 , 159.002 , 159.002
0 , 0 , 159.042 , 159.042
0 , 0 , 159.085 , 159.085
0.001 , 0 , 159.126 , 159.127
0 , 0 , 159.169 , 159.169
0.001 , 0 , 159.21 , 159.211
0 , 0 , 159.252 , 159.252
0.001 , 0 , 159.294 , 159.295
0.001 , 0 , 159.336 , 159.337
0 , 0 , 159.378 , 159.378
0 , 0 , 159.419 , 159.419
0 , 0 , 159.462 , 159.462
0 , 0 , 159.505 , 159.505
0 , 0 , 159.547 , 159.547
0 , 0 , 159.588 , 159.588
0.001 , 0 , 159.63 , 159.631
0 , 0 , 159.673 , 159.673
0 , 0 , 159.716 , 159.716
0 , 0 , 159.758 , 159.758
0 , 0 , 159.8 , 159.8
0 , 0 , 159.844 , 159.844
0 , 0 , 159.886 , 159.886
0 , 0 , 159.929 , 159.929
0 , 0 , 159.972 , 159.972
0.001 , 0 , 160.014 , 160.015
0 , 0 , 160.056 , 160.056
0 , 0 , 160.099 , 160.099
0 , 0 , 160.141 , 160.141
0 , 0 , 160.182 , 160.182
0 , 0 , 160.227 , 160.227
0 , 0 , 160.27 , 160.27
0 , 0 , 160.312 , 160.312
0 , 0 , 160.355 , 160.355
0.001 , 0 , 160.396 , 160.397
0 , 0 , 160.438 , 160.438
0 , 0 , 160.482 , 160.482
0 , 0 , 160.525 , 160.525
0.001 , 0 , 160.566 , 160.567
0 , 0 , 160.611 , 160.611
0.001 , 0 , 160.656 , 160.657
0 , 0.001 , 160.7 , 160.701
0 , 0 , 160.745 , 160.745
0 , 0 , 160.79 , 160.79
0 , 0 , 160.834 , 160.834
0 , 0 , 160.878 , 160.878
0 , 0 , 160.922 , 160.922
0 , 0 , 160.967 , 160.967
0 , 0 , 161.013 , 161.013
0 , 0 , 161.058 , 161.058
0 , 0 , 161.102 , 161.102
0 , 0 , 161.147 , 161.147
0 , 0 , 161.191 , 161.191
0 , 0 , 161.236 , 161.236
0 , 0 , 161.281 , 161.281
0 , 0 , 161.327 , 161.327
0 , 0 , 161.372 , 161.372
0 , 0 , 161.418 , 161.418
0 , 0 , 161.462 , 161.462
0 , 0 , 161.508 , 161.508
0 , 0 , 161.553 , 161.553
0 , 0 , 161.6 , 161.6
0.001 , 0 , 161.644 , 161.645
0 , 0 , 161.691 , 161.691
0 , 0 , 161.735 , 161.735
0.001 , 0 , 161.78 , 161.781
0 , 0 , 161.825 , 161.825
0 , 0 , 161.871 , 161.871
0 , 0 , 161.916 , 161.916
0 , 0 , 161.961 , 161.961
0 , 0 , 162.008 , 162.008
0 , 0 , 162.054 , 162.054
0 , 0 , 162.098 , 162.098
0 , 0 , 162.144 , 162.144
0 , 0 , 162.189 , 162.189
0 , 0 , 162.236 , 162.236
0 , 0 , 162.282 , 162.282
0 , 0 , 162.328 , 162.328
0 , 0 , 162.374 , 162.374
0 , 0 , 162.419 , 162.419
0 , 0.001 , 162.464 , 162.465
0 , 0.001 , 162.51 , 162.511
0.001 , 0 , 162.556 , 162.557
0 , 0 , 162.603 , 162.603
0 , 0 , 162.65 , 162.65
0 , 0 , 162.696 , 162.696
0.001 , 0 , 162.742 , 162.743
0 , 0 , 162.789 , 162.789
0 , 0 , 162.836 , 162.836
0 , 0 , 162.882 , 162.882
0 , 0 , 162.928 , 162.928
0 , 0 , 162.975 , 162.975
0 , 0 , 163.02 , 163.02
0 , 0 , 163.065 , 163.065
0.001 , 0 , 163.11 , 163.111
0 , 0 , 163.157 , 163.157
0.001 , 0 , 163.202 , 163.203
0 , 0 , 163.248 , 163.248
0 , 0 , 163.296 , 163.296
0 , 0 , 163.341 , 163.341
0 , 0 , 163.388 , 163.388
0 , 0 , 163.434 , 163.434
0 , 0 , 163.48 , 163.48
0 , 0 , 163.526 , 163.526
0 , 0 , 163.572 , 163.572
0 , 0 , 163.618 , 163.618
0 , 0 , 163.663 , 163.663
0 , 0 , 163.711 , 163.711
0 , 0 , 163.758 , 163.758
0 , 0 , 163.804 , 163.804
0 , 0 , 163.85 , 163.85
0 , 0 , 163.899 , 163.899
0.001 , 0 , 163.944 , 163.945
0 , 0 , 163.99 , 163.99
0.001 , 0 , 164.036 , 164.037
0 , 0 , 164.084 , 164.084
0 , 0 , 164.129 , 164.129
0 , 0 , 164.178 , 164.178
0 , 0 , 164.225 , 164.225
0 , 0 , 164.272 , 164.272
0 , 0 , 164.318 , 164.318
0 , 0 , 164.374 , 164.374
0 , 0 , 164.42 , 164.42
0 , 0 , 164.467 , 164.467
0 , 0 , 164.514 , 164.514
0.001 , 0 , 164.56 , 164.561
0 , 0 , 164.608 , 164.608
0 , 0 , 164.654 , 164.654
0 , 0 , 164.702 , 164.702
0 , 0 , 164.748 , 164.748
0 , 0 , 164.796 , 164.796
0 , 0 , 164.845 , 164.845
0 , 0 , 164.893 , 164.893
0 , 0 , 164.94 , 164.94
0 , 0 , 164.988 , 164.988
0 , 0 , 165.036 , 165.036
0 , 0 , 165.086 , 165.086
0 , 0 , 165.133 , 165.133
0 , 0 , 165.182 , 165.182
0 , 0 , 165.23 , 165.23
0 , 0 , 165.278 , 165.278
0 , 0 , 165.325 , 165.325
0 , 0 , 165.373 , 165.373
0 , 0 , 165.421 , 165.421
0 , 0 , 165.47 , 165.47
0 , 0 , 165.516 , 165.516
0.001 , 0 , 165.566 , 165.567
0 , 0 , 165.615 , 165.615
0 , 0 , 165.663 , 165.663
0 , 0 , 165.712 , 165.712
0 , 0 , 165.758 , 165.758
0 , 0 , 165.808 , 165.808
0 , 0 , 165.858 , 165.858
0 , 0 , 165.907 , 165.907
0 , 0 , 165.956 , 165.956
0 , 0 , 166.006 , 166.006
0 , 0 , 166.053 , 166.053
0 , 0 , 166.101 , 166.101
0 , 0 , 166.149 , 166.149
0 , 0.001 , 166.198 , 166.199
0.001 , 0 , 166.246 , 166.247
0 , 0 , 166.294 , 166.294
0 , 0 , 166.342 , 166.342
0 , 0 , 166.393 , 166.393
0 , 0 , 166.442 , 166.442
0.001 , 0 , 166.49 , 166.491
0 , 0 , 166.538 , 166.538
0 , 0 , 166.588 , 166.589
0 , 0 , 166.636 , 166.636
0 , 0 , 166.685 , 166.685
0 , 0 , 166.734 , 166.734
0 , 0 , 166.783 , 166.783
0 , 0 , 166.834 , 166.834
0 , 0 , 166.884 , 166.884
0 , 0.001 , 166.932 , 166.933
0 , 0 , 166.982 , 166.982
0 , 0 , 167.032 , 167.032
0.001 , 0 , 167.08 , 167.081
0 , 0 , 167.13 , 167.13
0.001 , 0 , 167.18 , 167.181
0 , 0 , 167.23 , 167.23
0 , 0 , 167.28 , 167.28
0 , 0 , 167.331 , 167.331
0 , 0 , 167.383 , 167.383
0 , 0 , 167.433 , 167.433
0 , 0 , 167.484 , 167.484
0 , 0 , 167.534 , 167.534
0 , 0 , 167.586 , 167.586
0.001 , 0 , 167.636 , 167.637
0.001 , 0 , 167.688 , 167.689
0 , 0 , 167.74 , 167.74
0 , 0 , 167.792 , 167.792
0 , 0 , 167.843 , 167.843
0 , 0 , 167.894 , 167.894
0 , 0 , 167.944 , 167.944
0 , 0 , 167.995 , 167.995
0 , 0 , 168.045 , 168.045
0.001 , 0 , 168.096 , 168.097
0 , 0 , 168.168 , 168.168
0 , 0 , 168.238 , 168.238
0 , 0 , 168.288 , 168.288
0 , 0 , 168.34 , 168.34
0 , 0 , 168.39 , 168.39
0 , 0 , 168.442 , 168.442
0 , 0.001 , 168.492 , 168.493
0.001 , 0 , 168.544 , 168.545
0 , 0 , 168.596 , 168.596
0 , 0 , 168.647 , 168.647
0 , 0 , 168.698 , 168.698
0 , 0 , 168.749 , 168.749
0 , 0 , 168.803 , 168.803
0 , 0 , 168.855 , 168.855
0 , 0 , 168.906 , 168.906
0 , 0 , 168.957 , 168.957
0 , 0 , 169.009 , 169.009
0 , 0 , 169.061 , 169.061
0 , 0 , 169.112 , 169.112
0 , 0 , 169.164 , 169.164
0 , 0 , 169.216 , 169.216
0 , 0 , 169.267 , 169.267
0 , 0 , 169.319 , 169.319
0 , 0 , 169.372 , 169.372
0 , 0 , 169.424 , 169.424
0 , 0 , 169.476 , 169.476
0 , 0 , 169.528 , 169.528
0 , 0 , 169.582 , 169.582
0.001 , 0 , 169.632 , 169.633
0 , 0 , 169.686 , 169.686
0 , 0 , 169.738 , 169.738
0 , 0 , 169.792 , 169.792
0 , 0 , 169.843 , 169.843
0.001 , 0 , 169.896 , 169.897
0 , 0 , 169.948 , 169.948
0 , 0 , 170.004 , 170.004
0 , 0 , 170.055 , 170.055
0 , 0 , 170.108 , 170.108
0 , 0 , 170.16 , 170.16
0 , 0 , 170.213 , 170.213
0 , 0 , 170.264 , 170.264
0 , 0 , 170.317 , 170.317
0 , 0 , 170.371 , 170.371
0 , 0 , 170.423 , 170.423
0.001 , 0 , 170.476 , 170.477
0 , 0 , 170.53 , 170.53
0 , 0 , 170.584 , 170.584
0.001 , 0 , 170.636 , 170.637
0 , 0 , 170.689 , 170.689
0 , 0 , 170.743 , 170.743
0 , 0 , 170.798 , 170.798
0 , 0 , 170.853 , 170.853
0.001 , 0 , 170.904 , 170.905
0 , 0 , 170.958 , 170.958
0 , 0 , 171.012 , 171.012
0 , 0 , 171.068 , 171.068
0 , 0 , 171.12 , 171.12
0 , 0 , 171.173 , 171.173
0 , 0 , 171.227 , 171.227
0.001 , 0 , 171.28 , 171.281
0 , 0 , 171.333 , 171.333
0 , 0 , 171.388 , 171.388
0 , 0 , 171.442 , 171.442
0 , 0 , 171.495 , 171.495
0 , 0.001 , 171.548 , 171.549
0 , 0 , 171.605 , 171.605
0 , 0 , 171.658 , 171.658
0 , 0 , 171.712 , 171.712
0.001 , 0 , 171.766 , 171.767
0 , 0 , 171.823 , 171.823
0 , 0 , 171.877 , 171.877
0 , 0 , 171.932 , 171.932
0 , 0.001 , 171.984 , 171.985
0.001 , 0 , 172.036 , 172.037
0 , 0 , 172.092 , 172.092
0 , 0 , 172.144 , 172.144
0 , 0 , 172.2 , 172.2
0 , 0 , 172.254 , 172.254
0 , 0 , 172.309 , 172.309
0 , 0 , 172.362 , 172.362
0 , 0 , 172.416 , 172.416
0 , 0 , 172.472 , 172.472
0 , 0 , 172.526 , 172.526
0 , 0 , 172.582 , 172.582
0 , 0 , 172.636 , 172.636
0 , 0 , 172.691 , 172.691
0 , 0 , 172.746 , 172.746
0 , 0 , 172.802 , 172.802
0 , 0 , 172.858 , 172.858
0 , 0 , 172.913 , 172.913
0 , 0 , 172.966 , 172.966
0 , 0 , 173.022 , 173.022
0 , 0 , 173.078 , 173.078
0 , 0 , 173.134 , 173.134
0.001 , 0 , 173.188 , 173.189
0 , 0 , 173.246 , 173.246
0 , 0 , 173.301 , 173.301
Total CPU = 179906.787Total CPU = 0Total CPU = 0