#Qurey Time, Memory allocation , I/O Time , Total
0 , 0 , 0 , 0
0.31551 , 0 , 315.51 , 315.82551
0.31551 , 0 , 315.51 , 315.82551
0.31551 , 0 , 315.51 , 315.82551
0.31551 , 0 , 315.51 , 315.82551
0.31551 , 0 , 315.51 , 315.82551
0.31551 , 0 , 315.51 , 315.82551
0.31551 , 0 , 315.51 , 315.82551
0.31551 , 0 , 315.51 , 315.82551
0.31551 , 0 , 315.51 , 315.82551
0.31551 , 0 , 315.51 , 315.82551
0.31551 , 0 , 315.51 , 315.82551
0.31551 , 0 , 315.51 , 315.82551
0.31551 , 0 , 315.51 , 315.82551
0.31551 , 0 , 315.51 , 315.82551
0.31551 , 0 , 315.51 , 315.82551
0.31551 , 0 , 315.51 , 315.82551
0.31551 , 0 , 315.51 , 315.82551
0.31551 , 0 , 315.51 , 315.82551
0.31551 , 0 , 315.51 , 315.82551
0.31551 , 0 , 315.51 , 315.82551
0.31551 , 0 , 315.51 , 315.82551
0.31551 , 0 , 315.51 , 315.82551
0.31551 , 0 , 315.51 , 315.82551
0.31551 , 0 , 315.51 , 315.82551
0.31551 , 0 , 315.51 , 315.82551
0.31551 , 0 , 315.51 , 315.82551
0.31551 , 0 , 315.51 , 315.82551
0.31551 , 0 , 315.51 , 315.82551
0.31551 , 0 , 315.51 , 315.82551
0.31551 , 0 , 315.51 , 315.82551
0.31551 , 0 , 315.51 , 315.82551
0.31551 , 0 , 315.51 , 315.82551
0.31551 , 0 , 315.51 , 315.82551
0.31551 , 0 , 315.51 , 315.82551
0.31551 , 0 , 315.51 , 315.82551
0.31551 , 0 , 315.51 , 315.82551
0.31551 , 0 , 315.51 , 315.82551
0.31551 , 0 , 315.51 , 315.82551
0.31551 , 0 , 315.51 , 315.82551
0.31551 , 0 , 315.51 , 315.82551
0.31551 , 0 , 315.51 , 315.82551
0.31551 , 0 , 315.51 , 315.82551
0.31551 , 0 , 315.51 , 315.82551
0.31551 , 0 , 315.51 , 315.82551
0.31551 , 0 , 315.51 , 315.82551
0.31551 , 0 , 315.51 , 315.82551
0.31551 , 0 , 315.51 , 315.82551
0.31551 , 0 , 315.51 , 315.82551
0.31551 , 0 , 315.51 , 315.82551
0.31551 , 0 , 315.51 , 315.82551
0.31551 , 0 , 315.51 , 315.82551
0.31551 , 0 , 315.51 , 315.82551
0.31551 , 0 , 315.51 , 315.82551
0.31551 , 0 , 315.51 , 315.82551
0.31551 , 0 , 315.51 , 315.82551
0.31551 , 0 , 315.51 , 315.82551
0.31551 , 0 , 315.51 , 315.82551
0.31551 , 0 , 315.51 , 315.82551
0.31551 , 0 , 315.51 , 315.82551
0.31551 , 0 , 315.51 , 315.82551
0.31551 , 0 , 315.51 , 315.82551
0.31551 , 0 , 315.51 , 315.82551
0.31551 , 0 , 315.51 , 315.82551
0.31551 , 0 , 315.51 , 315.82551
0.31551 , 0 , 315.51 , 315.82551
0.31551 , 0 , 315.51 , 315.82551
0.31551 , 0 , 315.51 , 315.82551
0.315525 , 0 , 315.525 , 315.840525
0.31554 , 0 , 315.54 , 315.85554
0.31554 , 0 , 315.54 , 315.85554
0.31554 , 0 , 315.54 , 315.85554
0.315542 , 0 , 315.542 , 315.857542
0.315542 , 0 , 315.542 , 315.857542
0.315542 , 0 , 315.542 , 315.857542
0.315542 , 0 , 315.542 , 315.857542
0.315542 , 0 , 315.542 , 315.857542
0.315542 , 0 , 315.542 , 315.857542
0.315543 , 0 , 315.543 , 315.858543
0.315544 , 0 , 315.544 , 315.859544
0.315544 , 0 , 315.544 , 315.859544
0.315544 , 0 , 315.544 , 315.859544
0.315544 , 0 , 315.544 , 315.859544
0.315544 , 0 , 315.544 , 315.859544
0.315544 , 0 , 315.544 , 315.859544
0.315544 , 0 , 315.544 , 315.859544
0.315546 , 0 , 315.546 , 315.861546
0.315546 , 0 , 315.546 , 315.861546
0.315546 , 0 , 315.546 , 315.861546
0.315546 , 0 , 315.546 , 315.861546
0.315546 , 0 , 315.546 , 315.861546
0.315546 , 0 , 315.546 , 315.861546
0.315546 , 0 , 315.546 , 315.861546
0.315548 , 0 , 315.548 , 315.863548
0.315548 , 0 , 315.548 , 315.863548
0.315548 , 0 , 315.548 , 315.863548
0.315548 , 0 , 315.548 , 315.863548
0.315548 , 0 , 315.548 , 315.863548
0.315548 , 0 , 315.548 , 315.863548
0.315548 , 0 , 315.548 , 315.863548
0.31555 , 0 , 315.55 , 315.86555
0.31555 , 0 , 315.55 , 315.86555
0.31555 , 0 , 315.55 , 315.86555
0.31555 , 0 , 315.55 , 315.86555
0.31555 , 0 , 315.55 , 315.86555
0.31555 , 0 , 315.55 , 315.86555
0.315552 , 0 , 315.552 , 315.867552
0.315552 , 0 , 315.552 , 315.867552
0.315552 , 0 , 315.552 , 315.867552
0.315552 , 0 , 315.552 , 315.867552
0.315552 , 0 , 315.552 , 315.867552
0.315552 , 0 , 315.552 , 315.867552
0.315552 , 0 , 315.552 , 315.867552
0.315554 , 0 , 315.554 , 315.869554
0.315554 , 0 , 315.554 , 315.869554
0.315554 , 0 , 315.554 , 315.869554
0.315554 , 0 , 315.554 , 315.869554
0.315554 , 0 , 315.554 , 315.869554
0.315554 , 0 , 315.554 , 315.869554
0.315554 , 0 , 315.554 , 315.869554
0.315554 , 0 , 315.554 , 315.869554
0.315554 , 0 , 315.554 , 315.869554
0.315554 , 0 , 315.554 , 315.869554
0.315554 , 0 , 315.554 , 315.869554
0.315554 , 0 , 315.554 , 315.869554
0.315554 , 0 , 315.554 , 315.869554
0.315554 , 0 , 315.554 , 315.869554
0.315554 , 0 , 315.554 , 315.869554
0.315554 , 0 , 315.554 , 315.869554
0.315554 , 0 , 315.554 , 315.869554
0.315554 , 0 , 315.554 , 315.869554
0.315554 , 0 , 315.554 , 315.869554
0.315554 , 0 , 315.554 , 315.869554
0.315554 , 0 , 315.554 , 315.869554
0.315554 , 0 , 315.554 , 315.869554
0.315554 , 0 , 315.554 , 315.869554
0.315554 , 0 , 315.554 , 315.869554
0.315554 , 0 , 315.554 , 315.869554
0.315554 , 0 , 315.554 , 315.869554
0.315554 , 0 , 315.554 , 315.869554
0.315554 , 0 , 315.554 , 315.869554
0.315554 , 0 , 315.554 , 315.869554
0.315554 , 0 , 315.554 , 315.869554
0.315554 , 0 , 315.554 , 315.869554
0.315554 , 0 , 315.554 , 315.869554
0.315554 , 0 , 315.554 , 315.869554
0.315554 , 0 , 315.554 , 315.869554
0.315554 , 0 , 315.554 , 315.869554
0.315554 , 0 , 315.554 , 315.869554
0.315554 , 0 , 315.554 , 315.869554
0.315554 , 0 , 315.554 , 315.869554
0.315554 , 0 , 315.554 , 315.869554
0.315554 , 0 , 315.554 , 315.869554
0.315554 , 0 , 315.554 , 315.869554
0.315554 , 0 , 315.554 , 315.869554
0.315554 , 0 , 315.554 , 315.869554
0.315554 , 0 , 315.554 , 315.869554
0.315554 , 0 , 315.554 , 315.869554
0.315554 , 0 , 315.554 , 315.869554
0.315554 , 0 , 315.554 , 315.869554
0.315554 , 0 , 315.554 , 315.869554
0.315554 , 0 , 315.554 , 315.869554
0.315554 , 0 , 315.554 , 315.869554
0.315554 , 0 , 315.554 , 315.869554
0.315554 , 0 , 315.554 , 315.869554
0.315554 , 0 , 315.554 , 315.869554
0.315554 , 0 , 315.554 , 315.869554
0.315554 , 0 , 315.554 , 315.869554
0.315554 , 0 , 315.554 , 315.869554
0.315554 , 0 , 315.554 , 315.869554
0.315554 , 0 , 315.554 , 315.869554
0.315554 , 0 , 315.554 , 315.869554
0.315554 , 0 , 315.554 , 315.869554
0.315554 , 0 , 315.554 , 315.869554
0.315554 , 0 , 315.554 , 315.869554
0.315554 , 0 , 315.554 , 315.869554
0.315554 , 0 , 315.554 , 315.869554
0.315554 , 0 , 315.554 , 315.869554
0.315554 , 0 , 315.554 , 315.869554
0.315554 , 0 , 315.554 , 315.869554
0.315554 , 0 , 315.554 , 315.869554
0.315554 , 0 , 315.554 , 315.869554
0.315554 , 0 , 315.554 , 315.869554
0.315554 , 0 , 315.554 , 315.869554
0.315554 , 0 , 315.554 , 315.869554
0.315554 , 0 , 315.554 , 315.869554
0.315554 , 0 , 315.554 , 315.869554
0.315554 , 0 , 315.554 , 315.869554
0.315554 , 0 , 315.554 , 315.869554
0.315554 , 0 , 315.554 , 315.869554
0.315554 , 0 , 315.554 , 315.869554
0.315554 , 0 , 315.554 , 315.869554
0.315554 , 0 , 315.554 , 315.869554
0.315554 , 0 , 315.554 , 315.869554
0.315554 , 0 , 315.554 , 315.869554
0.315554 , 0 , 315.554 , 315.869554
0.315554 , 0 , 315.554 , 315.869554
0.315554 , 0 , 315.554 , 315.869554
0.315554 , 0 , 315.554 , 315.869554
0.315554 , 0 , 315.554 , 315.869554
0.315554 , 0 , 315.554 , 315.869554
0.315554 , 0 , 315.554 , 315.869554
0.315554 , 0 , 315.554 , 315.869554
0.315554 , 0 , 315.554 , 315.869554
0.315554 , 0 , 315.554 , 315.869554
0.315554 , 0 , 315.554 , 315.869554
0.315554 , 0 , 315.554 , 315.869554
0.315554 , 0 , 315.554 , 315.869554
0.315554 , 0 , 315.554 , 315.869554
0.315554 , 0 , 315.554 , 315.869554
0.315554 , 0 , 315.554 , 315.869554
0.315554 , 0 , 315.554 , 315.869554
0.315554 , 0 , 315.554 , 315.869554
0.315554 , 0 , 315.554 , 315.869554
0.315554 , 0 , 315.554 , 315.869554
0.315554 , 0 , 315.554 , 315.869554
0.315554 , 0 , 315.554 , 315.869554
0.315554 , 0 , 315.554 , 315.869554
0.31557 , 0 , 315.57 , 315.88557
0.315586 , 0 , 315.586 , 315.901586
0.315586 , 0 , 315.586 , 315.901586
0.315586 , 0 , 315.586 , 315.901586
0.315586 , 0 , 315.586 , 315.901586
0.315586 , 0 , 315.586 , 315.901586
0.315586 , 0 , 315.586 , 315.901586
0.315586 , 0 , 315.586 , 315.901586
0.315586 , 0 , 315.586 , 315.901586
0.315586 , 0 , 315.586 , 315.901586
0.315586 , 0 , 315.586 , 315.901586
0.315586 , 0 , 315.586 , 315.901586
0.315586 , 0 , 315.586 , 315.901586
0.315586 , 0 , 315.586 , 315.901586
0.315586 , 0 , 315.586 , 315.901586
0.315586 , 0 , 315.586 , 315.901586
0.315586 , 0 , 315.586 , 315.901586
0.315586 , 0 , 315.586 , 315.901586
0.315586 , 0 , 315.586 , 315.901586
0.315586 , 0 , 315.586 , 315.901586
0.315586 , 0 , 315.586 , 315.901586
0.315586 , 0 , 315.586 , 315.901586
0.315586 , 0 , 315.586 , 315.901586
0.315586 , 0 , 315.586 , 315.901586
0.315586 , 0 , 315.586 , 315.901586
0.315586 , 0 , 315.586 , 315.901586
0.315586 , 0 , 315.586 , 315.901586
0.315586 , 0 , 315.586 , 315.901586
0.315586 , 0 , 315.586 , 315.901586
0.315586 , 0 , 315.586 , 315.901586
0.315586 , 0 , 315.586 , 315.901586
0.315586 , 0 , 315.586 , 315.901586
0.315586 , 0 , 315.586 , 315.901586
0.315586 , 0 , 315.586 , 315.901586
0.315586 , 0 , 315.586 , 315.901586
0.315586 , 0 , 315.586 , 315.901586
0.315586 , 0 , 315.586 , 315.901586
0.315586 , 0 , 315.586 , 315.901586
0.315586 , 0 , 315.586 , 315.901586
0.315586 , 0 , 315.586 , 315.901586
0.315586 , 0 , 315.586 , 315.901586
0.315586 , 0 , 315.586 , 315.901586
0.315586 , 0 , 315.586 , 315.901586
0.315586 , 0 , 315.586 , 315.901586
0.315586 , 0 , 315.586 , 315.901586
0.315586 , 0 , 315.586 , 315.901586
0.315586 , 0 , 315.586 , 315.901586
0.315586 , 0 , 315.586 , 315.901586
0.315586 , 0 , 315.586 , 315.901586
0.315586 , 0 , 315.586 , 315.901586
0.315586 , 0 , 315.586 , 315.901586
0.315586 , 0 , 315.586 , 315.901586
0.315586 , 0 , 315.586 , 315.901586
0.315586 , 0 , 315.586 , 315.901586
0.315586 , 0 , 315.586 , 315.901586
0.315586 , 0 , 315.586 , 315.901586
0.315586 , 0 , 315.586 , 315.901586
0.315586 , 0 , 315.586 , 315.901586
0.315586 , 0 , 315.586 , 315.901586
0.315586 , 0 , 315.586 , 315.901586
0.315586 , 0 , 315.586 , 315.901586
0.315586 , 0 , 315.586 , 315.901586
0.315586 , 0 , 315.586 , 315.901586
0.315586 , 0 , 315.586 , 315.901586
0.315586 , 0 , 315.586 , 315.901586
0.315586 , 0 , 315.586 , 315.901586
0.315586 , 0 , 315.586 , 315.901586
0.315586 , 0 , 315.586 , 315.901586
0.315586 , 0 , 315.586 , 315.901586
0.315586 , 0 , 315.586 , 315.901586
0.315586 , 0 , 315.586 , 315.901586
0.315586 , 0 , 315.586 , 315.901586
0.315586 , 0 , 315.586 , 315.901586
0.315586 , 0 , 315.586 , 315.901586
0.315586 , 0 , 315.586 , 315.901586
0.315586 , 0 , 315.586 , 315.901586
0.315586 , 0 , 315.586 , 315.901586
0.315586 , 0 , 315.586 , 315.901586
0.315586 , 0 , 315.586 , 315.901586
0.315586 , 0 , 315.586 , 315.901586
0.315586 , 0 , 315.586 , 315.901586
0.315586 , 0 , 315.586 , 315.901586
0.315586 , 0 , 315.586 , 315.901586
0.315586 , 0 , 315.586 , 315.901586
0.315586 , 0 , 315.586 , 315.901586
0.315586 , 0 , 315.586 , 315.901586
0.315586 , 0 , 315.586 , 315.901586
0.315586 , 0 , 315.586 , 315.901586
0.315586 , 0 , 315.586 , 315.901586
0.315586 , 0 , 315.586 , 315.901586
0.315586 , 0 , 315.586 , 315.901586
0.315586 , 0 , 315.586 , 315.901586
0.315586 , 0 , 315.586 , 315.901586
0.315586 , 0 , 315.586 , 315.901586
0.315586 , 0 , 315.586 , 315.901586
0.315586 , 0 , 315.586 , 315.901586
0.315586 , 0 , 315.586 , 315.901586
0.315586 , 0 , 315.586 , 315.901586
0.315586 , 0 , 315.586 , 315.901586
0.315586 , 0 , 315.586 , 315.901586
0.315586 , 0 , 315.586 , 315.901586
0.315586 , 0 , 315.586 , 315.901586
0.315586 , 0 , 315.586 , 315.901586
0.315586 , 0 , 315.586 , 315.901586
0.315586 , 0 , 315.586 , 315.901586
0.315586 , 0 , 315.586 , 315.901586
0.315586 , 0 , 315.586 , 315.901586
0.315586 , 0 , 315.586 , 315.901586
0.315586 , 0 , 315.586 , 315.901586
0.315586 , 0 , 315.586 , 315.901586
0.315586 , 0 , 315.586 , 315.901586
0.315586 , 0 , 315.586 , 315.901586
0.315586 , 0 , 315.586 , 315.901586
0.315616 , 0 , 315.616 , 315.931616
0.315616 , 0 , 315.616 , 315.931616
0.315616 , 0 , 315.616 , 315.931616
0.315616 , 0 , 315.616 , 315.931616
0.315616 , 0 , 315.616 , 315.931616
0.315616 , 0 , 315.616 , 315.931616
0.315616 , 0 , 315.616 , 315.931616
0.315616 , 0 , 315.616 , 315.931616
0.315616 , 0 , 315.616 , 315.931616
0.315616 , 0 , 315.616 , 315.931616
0.315616 , 0 , 315.616 , 315.931616
0.315616 , 0 , 315.616 , 315.931616
0.315616 , 0 , 315.616 , 315.931616
0.315616 , 0 , 315.616 , 315.931616
0.315616 , 0 , 315.616 , 315.931616
0.315616 , 0 , 315.616 , 315.931616
0.315616 , 0 , 315.616 , 315.931616
0.315616 , 0 , 315.616 , 315.931616
0.315616 , 0 , 315.616 , 315.931616
0.315616 , 0 , 315.616 , 315.931616
0.315616 , 0 , 315.616 , 315.931616
0.315616 , 0 , 315.616 , 315.931616
0.315616 , 0 , 315.616 , 315.931616
0.315616 , 0 , 315.616 , 315.931616
0.315616 , 0 , 315.616 , 315.931616
0.315616 , 0 , 315.616 , 315.931616
0.315616 , 0 , 315.616 , 315.931616
0.315616 , 0 , 315.616 , 315.931616
0.315616 , 0 , 315.616 , 315.931616
0.315616 , 0 , 315.616 , 315.931616
0.315616 , 0 , 315.616 , 315.931616
0.315616 , 0 , 315.616 , 315.931616
0.315616 , 0 , 315.616 , 315.931616
0.315616 , 0 , 315.616 , 315.931616
0.315616 , 0 , 315.616 , 315.931616
0.315616 , 0 , 315.616 , 315.931616
0.315616 , 0 , 315.616 , 315.931616
0.315616 , 0 , 315.616 , 315.931616
0.315616 , 0 , 315.616 , 315.931616
0.315616 , 0 , 315.616 , 315.931616
0.315616 , 0 , 315.616 , 315.931616
0.315616 , 0 , 315.616 , 315.931616
0.315616 , 0 , 315.616 , 315.931616
0.315616 , 0 , 315.616 , 315.931616
0.315616 , 0 , 315.616 , 315.931616
0.315616 , 0 , 315.616 , 315.931616
0.315616 , 0 , 315.616 , 315.931616
0.315616 , 0 , 315.616 , 315.931616
0.315616 , 0 , 315.616 , 315.931616
0.315616 , 0 , 315.616 , 315.931616
0.315616 , 0 , 315.616 , 315.931616
0.315616 , 0 , 315.616 , 315.931616
0.315616 , 0 , 315.616 , 315.931616
0.315616 , 0 , 315.616 , 315.931616
0.315616 , 0 , 315.616 , 315.931616
0.315616 , 0 , 315.616 , 315.931616
0.315616 , 0 , 315.616 , 315.931616
0.315616 , 0 , 315.616 , 315.931616
0.315616 , 0 , 315.616 , 315.931616
0.315616 , 0 , 315.616 , 315.931616
0.315616 , 0 , 315.616 , 315.931616
0.315616 , 0 , 315.616 , 315.931616
0.315616 , 0 , 315.616 , 315.931616
0.315616 , 0 , 315.616 , 315.931616
0.315616 , 0 , 315.616 , 315.931616
0.315616 , 0 , 315.616 , 315.931616
0.315616 , 0 , 315.616 , 315.931616
0.315616 , 0 , 315.616 , 315.931616
0.315616 , 0 , 315.616 , 315.931616
0.315616 , 0 , 315.616 , 315.931616
0.315616 , 0 , 315.616 , 315.931616
0.315616 , 0 , 315.616 , 315.931616
0.315616 , 0 , 315.616 , 315.931616
0.315616 , 0 , 315.616 , 315.931616
0.315616 , 0 , 315.616 , 315.931616
0.315616 , 0 , 315.616 , 315.931616
0.315616 , 0 , 315.616 , 315.931616
0.315616 , 0 , 315.616 , 315.931616
0.315616 , 0 , 315.616 , 315.931616
0.315616 , 0 , 315.616 , 315.931616
0.315616 , 0 , 315.616 , 315.931616
0.315616 , 0 , 315.616 , 315.931616
0.315616 , 0 , 315.616 , 315.931616
0.315616 , 0 , 315.616 , 315.931616
0.315616 , 0 , 315.616 , 315.931616
0.315616 , 0 , 315.616 , 315.931616
0.315616 , 0 , 315.616 , 315.931616
0.315616 , 0 , 315.616 , 315.931616
0.315616 , 0 , 315.616 , 315.931616
0.315616 , 0 , 315.616 , 315.931616
0.315616 , 0 , 315.616 , 315.931616
0.315616 , 0 , 315.616 , 315.931616
0.315616 , 0 , 315.616 , 315.931616
0.315616 , 0 , 315.616 , 315.931616
0.315616 , 0 , 315.616 , 315.931616
0.315616 , 0 , 315.616 , 315.931616
0.315616 , 0 , 315.616 , 315.931616
0.315616 , 0 , 315.616 , 315.931616
0.315616 , 0 , 315.616 , 315.931616
0.315616 , 0 , 315.616 , 315.931616
0.315616 , 0 , 315.616 , 315.931616
0.315616 , 0 , 315.616 , 315.931616
0.315616 , 0 , 315.616 , 315.931616
0.315616 , 0 , 315.616 , 315.931616
0.315616 , 0 , 315.616 , 315.931616
0.315616 , 0 , 315.616 , 315.931616
0.315616 , 0 , 315.616 , 315.931616
0.315616 , 0 , 315.616 , 315.931616
0.315616 , 0 , 315.616 , 315.931616
0.315616 , 0 , 315.616 , 315.931616
0.315616 , 0 , 315.616 , 315.931616
0.315616 , 0 , 315.616 , 315.931616
0.315616 , 0 , 315.616 , 315.931616
0.315616 , 0 , 315.616 , 315.931616
0.315616 , 0 , 315.616 , 315.931616
0.315616 , 0 , 315.616 , 315.931616
0.315616 , 0 , 315.616 , 315.931616
0.315616 , 0 , 315.616 , 315.931616
0.315616 , 0 , 315.616 , 315.931616
0.315632 , 0 , 315.632 , 315.947632
0.315648 , 0 , 315.648 , 315.963648
0.315648 , 0 , 315.648 , 315.963648
0.315648 , 0 , 315.648 , 315.963648
0.315648 , 0 , 315.648 , 315.963648
0.315648 , 0 , 315.648 , 315.963648
0.315648 , 0 , 315.648 , 315.963648
0.315648 , 0 , 315.648 , 315.963648
0.315648 , 0 , 315.648 , 315.963648
0.315648 , 0 , 315.648 , 315.963648
0.315648 , 0 , 315.648 , 315.963648
0.315648 , 0 , 315.648 , 315.963648
0.315648 , 0 , 315.648 , 315.963648
0.315648 , 0 , 315.648 , 315.963648
0.315648 , 0 , 315.648 , 315.963648
0.315648 , 0 , 315.648 , 315.963648
0.315648 , 0 , 315.648 , 315.963648
0.315648 , 0 , 315.648 , 315.963648
0.315648 , 0 , 315.648 , 315.963648
0.315648 , 0 , 315.648 , 315.963648
0.315648 , 0 , 315.648 , 315.963648
0.315648 , 0 , 315.648 , 315.963648
0.315648 , 0 , 315.648 , 315.963648
0.315648 , 0 , 315.648 , 315.963648
0.315648 , 0 , 315.648 , 315.963648
0.315648 , 0 , 315.648 , 315.963648
0.315648 , 0 , 315.648 , 315.963648
0.315648 , 0 , 315.648 , 315.963648
0.315648 , 0 , 315.648 , 315.963648
0.315648 , 0 , 315.648 , 315.963648
0.315648 , 0 , 315.648 , 315.963648
0.315648 , 0 , 315.648 , 315.963648
0.315648 , 0 , 315.648 , 315.963648
0.315648 , 0 , 315.648 , 315.963648
0.315648 , 0 , 315.648 , 315.963648
0.315648 , 0 , 315.648 , 315.963648
0.315648 , 0 , 315.648 , 315.963648
0.315648 , 0 , 315.648 , 315.963648
0.315648 , 0 , 315.648 , 315.963648
0.315648 , 0 , 315.648 , 315.963648
0.315648 , 0 , 315.648 , 315.963648
0.315648 , 0 , 315.648 , 315.963648
0.315648 , 0 , 315.648 , 315.963648
0.315648 , 0 , 315.648 , 315.963648
0.315648 , 0 , 315.648 , 315.963648
0.315648 , 0 , 315.648 , 315.963648
0.315648 , 0 , 315.648 , 315.963648
0.315648 , 0 , 315.648 , 315.963648
0.315648 , 0 , 315.648 , 315.963648
0.315648 , 0 , 315.648 , 315.963648
0.315648 , 0 , 315.648 , 315.963648
0.315648 , 0 , 315.648 , 315.963648
0.315648 , 0 , 315.648 , 315.963648
0.315648 , 0 , 315.648 , 315.963648
0.315648 , 0 , 315.648 , 315.963648
0.315648 , 0 , 315.648 , 315.963648
0.315648 , 0 , 315.648 , 315.963648
0.315648 , 0 , 315.648 , 315.963648
0.315648 , 0 , 315.648 , 315.963648
0.315648 , 0 , 315.648 , 315.963648
0.315648 , 0 , 315.648 , 315.963648
0.315648 , 0 , 315.648 , 315.963648
0.315648 , 0 , 315.648 , 315.963648
0.315648 , 0 , 315.648 , 315.963648
0.315648 , 0 , 315.648 , 315.963648
0.315648 , 0 , 315.648 , 315.963648
0.315648 , 0 , 315.648 , 315.963648
0.315648 , 0 , 315.648 , 315.963648
0.315648 , 0 , 315.648 , 315.963648
0.315648 , 0 , 315.648 , 315.963648
0.315648 , 0 , 315.648 , 315.963648
0.315648 , 0 , 315.648 , 315.963648
0.315648 , 0 , 315.648 , 315.963648
0.315648 , 0 , 315.648 , 315.963648
0.315648 , 0 , 315.648 , 315.963648
0.315648 , 0 , 315.648 , 315.963648
0.315648 , 0 , 315.648 , 315.963648
0.315648 , 0 , 315.648 , 315.963648
0.315648 , 0 , 315.648 , 315.963648
0.315648 , 0 , 315.648 , 315.963648
0.315648 , 0 , 315.648 , 315.963648
0.315648 , 0 , 315.648 , 315.963648
0.315648 , 0 , 315.648 , 315.963648
0.315648 , 0 , 315.648 , 315.963648
0.315648 , 0 , 315.648 , 315.963648
0.315648 , 0 , 315.648 , 315.963648
0.315648 , 0 , 315.648 , 315.963648
0.315648 , 0 , 315.648 , 315.963648
0.315648 , 0 , 315.648 , 315.963648
0.315648 , 0 , 315.648 , 315.963648
0.315648 , 0 , 315.648 , 315.963648
0.315648 , 0 , 315.648 , 315.963648
0.315648 , 0 , 315.648 , 315.963648
0.315648 , 0 , 315.648 , 315.963648
0.315648 , 0 , 315.648 , 315.963648
0.315648 , 0 , 315.648 , 315.963648
0.315648 , 0 , 315.648 , 315.963648
0.315648 , 0 , 315.648 , 315.963648
0.315648 , 0 , 315.648 , 315.963648
0.315648 , 0 , 315.648 , 315.963648
0.315648 , 0 , 315.648 , 315.963648
0.315648 , 0 , 315.648 , 315.963648
0.315648 , 0 , 315.648 , 315.963648
0.315648 , 0 , 315.648 , 315.963648
0.315648 , 0 , 315.648 , 315.963648
0.315648 , 0 , 315.648 , 315.963648
0.315648 , 0 , 315.648 , 315.963648
0.315648 , 0 , 315.648 , 315.963648
0.315648 , 0 , 315.648 , 315.963648
0.315648 , 0 , 315.648 , 315.963648
0.315648 , 0 , 315.648 , 315.963648
0.315648 , 0 , 315.648 , 315.963648
0.315648 , 0 , 315.648 , 315.963648
0.315648 , 0 , 315.648 , 315.963648
0.315648 , 0 , 315.648 , 315.963648
0.315648 , 0 , 315.648 , 315.963648
0.315648 , 0 , 315.648 , 315.963648
0.315648 , 0 , 315.648 , 315.963648
0.315663 , 0 , 315.663 , 315.978663
0.315678 , 0 , 315.678 , 315.993678
0.315678 , 0 , 315.678 , 315.993678
0.315678 , 0 , 315.678 , 315.993678
0.315678 , 0 , 315.678 , 315.993678
0.315678 , 0 , 315.678 , 315.993678
0.315678 , 0 , 315.678 , 315.993678
0.315678 , 0 , 315.678 , 315.993678
0.315678 , 0 , 315.678 , 315.993678
0.315678 , 0 , 315.678 , 315.993678
0.315678 , 0 , 315.678 , 315.993678
0.315678 , 0 , 315.678 , 315.993678
0.315678 , 0 , 315.678 , 315.993678
0.315678 , 0 , 315.678 , 315.993678
0.315678 , 0 , 315.678 , 315.993678
0.315678 , 0 , 315.678 , 315.993678
0.315678 , 0 , 315.678 , 315.993678
0.315678 , 0 , 315.678 , 315.993678
0.315678 , 0 , 315.678 , 315.993678
0.315678 , 0 , 315.678 , 315.993678
0.315678 , 0 , 315.678 , 315.993678
0.315678 , 0 , 315.678 , 315.993678
0.315678 , 0 , 315.678 , 315.993678
0.315678 , 0 , 315.678 , 315.993678
0.315678 , 0 , 315.678 , 315.993678
0.315678 , 0 , 315.678 , 315.993678
0.315678 , 0 , 315.678 , 315.993678
0.315678 , 0 , 315.678 , 315.993678
0.315678 , 0 , 315.678 , 315.993678
0.315678 , 0 , 315.678 , 315.993678
0.315678 , 0 , 315.678 , 315.993678
0.315678 , 0 , 315.678 , 315.993678
0.315678 , 0 , 315.678 , 315.993678
0.315678 , 0 , 315.678 , 315.993678
0.315678 , 0 , 315.678 , 315.993678
0.315678 , 0 , 315.678 , 315.993678
0.315678 , 0 , 315.678 , 315.993678
0.315678 , 0 , 315.678 , 315.993678
0.315678 , 0 , 315.678 , 315.993678
0.315678 , 0 , 315.678 , 315.993678
0.315678 , 0 , 315.678 , 315.993678
0.315678 , 0 , 315.678 , 315.993678
0.315678 , 0 , 315.678 , 315.993678
0.315678 , 0 , 315.678 , 315.993678
0.315678 , 0 , 315.678 , 315.993678
0.315678 , 0 , 315.678 , 315.993678
0.315678 , 0 , 315.678 , 315.993678
0.315678 , 0 , 315.678 , 315.993678
0.315678 , 0 , 315.678 , 315.993678
0.315678 , 0 , 315.678 , 315.993678
0.315678 , 0 , 315.678 , 315.993678
0.315678 , 0 , 315.678 , 315.993678
0.315678 , 0 , 315.678 , 315.993678
0.315678 , 0 , 315.678 , 315.993678
0.315678 , 0 , 315.678 , 315.993678
0.315678 , 0 , 315.678 , 315.993678
0.315678 , 0 , 315.678 , 315.993678
0.315678 , 0 , 315.678 , 315.993678
0.315678 , 0 , 315.678 , 315.993678
0.315678 , 0 , 315.678 , 315.993678
0.315678 , 0 , 315.678 , 315.993678
0.315678 , 0 , 315.678 , 315.993678
0.315678 , 0 , 315.678 , 315.993678
0.315678 , 0 , 315.678 , 315.993678
0.315678 , 0 , 315.678 , 315.993678
0.315678 , 0 , 315.678 , 315.993678
0.315678 , 0 , 315.678 , 315.993678
0.315678 , 0 , 315.678 , 315.993678
0.315678 , 0 , 315.678 , 315.993678
0.315678 , 0 , 315.678 , 315.993678
0.315678 , 0 , 315.678 , 315.993678
0.315678 , 0 , 315.678 , 315.993678
0.315678 , 0 , 315.678 , 315.993678
0.315678 , 0 , 315.678 , 315.993678
0.315678 , 0 , 315.678 , 315.993678
0.315678 , 0 , 315.678 , 315.993678
0.315678 , 0 , 315.678 , 315.993678
0.315678 , 0 , 315.678 , 315.993678
0.315678 , 0 , 315.678 , 315.993678
0.315678 , 0 , 315.678 , 315.993678
0.315678 , 0 , 315.678 , 315.993678
0.315678 , 0 , 315.678 , 315.993678
0.315678 , 0 , 315.678 , 315.993678
0.315678 , 0 , 315.678 , 315.993678
0.315678 , 0 , 315.678 , 315.993678
0.315678 , 0 , 315.678 , 315.993678
0.315678 , 0 , 315.678 , 315.993678
0.315678 , 0 , 315.678 , 315.993678
0.315678 , 0 , 315.678 , 315.993678
0.315678 , 0 , 315.678 , 315.993678
0.315678 , 0 , 315.678 , 315.993678
0.315678 , 0 , 315.678 , 315.993678
0.315678 , 0 , 315.678 , 315.993678
0.315678 , 0 , 315.678 , 315.993678
0.315678 , 0 , 315.678 , 315.993678
0.315678 , 0 , 315.678 , 315.993678
0.315678 , 0 , 315.678 , 315.993678
0.315678 , 0 , 315.678 , 315.993678
0.315678 , 0 , 315.678 , 315.993678
0.315678 , 0 , 315.678 , 315.993678
0.315678 , 0 , 315.678 , 315.993678
0.315678 , 0 , 315.678 , 315.993678
0.315678 , 0 , 315.678 , 315.993678
0.315678 , 0 , 315.678 , 315.993678
0.315678 , 0 , 315.678 , 315.993678
0.315678 , 0 , 315.678 , 315.993678
0.315678 , 0 , 315.678 , 315.993678
0.315678 , 0 , 315.678 , 315.993678
0.315678 , 0 , 315.678 , 315.993678
0.315678 , 0 , 315.678 , 315.993678
0.315678 , 0 , 315.678 , 315.993678
0.315678 , 0 , 315.678 , 315.993678
0.315678 , 0 , 315.678 , 315.993678
0.315678 , 0 , 315.678 , 315.993678
0.315678 , 0 , 315.678 , 315.993678
0.315678 , 0 , 315.678 , 315.993678
0.315678 , 0 , 315.678 , 315.993678
0.315678 , 0 , 315.678 , 315.993678
0.315678 , 0 , 315.678 , 315.993678
0.315694 , 0 , 315.694 , 316.009694
0.31571 , 0 , 315.71 , 316.02571
0.31571 , 0 , 315.71 , 316.02571
0.31571 , 0 , 315.71 , 316.02571
0.31571 , 0 , 315.71 , 316.02571
0.31571 , 0 , 315.71 , 316.02571
0.31571 , 0 , 315.71 , 316.02571
0.31571 , 0 , 315.71 , 316.02571
0.31571 , 0 , 315.71 , 316.02571
0.31571 , 0 , 315.71 , 316.02571
0.31571 , 0 , 315.71 , 316.02571
0.31571 , 0 , 315.71 , 316.02571
0.31571 , 0 , 315.71 , 316.02571
0.31571 , 0 , 315.71 , 316.02571
0.31571 , 0 , 315.71 , 316.02571
0.31571 , 0 , 315.71 , 316.02571
0.31571 , 0 , 315.71 , 316.02571
0.31571 , 0 , 315.71 , 316.02571
0.31571 , 0 , 315.71 , 316.02571
0.31571 , 0 , 315.71 , 316.02571
0.31571 , 0 , 315.71 , 316.02571
0.31571 , 0 , 315.71 , 316.02571
0.31571 , 0 , 315.71 , 316.02571
0.31571 , 0 , 315.71 , 316.02571
0.31571 , 0 , 315.71 , 316.02571
0.31571 , 0 , 315.71 , 316.02571
0.31571 , 0 , 315.71 , 316.02571
0.31571 , 0 , 315.71 , 316.02571
0.31571 , 0 , 315.71 , 316.02571
0.31571 , 0 , 315.71 , 316.02571
0.31571 , 0 , 315.71 , 316.02571
0.31571 , 0 , 315.71 , 316.02571
0.31571 , 0 , 315.71 , 316.02571
0.31571 , 0 , 315.71 , 316.02571
0.31571 , 0 , 315.71 , 316.02571
0.31571 , 0 , 315.71 , 316.02571
0.31571 , 0 , 315.71 , 316.02571
0.31571 , 0 , 315.71 , 316.02571
0.31571 , 0 , 315.71 , 316.02571
0.31571 , 0 , 315.71 , 316.02571
0.31571 , 0 , 315.71 , 316.02571
0.31571 , 0 , 315.71 , 316.02571
0.31571 , 0 , 315.71 , 316.02571
0.31571 , 0 , 315.71 , 316.02571
0.31571 , 0 , 315.71 , 316.02571
0.31571 , 0 , 315.71 , 316.02571
0.31571 , 0 , 315.71 , 316.02571
0.31571 , 0 , 315.71 , 316.02571
0.31571 , 0 , 315.71 , 316.02571
0.31571 , 0 , 315.71 , 316.02571
0.31571 , 0 , 315.71 , 316.02571
0.31571 , 0 , 315.71 , 316.02571
0.31571 , 0 , 315.71 , 316.02571
0.31571 , 0 , 315.71 , 316.02571
0.31571 , 0 , 315.71 , 316.02571
0.31571 , 0 , 315.71 , 316.02571
0.31571 , 0 , 315.71 , 316.02571
0.31571 , 0 , 315.71 , 316.02571
0.31571 , 0 , 315.71 , 316.02571
0.31571 , 0 , 315.71 , 316.02571
0.31571 , 0 , 315.71 , 316.02571
0.31571 , 0 , 315.71 , 316.02571
0.31571 , 0 , 315.71 , 316.02571
0.31571 , 0 , 315.71 , 316.02571
0.31571 , 0 , 315.71 , 316.02571
0.31571 , 0 , 315.71 , 316.02571
0.31571 , 0 , 315.71 , 316.02571
0.31571 , 0 , 315.71 , 316.02571
0.31571 , 0 , 315.71 , 316.02571
0.31571 , 0 , 315.71 , 316.02571
0.31571 , 0 , 315.71 , 316.02571
0.31571 , 0 , 315.71 , 316.02571
0.31571 , 0 , 315.71 , 316.02571
0.31571 , 0 , 315.71 , 316.02571
0.31571 , 0 , 315.71 , 316.02571
0.31571 , 0 , 315.71 , 316.02571
0.31571 , 0 , 315.71 , 316.02571
0.31571 , 0 , 315.71 , 316.02571
0.31571 , 0 , 315.71 , 316.02571
0.31571 , 0 , 315.71 , 316.02571
0.31571 , 0 , 315.71 , 316.02571
0.31571 , 0 , 315.71 , 316.02571
0.31571 , 0 , 315.71 , 316.02571
0.31571 , 0 , 315.71 , 316.02571
0.31571 , 0 , 315.71 , 316.02571
0.31571 , 0 , 315.71 , 316.02571
0.31571 , 0 , 315.71 , 316.02571
0.31571 , 0 , 315.71 , 316.02571
0.31571 , 0 , 315.71 , 316.02571
0.31571 , 0 , 315.71 , 316.02571
0.31571 , 0 , 315.71 , 316.02571
0.31571 , 0 , 315.71 , 316.02571
0.31571 , 0 , 315.71 , 316.02571
0.31571 , 0 , 315.71 , 316.02571
0.31571 , 0 , 315.71 , 316.02571
0.31571 , 0 , 315.71 , 316.02571
0.31571 , 0 , 315.71 , 316.02571
0.31571 , 0 , 315.71 , 316.02571
0.31571 , 0 , 315.71 , 316.02571
0.31571 , 0 , 315.71 , 316.02571
0.31571 , 0 , 315.71 , 316.02571
0.31571 , 0 , 315.71 , 316.02571
0.31571 , 0 , 315.71 , 316.02571
0.31571 , 0 , 315.71 , 316.02571
0.31571 , 0 , 315.71 , 316.02571
0.31571 , 0 , 315.71 , 316.02571
0.31571 , 0 , 315.71 , 316.02571
0.31571 , 0 , 315.71 , 316.02571
0.315742 , 0 , 315.742 , 316.057742
0.315742 , 0 , 315.742 , 316.057742
0.315742 , 0 , 315.742 , 316.057742
0.315742 , 0 , 315.742 , 316.057742
0.315742 , 0 , 315.742 , 316.057742
0.315742 , 0 , 315.742 , 316.057742
0.315742 , 0 , 315.742 , 316.057742
0.315742 , 0 , 315.742 , 316.057742
0.315744 , 0 , 315.744 , 316.059744
0.315744 , 0 , 315.744 , 316.059744
0.315744 , 0 , 315.744 , 316.059744
0.315744 , 0 , 315.744 , 316.059744
0.315744 , 0 , 315.744 , 316.059744
0.315744 , 0 , 315.744 , 316.059744
0.315744 , 0 , 315.744 , 316.059744
0.315746 , 0 , 315.746 , 316.061746
0.315746 , 0 , 315.746 , 316.061746
0.315746 , 0 , 315.746 , 316.061746
0.315746 , 0 , 315.746 , 316.061746
0.315746 , 0 , 315.746 , 316.061746
0.315746 , 0 , 315.746 , 316.061746
0.315746 , 0 , 315.746 , 316.061746
0.315746 , 0 , 315.746 , 316.061746
0.315748 , 0 , 315.748 , 316.063748
0.315748 , 0 , 315.748 , 316.063748
0.315748 , 0 , 315.748 , 316.063748
0.315748 , 0 , 315.748 , 316.063748
0.315748 , 0 , 315.748 , 316.063748
0.315748 , 0 , 315.748 , 316.063748
0.315748 , 0 , 315.748 , 316.063748
0.315748 , 0 , 315.748 , 316.063748
0.31575 , 0 , 315.75 , 316.06575
0.31575 , 0 , 315.75 , 316.06575
0.31575 , 0 , 315.75 , 316.06575
0.31575 , 0 , 315.75 , 316.06575
0.31575 , 0 , 315.75 , 316.06575
0.31575 , 0 , 315.75 , 316.06575
0.31575 , 0 , 315.75 , 316.06575
0.315751 , 0 , 315.751 , 316.066751
0.315752 , 0 , 315.752 , 316.067752
0.315752 , 0 , 315.752 , 316.067752
0.315752 , 0 , 315.752 , 316.067752
0.315752 , 0 , 315.752 , 316.067752
0.315752 , 0 , 315.752 , 316.067752
0.315752 , 0 , 315.752 , 316.067752
0.315752 , 0 , 315.752 , 316.067752
0.315752 , 0 , 315.752 , 316.067752
0.315754 , 0 , 315.754 , 316.069754
0.315754 , 0 , 315.754 , 316.069754
0.315754 , 0 , 315.754 , 316.069754
0.315754 , 0 , 315.754 , 316.069754
0.315754 , 0 , 315.754 , 316.069754
0.315754 , 0 , 315.754 , 316.069754
0.315754 , 0 , 315.754 , 316.069754
0.315756 , 0 , 315.756 , 316.071756
0.315756 , 0 , 315.756 , 316.071756
0.315756 , 0 , 315.756 , 316.071756
0.315756 , 0 , 315.756 , 316.071756
0.315756 , 0 , 315.756 , 316.071756
0.315756 , 0 , 315.756 , 316.071756
0.315756 , 0 , 315.756 , 316.071756
0.315757 , 0 , 315.757 , 316.072757
0.315758 , 0 , 315.758 , 316.073758
0.315758 , 0 , 315.758 , 316.073758
0.315758 , 0 , 315.758 , 316.073758
0.315758 , 0 , 315.758 , 316.073758
0.315758 , 0 , 315.758 , 316.073758
0.315758 , 0 , 315.758 , 316.073758
0.315758 , 0 , 315.758 , 316.073758
0.31576 , 0 , 315.76 , 316.07576
0.31576 , 0 , 315.76 , 316.07576
0.31576 , 0 , 315.76 , 316.07576
0.31576 , 0 , 315.76 , 316.07576
0.31576 , 0 , 315.76 , 316.07576
0.31576 , 0 , 315.76 , 316.07576
0.31576 , 0 , 315.76 , 316.07576
0.315761 , 0 , 315.761 , 316.076761
0.315762 , 0 , 315.762 , 316.077762
0.315762 , 0 , 315.762 , 316.077762
0.315762 , 0 , 315.762 , 316.077762
0.315762 , 0 , 315.762 , 316.077762
0.315762 , 0 , 315.762 , 316.077762
0.315762 , 0 , 315.762 , 316.077762
0.315762 , 0 , 315.762 , 316.077762
0.315763 , 0 , 315.763 , 316.078763
0.315764 , 0 , 315.764 , 316.079764
0.315764 , 0 , 315.764 , 316.079764
0.315764 , 0 , 315.764 , 316.079764
0.315764 , 0 , 315.764 , 316.079764
0.315764 , 0 , 315.764 , 316.079764
0.315764 , 0 , 315.764 , 316.079764
0.315764 , 0 , 315.764 , 316.079764
0.315765 , 0 , 315.765 , 316.080765
0.315766 , 0 , 315.766 , 316.081766
0.315766 , 0 , 315.766 , 316.081766
0.315766 , 0 , 315.766 , 316.081766
0.315766 , 0 , 315.766 , 316.081766
0.315766 , 0 , 315.766 , 316.081766
0.315766 , 0 , 315.766 , 316.081766
0.315767 , 0 , 315.767 , 316.082767
0.315768 , 0 , 315.768 , 316.083768
0.315768 , 0 , 315.768 , 316.083768
0.315768 , 0 , 315.768 , 316.083768
0.315768 , 0 , 315.768 , 316.083768
0.315768 , 0 , 315.768 , 316.083768
0.315768 , 0 , 315.768 , 316.083768
0.315768 , 0 , 315.768 , 316.083768
0.315769 , 0 , 315.769 , 316.084769
0.31577 , 0 , 315.77 , 316.08577
0.31577 , 0 , 315.77 , 316.08577
0.31577 , 0 , 315.77 , 316.08577
0.31577 , 0 , 315.77 , 316.08577
0.31577 , 0 , 315.77 , 316.08577
0.31577 , 0 , 315.77 , 316.08577
0.315771 , 0 , 315.771 , 316.086771
0.315772 , 0 , 315.772 , 316.087772
0.315772 , 0 , 315.772 , 316.087772
0.315772 , 0 , 315.772 , 316.087772
0.315772 , 0 , 315.772 , 316.087772
0.315772 , 0 , 315.772 , 316.087772
0.315774 , 0 , 315.774 , 316.089774
0.315774 , 0 , 315.774 , 316.089774
0.315774 , 0 , 315.774 , 316.089774
0.315774 , 0 , 315.774 , 316.089774
0.315774 , 0 , 315.774 , 316.089774
0.315774 , 0 , 315.774 , 316.089774
0.315775 , 0 , 315.775 , 316.090775
0.315776 , 0 , 315.776 , 316.091776
0.315776 , 0 , 315.776 , 316.091776
0.315776 , 0 , 315.776 , 316.091776
0.315776 , 0 , 315.776 , 316.091776
0.315776 , 0 , 315.776 , 316.091776
0.315777 , 0 , 315.777 , 316.092777
0.315778 , 0 , 315.778 , 316.093778
0.315778 , 0 , 315.778 , 316.093778
0.315778 , 0 , 315.778 , 316.093778
0.315778 , 0 , 315.778 , 316.093778
0.315778 , 0 , 315.778 , 316.093778
0.315778 , 0 , 315.778 , 316.093778
0.31578 , 0 , 315.78 , 316.09578
0.31578 , 0 , 315.78 , 316.09578
0.31578 , 0 , 315.78 , 316.09578
0.31578 , 0 , 315.78 , 316.09578
0.31578 , 0 , 315.78 , 316.09578
0.31578 , 0 , 315.78 , 316.09578
0.31578 , 0 , 315.78 , 316.09578
0.31578 , 0 , 315.78 , 316.09578
0.315782 , 0 , 315.782 , 316.097782
0.315782 , 0 , 315.782 , 316.097782
0.315782 , 0 , 315.782 , 316.097782
0.315782 , 0 , 315.782 , 316.097782
0.315782 , 0 , 315.782 , 316.097782
0.315782 , 0 , 315.782 , 316.097782
0.315782 , 0 , 315.782 , 316.097782
0.315784 , 0 , 315.784 , 316.099784
0.315784 , 0 , 315.784 , 316.099784
0.315784 , 0 , 315.784 , 316.099784
0.315784 , 0 , 315.784 , 316.099784
0.315784 , 0 , 315.784 , 316.099784
0.315784 , 0 , 315.784 , 316.099784
0.315784 , 0 , 315.784 , 316.099784
0.315785 , 0 , 315.785 , 316.100785
0.315786 , 0 , 315.786 , 316.101786
0.315786 , 0 , 315.786 , 316.101786
0.315786 , 0 , 315.786 , 316.101786
0.315786 , 0 , 315.786 , 316.101786
0.315786 , 0 , 315.786 , 316.101786
0.315786 , 0 , 315.786 , 316.101786
0.315786 , 0 , 315.786 , 316.101786
0.315787 , 0 , 315.787 , 316.102787
0.315788 , 0 , 315.788 , 316.103788
0.315788 , 0 , 315.788 , 316.103788
0.315788 , 0 , 315.788 , 316.103788
0.315788 , 0 , 315.788 , 316.103788
0.315788 , 0 , 315.788 , 316.103788
0.315788 , 0 , 315.788 , 316.103788
0.315788 , 0 , 315.788 , 316.103788
0.31579 , 0 , 315.79 , 316.10579
0.31579 , 0 , 315.79 , 316.10579
0.31579 , 0 , 315.79 , 316.10579
0.31579 , 0 , 315.79 , 316.10579
0.31579 , 0 , 315.79 , 316.10579
0.31579 , 0 , 315.79 , 316.10579
0.31579 , 0 , 315.79 , 316.10579
0.315792 , 0 , 315.792 , 316.107792
0.315792 , 0 , 315.792 , 316.107792
0.315792 , 0 , 315.792 , 316.107792
0.315792 , 0 , 315.792 , 316.107792
0.315792 , 0 , 315.792 , 316.107792
0.315792 , 0 , 315.792 , 316.107792
0.315792 , 0 , 315.792 , 316.107792
0.315793 , 0 , 315.793 , 316.108793
0.315794 , 0 , 315.794 , 316.109794
0.315794 , 0 , 315.794 , 316.109794
0.315794 , 0 , 315.794 , 316.109794
0.315794 , 0 , 315.794 , 316.109794
0.315794 , 0 , 315.794 , 316.109794
0.315794 , 0 , 315.794 , 316.109794
0.315794 , 0 , 315.794 , 316.109794
0.315795 , 0 , 315.795 , 316.110795
0.315796 , 0 , 315.796 , 316.111796
0.315796 , 0 , 315.796 , 316.111796
0.315796 , 0 , 315.796 , 316.111796
0.315796 , 0 , 315.796 , 316.111796
0.315796 , 0 , 315.796 , 316.111796
0.315796 , 0 , 315.796 , 316.111796
0.315796 , 0 , 315.796 , 316.111796
0.315797 , 0 , 315.797 , 316.112797
0.315798 , 0 , 315.798 , 316.113798
0.315798 , 0 , 315.798 , 316.113798
0.315798 , 0 , 315.798 , 316.113798
0.315798 , 0 , 315.798 , 316.113798
0.315798 , 0 , 315.798 , 316.113798
0.315798 , 0 , 315.798 , 316.113798
0.315798 , 0 , 315.798 , 316.113798
0.3158 , 0 , 315.8 , 316.1158
0.3158 , 0 , 315.8 , 316.1158
0.3158 , 0 , 315.8 , 316.1158
0.3158 , 0 , 315.8 , 316.1158
0.3158 , 0 , 315.8 , 316.1158
0.3158 , 0 , 315.8 , 316.1158
0.3158 , 0 , 315.8 , 316.1158
0.3158 , 0 , 315.8 , 316.1158
0.315801 , 0 , 315.801 , 316.116801
0.315802 , 0 , 315.802 , 316.117802
0.315802 , 0 , 315.802 , 316.117802
0.315802 , 0 , 315.802 , 316.117802
0.315802 , 0 , 315.802 , 316.117802
0.315802 , 0 , 315.802 , 316.117802
0.315802 , 0 , 315.802 , 316.117802
0.315802 , 0 , 315.802 , 316.117802
0.315804 , 0 , 315.804 , 316.119804
0.315804 , 0 , 315.804 , 316.119804
0.315804 , 0 , 315.804 , 316.119804
0.315804 , 0 , 315.804 , 316.119804
0.315804 , 0 , 315.804 , 316.119804
0.315806 , 0 , 315.806 , 316.121806
0.315806 , 0 , 315.806 , 316.121806
0.315806 , 0 , 315.806 , 316.121806
0.315806 , 0 , 315.806 , 316.121806
0.315806 , 0 , 315.806 , 316.121806
0.315806 , 0 , 315.806 , 316.121806
0.315806 , 0 , 315.806 , 316.121806
0.315807 , 0 , 315.807 , 316.122807
0.315808 , 0 , 315.808 , 316.123808
0.315808 , 0 , 315.808 , 316.123808
0.315808 , 0 , 315.808 , 316.123808
0.315808 , 0 , 315.808 , 316.123808
0.315808 , 0 , 315.808 , 316.123808
0.315808 , 0 , 315.808 , 316.123808
0.315808 , 0 , 315.808 , 316.123808
0.315809 , 0 , 315.809 , 316.124809
0.31581 , 0 , 315.81 , 316.12581
0.31581 , 0 , 315.81 , 316.12581
0.31581 , 0 , 315.81 , 316.12581
0.31581 , 0 , 315.81 , 316.12581
0.31581 , 0 , 315.81 , 316.12581
0.31581 , 0 , 315.81 , 316.12581
0.315811 , 0 , 315.811 , 316.126811
0.315812 , 0 , 315.812 , 316.127812
0.315812 , 0 , 315.812 , 316.127812
0.315812 , 0 , 315.812 , 316.127812
0.315812 , 0 , 315.812 , 316.127812
0.315812 , 0 , 315.812 , 316.127812
0.315812 , 0 , 315.812 , 316.127812
0.315812 , 0 , 315.812 , 316.127812
0.315814 , 0 , 315.814 , 316.129814
0.315814 , 0 , 315.814 , 316.129814
0.315814 , 0 , 315.814 , 316.129814
0.315814 , 0 , 315.814 , 316.129814
0.315814 , 0 , 315.814 , 316.129814
0.315814 , 0 , 315.814 , 316.129814
0.315815 , 0 , 315.815 , 316.130815
0.315816 , 0 , 315.816 , 316.131816
0.315816 , 0 , 315.816 , 316.131816
0.315816 , 0 , 315.816 , 316.131816
0.315816 , 0 , 315.816 , 316.131816
0.315816 , 0 , 315.816 , 316.131816
0.315816 , 0 , 315.816 , 316.131816
0.315816 , 0 , 315.816 , 316.131816
0.315818 , 0 , 315.818 , 316.133818
0.315818 , 0 , 315.818 , 316.133818
0.315818 , 0 , 315.818 , 316.133818
0.315818 , 0 , 315.818 , 316.133818
0.315818 , 0 , 315.818 , 316.133818
0.315818 , 0 , 315.818 , 316.133818
0.315818 , 0 , 315.818 , 316.133818
0.315819 , 0 , 315.819 , 316.134819
0.31582 , 0 , 315.82 , 316.13582
0.31582 , 0 , 315.82 , 316.13582
0.31582 , 0 , 315.82 , 316.13582
0.31582 , 0 , 315.82 , 316.13582
0.31582 , 0 , 315.82 , 316.13582
0.31582 , 0 , 315.82 , 316.13582
0.31582 , 0 , 315.82 , 316.13582
0.315822 , 0 , 315.822 , 316.137822
0.315822 , 0 , 315.822 , 316.137822
0.315822 , 0 , 315.822 , 316.137822
0.315822 , 0 , 315.822 , 316.137822
0.315822 , 0 , 315.822 , 316.137822
0.315822 , 0 , 315.822 , 316.137822
0.315822 , 0 , 315.822 , 316.137822
0.315823 , 0 , 315.823 , 316.138823
0.315824 , 0 , 315.824 , 316.139824
0.315824 , 0 , 315.824 , 316.139824
0.315824 , 0 , 315.824 , 316.139824
0.315824 , 0 , 315.824 , 316.139824
0.315824 , 0 , 315.824 , 316.139824
0.315824 , 0 , 315.824 , 316.139824
0.315824 , 0 , 315.824 , 316.139824
0.315825 , 0 , 315.825 , 316.140825
0.315826 , 0 , 315.826 , 316.141826
0.315826 , 0 , 315.826 , 316.141826
0.315826 , 0 , 315.826 , 316.141826
0.315826 , 0 , 315.826 , 316.141826
0.315826 , 0 , 315.826 , 316.141826
0.315826 , 0 , 315.826 , 316.141826
0.315826 , 0 , 315.826 , 316.141826
0.315827 , 0 , 315.827 , 316.142827
0.315828 , 0 , 315.828 , 316.143828
0.315828 , 0 , 315.828 , 316.143828
0.315828 , 0 , 315.828 , 316.143828
0.315828 , 0 , 315.828 , 316.143828
0.315828 , 0 , 315.828 , 316.143828
0.315828 , 0 , 315.828 , 316.143828
0.315828 , 0 , 315.828 , 316.143828
0.315829 , 0 , 315.829 , 316.144829
0.31583 , 0 , 315.83 , 316.14583
0.31583 , 0 , 315.83 , 316.14583
0.31583 , 0 , 315.83 , 316.14583
0.31583 , 0 , 315.83 , 316.14583
0.31583 , 0 , 315.83 , 316.14583
0.31583 , 0 , 315.83 , 316.14583
0.315831 , 0 , 315.831 , 316.146831
0.315832 , 0 , 315.832 , 316.147832
0.315832 , 0 , 315.832 , 316.147832
0.315832 , 0 , 315.832 , 316.147832
0.315832 , 0 , 315.832 , 316.147832
0.315832 , 0 , 315.832 , 316.147832
0.315832 , 0 , 315.832 , 316.147832
0.315832 , 0 , 315.832 , 316.147832
0.315834 , 0 , 315.834 , 316.149834
0.315834 , 0 , 315.834 , 316.149834
0.315834 , 0 , 315.834 , 316.149834
0.315834 , 0 , 315.834 , 316.149834
0.315834 , 0 , 315.834 , 316.149834
0.315834 , 0 , 315.834 , 316.149834
0.315835 , 0 , 315.835 , 316.150835
0.315836 , 0 , 315.836 , 316.151836
0.315836 , 0 , 315.836 , 316.151836
0.315836 , 0 , 315.836 , 316.151836
0.315836 , 0 , 315.836 , 316.151836
0.315836 , 0 , 315.836 , 316.151836
0.315836 , 0 , 315.836 , 316.151836
0.315837 , 0 , 315.837 , 316.152837
0.315838 , 0 , 315.838 , 316.153838
0.315838 , 0 , 315.838 , 316.153838
0.315838 , 0 , 315.838 , 316.153838
0.315838 , 0 , 315.838 , 316.153838
0.315838 , 0 , 315.838 , 316.153838
0.315838 , 0 , 315.838 , 316.153838
0.315838 , 0 , 315.838 , 316.153838
0.31584 , 0 , 315.84 , 316.15584
0.31584 , 0 , 315.84 , 316.15584
0.31584 , 0 , 315.84 , 316.15584
0.31584 , 0 , 315.84 , 316.15584
0.31584 , 0 , 315.84 , 316.15584
0.31584 , 0 , 315.84 , 316.15584
0.31584 , 0 , 315.84 , 316.15584
0.315841 , 0 , 315.841 , 316.156841
0.315842 , 0 , 315.842 , 316.157842
0.315842 , 0 , 315.842 , 316.157842
0.315842 , 0 , 315.842 , 316.157842
0.315842 , 0 , 315.842 , 316.157842
0.315842 , 0 , 315.842 , 316.157842
0.315842 , 0 , 315.842 , 316.157842
0.315843 , 0 , 315.843 , 316.158843
0.315844 , 0 , 315.844 , 316.159844
0.315844 , 0 , 315.844 , 316.159844
0.315844 , 0 , 315.844 , 316.159844
0.315844 , 0 , 315.844 , 316.159844
0.315844 , 0 , 315.844 , 316.159844
0.315844 , 0 , 315.844 , 316.159844
0.316844 , 0 , 315.844 , 316.160844
0.315846 , 0 , 315.846 , 316.161846
0.315846 , 0 , 315.846 , 316.161846
0.315846 , 0 , 315.846 , 316.161846
0.315846 , 0 , 315.846 , 316.161846
0.315846 , 0 , 315.846 , 316.161846
0.315846 , 0 , 315.846 , 316.161846
0.315846 , 0 , 315.846 , 316.161846
0.315848 , 0 , 315.848 , 316.163848
0.315848 , 0 , 315.848 , 316.163848
0.315848 , 0 , 315.848 , 316.163848
0.315848 , 0 , 315.848 , 316.163848
Total GPU = 375714.276936999