#Qurey Time, Memory allocation , I/O Time , Total
0 , 0 , 21.032 , 21.032
0 , 0 , 21.036 , 21.036
0 , 0 , 21.037 , 21.037
0 , 0 , 21.038 , 21.038
0 , 0 , 21.04 , 21.04
0 , 0 , 21.046 , 21.046
0 , 0 , 21.046 , 21.046
0 , 0 , 21.046 , 21.046
0 , 0 , 21.046 , 21.046
0 , 0 , 21.046 , 21.046
0 , 0 , 21.046 , 21.046
0 , 0 , 21.046 , 21.046
0 , 0 , 21.046 , 21.046
0 , 0 , 21.046 , 21.046
0 , 0 , 21.046 , 21.046
0 , 0 , 21.046 , 21.046
0 , 0 , 21.046 , 21.046
0 , 0 , 21.046 , 21.046
0 , 0 , 21.046 , 21.046
0 , 0 , 21.046 , 21.046
0 , 0 , 21.046 , 21.046
0 , 0 , 21.046 , 21.046
0 , 0 , 21.078 , 21.078
0 , 0 , 21.078 , 21.078
0 , 0 , 21.078 , 21.078
0 , 0 , 21.078 , 21.078
0 , 0 , 21.078 , 21.078
0 , 0 , 21.078 , 21.078
0 , 0 , 21.078 , 21.078
0 , 0 , 21.078 , 21.078
0 , 0 , 21.078 , 21.078
0 , 0 , 21.14 , 21.14
0 , 0 , 21.14 , 21.14
0 , 0 , 21.14 , 21.14
0 , 0 , 21.14 , 21.14
0 , 0 , 21.14 , 21.14
0 , 0 , 21.14 , 21.14
0 , 0 , 21.14 , 21.14
0 , 0 , 21.14 , 21.14
0 , 0 , 21.14 , 21.14
0 , 0 , 21.14 , 21.14
0 , 0 , 21.14 , 21.14
0 , 0 , 21.172 , 21.172
0 , 0 , 21.172 , 21.172
0 , 0 , 21.172 , 21.172
0 , 0 , 21.172 , 21.172
0 , 0 , 21.172 , 21.172
0 , 0 , 21.172 , 21.172
0 , 0 , 21.172 , 21.172
0 , 0 , 21.172 , 21.172
0 , 0 , 21.172 , 21.172
0 , 0.015 , 21.172 , 21.187
0 , 0 , 21.202 , 21.202
0 , 0 , 21.202 , 21.202
0 , 0 , 21.202 , 21.202
0 , 0 , 21.202 , 21.202
0 , 0 , 21.202 , 21.202
0 , 0 , 21.202 , 21.202
0 , 0 , 21.202 , 21.202
0 , 0 , 21.202 , 21.202
0 , 0 , 21.236 , 21.236
0 , 0 , 21.24 , 21.24
0 , 0 , 21.244 , 21.244
0 , 0 , 21.246 , 21.246
0 , 0 , 21.246 , 21.246
0 , 0 , 21.246 , 21.246
0 , 0 , 21.246 , 21.246
0 , 0 , 21.246 , 21.246
0 , 0 , 21.246 , 21.246
0 , 0 , 21.246 , 21.246
0 , 0 , 21.246 , 21.246
0 , 0 , 21.278 , 21.278
0 , 0 , 21.278 , 21.278
0 , 0 , 21.278 , 21.278
0 , 0 , 21.278 , 21.278
0 , 0 , 21.278 , 21.278
0 , 0 , 21.278 , 21.278
0 , 0 , 21.278 , 21.278
0 , 0 , 21.31 , 21.31
0 , 0 , 21.31 , 21.31
0 , 0 , 21.31 , 21.31
0 , 0 , 21.31 , 21.31
0 , 0 , 21.31 , 21.31
0 , 0 , 21.31 , 21.31
0 , 0 , 21.31 , 21.31
0 , 0 , 21.34 , 21.34
0 , 0 , 21.34 , 21.34
0 , 0 , 21.34 , 21.34
0 , 0 , 21.34 , 21.34
0 , 0 , 21.34 , 21.34
0 , 0 , 21.34 , 21.34
0 , 0 , 21.356 , 21.356
0 , 0 , 21.372 , 21.372
0 , 0 , 21.372 , 21.372
0 , 0 , 21.372 , 21.372
0 , 0 , 21.372 , 21.372
0 , 0 , 21.372 , 21.372
0 , 0 , 21.372 , 21.372
0 , 0 , 21.402 , 21.402
0 , 0 , 21.402 , 21.402
0 , 0 , 21.402 , 21.402
0 , 0 , 21.402 , 21.402
0 , 0 , 21.402 , 21.402
0.016 , 0 , 21.402 , 21.418
0 , 0 , 21.44 , 21.44
0 , 0 , 21.445 , 21.445
0.001 , 0 , 21.45 , 21.451
0 , 0 , 21.456 , 21.456
0 , 0.001 , 21.462 , 21.463
0 , 0 , 21.468 , 21.468
0.001 , 0 , 21.474 , 21.475
0.001 , 0 , 21.48 , 21.481
0.001 , 0 , 21.486 , 21.487
0 , 0 , 21.494 , 21.494
0 , 0 , 21.5 , 21.5
0 , 0 , 21.506 , 21.506
0 , 0 , 21.512 , 21.512
0 , 0 , 21.518 , 21.518
0 , 0 , 21.524 , 21.524
0 , 0 , 21.53 , 21.53
0 , 0 , 21.538 , 21.538
0 , 0 , 21.544 , 21.544
0 , 0 , 21.55 , 21.55
0 , 0 , 21.556 , 21.556
0 , 0 , 21.564 , 21.564
0 , 0 , 21.57 , 21.57
0 , 0 , 21.576 , 21.576
0 , 0 , 21.584 , 21.584
0 , 0 , 21.59 , 21.59
0 , 0 , 21.597 , 21.597
0 , 0 , 21.604 , 21.604
0 , 0 , 21.611 , 21.611
0 , 0 , 21.618 , 21.618
0 , 0 , 21.625 , 21.625
0 , 0 , 21.632 , 21.632
0 , 0 , 21.639 , 21.639
0 , 0 , 21.646 , 21.646
0 , 0 , 21.654 , 21.654
0 , 0 , 21.661 , 21.661
0 , 0 , 21.668 , 21.668
0 , 0 , 21.676 , 21.676
0 , 0 , 21.683 , 21.683
0 , 0 , 21.69 , 21.69
0 , 0 , 21.698 , 21.698
0 , 0 , 21.706 , 21.706
0 , 0 , 21.713 , 21.713
0 , 0 , 21.72 , 21.72
0.001 , 0 , 21.728 , 21.729
0 , 0 , 21.738 , 21.738
0.001 , 0 , 21.744 , 21.745
0 , 0 , 21.752 , 21.752
0.001 , 0 , 21.76 , 21.761
0 , 0 , 21.768 , 21.768
0 , 0 , 21.776 , 21.776
0 , 0 , 21.784 , 21.784
0 , 0 , 21.792 , 21.792
0 , 0 , 21.8 , 21.8
0 , 0 , 21.808 , 21.808
0 , 0 , 21.816 , 21.816
0 , 0 , 21.826 , 21.826
0 , 0 , 21.834 , 21.834
0 , 0.001 , 21.842 , 21.843
0 , 0 , 21.85 , 21.85
0 , 0 , 21.859 , 21.859
0 , 0.001 , 21.866 , 21.867
0 , 0 , 21.874 , 21.874
0.001 , 0 , 21.882 , 21.883
0 , 0 , 21.892 , 21.892
0 , 0 , 21.9 , 21.9
0 , 0 , 21.908 , 21.908
0 , 0 , 21.916 , 21.916
0 , 0 , 21.924 , 21.924
0 , 0.001 , 21.932 , 21.933
0 , 0 , 21.942 , 21.942
0 , 0 , 21.95 , 21.95
0 , 0 , 21.958 , 21.958
0.001 , 0 , 21.966 , 21.967
0 , 0 , 21.976 , 21.976
0 , 0 , 21.984 , 21.984
0 , 0 , 21.994 , 21.994
0.001 , 0 , 22.002 , 22.003
0 , 0 , 22.012 , 22.012
0 , 0 , 22.02 , 22.02
0 , 0 , 22.03 , 22.03
0 , 0 , 22.038 , 22.038
0 , 0 , 22.048 , 22.048
0.001 , 0 , 22.058 , 22.059
0 , 0 , 22.068 , 22.068
0.001 , 0 , 22.076 , 22.077
0 , 0 , 22.086 , 22.086
0.001 , 0 , 22.096 , 22.097
0 , 0 , 22.106 , 22.106
0 , 0.001 , 22.114 , 22.115
0 , 0 , 22.126 , 22.126
0 , 0 , 22.135 , 22.135
0 , 0 , 22.144 , 22.144
0 , 0 , 22.156 , 22.156
0 , 0 , 22.166 , 22.166
0 , 0 , 22.175 , 22.175
0 , 0 , 22.184 , 22.184
0.001 , 0 , 22.194 , 22.195
0 , 0 , 22.206 , 22.206
0 , 0 , 22.216 , 22.216
0 , 0 , 22.225 , 22.225
0 , 0 , 22.236 , 22.236
0.001 , 0 , 22.246 , 22.247
0 , 0 , 22.258 , 22.258
0 , 0.001 , 22.268 , 22.269
0.001 , 0 , 22.278 , 22.279
0 , 0 , 22.288 , 22.288
0 , 0 , 22.299 , 22.299
0 , 0 , 22.31 , 22.31
0 , 0 , 22.32 , 22.32
0.001 , 0 , 22.33 , 22.331
0 , 0 , 22.341 , 22.341
0 , 0.001 , 22.35 , 22.351
0 , 0 , 22.362 , 22.362
0 , 0.001 , 22.372 , 22.373
0.001 , 0 , 22.382 , 22.383
0 , 0 , 22.394 , 22.394
0 , 0 , 22.404 , 22.404
0.001 , 0 , 22.414 , 22.415
0 , 0 , 22.426 , 22.426
0 , 0 , 22.436 , 22.436
0 , 0 , 22.446 , 22.446
0 , 0.001 , 22.456 , 22.457
0 , 0 , 22.47 , 22.47
0 , 0 , 22.48 , 22.48
0 , 0 , 22.492 , 22.492
0 , 0 , 22.503 , 22.503
0 , 0 , 22.515 , 22.515
0 , 0 , 22.526 , 22.526
0 , 0 , 22.538 , 22.538
0 , 0 , 22.548 , 22.548
0 , 0 , 22.56 , 22.56
0 , 0 , 22.572 , 22.572
0 , 0 , 22.584 , 22.584
0 , 0 , 22.596 , 22.596
0 , 0 , 22.606 , 22.606
0 , 0 , 22.618 , 22.618
0 , 0 , 22.632 , 22.632
0 , 0 , 22.644 , 22.644
0 , 0 , 22.664 , 22.664
0 , 0 , 22.68 , 22.68
0 , 0 , 22.692 , 22.692
0 , 0 , 22.704 , 22.704
0 , 0 , 22.716 , 22.716
0 , 0 , 22.728 , 22.728
0 , 0 , 22.74 , 22.74
0 , 0 , 22.754 , 22.754
0.001 , 0 , 22.766 , 22.767
0 , 0.001 , 22.778 , 22.779
0 , 0 , 22.792 , 22.792
0.001 , 0 , 22.804 , 22.805
0.001 , 0 , 22.816 , 22.817
0 , 0 , 22.83 , 22.83
0 , 0 , 22.842 , 22.842
0 , 0.001 , 22.854 , 22.855
0.001 , 0 , 22.868 , 22.869
0 , 0 , 22.881 , 22.881
0 , 0 , 22.894 , 22.894
0 , 0 , 22.906 , 22.906
0 , 0 , 22.92 , 22.92
0 , 0 , 22.934 , 22.934
0 , 0 , 22.946 , 22.946
0 , 0 , 22.959 , 22.959
0 , 0 , 22.972 , 22.972
0 , 0 , 22.986 , 22.986
0.001 , 0 , 22.998 , 22.999
0 , 0 , 23.012 , 23.012
0 , 0 , 23.026 , 23.026
0 , 0 , 23.038 , 23.038
0 , 0 , 23.052 , 23.052
0 , 0 , 23.066 , 23.066
0 , 0 , 23.078 , 23.078
0 , 0 , 23.092 , 23.092
0 , 0 , 23.106 , 23.106
0 , 0 , 23.12 , 23.12
0.001 , 0 , 23.132 , 23.133
0 , 0 , 23.148 , 23.148
0.001 , 0 , 23.16 , 23.161
0 , 0 , 23.174 , 23.174
0 , 0 , 23.188 , 23.188
0 , 0 , 23.202 , 23.202
0 , 0 , 23.216 , 23.216
0.001 , 0 , 23.23 , 23.231
0 , 0 , 23.246 , 23.246
0.001 , 0 , 23.258 , 23.259
0 , 0 , 23.274 , 23.274
0.001 , 0 , 23.286 , 23.287
0 , 0.001 , 23.3 , 23.301
0 , 0 , 23.316 , 23.316
0 , 0 , 23.33 , 23.33
0 , 0 , 23.344 , 23.344
0 , 0.001 , 23.358 , 23.359
0 , 0 , 23.373 , 23.373
0.001 , 0 , 23.386 , 23.387
0 , 0.001 , 23.402 , 23.403
0 , 0 , 23.416 , 23.416
0.001 , 0 , 23.43 , 23.431
0 , 0 , 23.446 , 23.446
0 , 0 , 23.462 , 23.462
0 , 0 , 23.476 , 23.476
0 , 0 , 23.49 , 23.49
0.001 , 0 , 23.504 , 23.505
0 , 0 , 23.518 , 23.518
0 , 0 , 23.534 , 23.534
0 , 0 , 23.548 , 23.548
0 , 0 , 23.562 , 23.562
0 , 0 , 23.576 , 23.576
0 , 0 , 23.593 , 23.593
0.001 , 0 , 23.606 , 23.607
0 , 0 , 23.622 , 23.622
0 , 0 , 23.636 , 23.636
0 , 0 , 23.65 , 23.65
0 , 0 , 23.666 , 23.666
0 , 0 , 23.68 , 23.68
0 , 0 , 23.696 , 23.696
0 , 0 , 23.71 , 23.71
0 , 0.001 , 23.724 , 23.725
0.001 , 0 , 23.74 , 23.741
0.001 , 0 , 23.754 , 23.755
0 , 0 , 23.77 , 23.77
0 , 0 , 23.786 , 23.786
0.001 , 0 , 23.8 , 23.801
0 , 0 , 23.815 , 23.815
0 , 0 , 23.832 , 23.832
0 , 0 , 23.846 , 23.846
0 , 0 , 23.862 , 23.862
0 , 0 , 23.876 , 23.876
0 , 0 , 23.892 , 23.892
0 , 0 , 23.908 , 23.908
0 , 0 , 23.923 , 23.923
0 , 0 , 23.938 , 23.938
0 , 0 , 23.954 , 23.954
0 , 0 , 23.97 , 23.97
0 , 0.001 , 23.984 , 23.985
0 , 0 , 24.002 , 24.002
0 , 0 , 24.018 , 24.018
0 , 0 , 24.035 , 24.035
0 , 0 , 24.05 , 24.05
0 , 0 , 24.066 , 24.066
0 , 0 , 24.084 , 24.084
0 , 0 , 24.1 , 24.1
0 , 0 , 24.116 , 24.116
0 , 0 , 24.134 , 24.134
0 , 0 , 24.15 , 24.15
0 , 0 , 24.168 , 24.168
0 , 0 , 24.184 , 24.184
0 , 0 , 24.2 , 24.2
0 , 0 , 24.218 , 24.218
0.001 , 0 , 24.236 , 24.237
0.001 , 0 , 24.252 , 24.253
0 , 0 , 24.272 , 24.272
0 , 0 , 24.288 , 24.288
0 , 0 , 24.307 , 24.307
0 , 0 , 24.324 , 24.324
0 , 0.001 , 24.34 , 24.341
0 , 0 , 24.36 , 24.36
0 , 0 , 24.376 , 24.376
0 , 0 , 24.394 , 24.394
0 , 0 , 24.41 , 24.41
0 , 0 , 24.428 , 24.428
0 , 0.001 , 24.446 , 24.447
0 , 0 , 24.464 , 24.464
0 , 0 , 24.482 , 24.482
0.001 , 0 , 24.5 , 24.501
0 , 0 , 24.518 , 24.518
0 , 0 , 24.536 , 24.536
0 , 0 , 24.554 , 24.554
0 , 0 , 24.571 , 24.571
0 , 0 , 24.59 , 24.59
0 , 0 , 24.607 , 24.607
0 , 0 , 24.626 , 24.626
0 , 0 , 24.644 , 24.644
0.001 , 0 , 24.66 , 24.661
0 , 0 , 24.68 , 24.68
0 , 0 , 24.697 , 24.697
0 , 0 , 24.716 , 24.716
0 , 0 , 24.734 , 24.734
0 , 0 , 24.751 , 24.751
0 , 0 , 24.77 , 24.77
0 , 0 , 24.788 , 24.788
0 , 0 , 24.808 , 24.808
0.001 , 0 , 24.826 , 24.827
0 , 0 , 24.844 , 24.844
0 , 0.001 , 24.864 , 24.865
0 , 0 , 24.883 , 24.883
0 , 0.001 , 24.902 , 24.903
0.001 , 0 , 24.92 , 24.921
0 , 0 , 24.94 , 24.94
0 , 0 , 24.959 , 24.959
0 , 0 , 24.976 , 24.976
0 , 0 , 24.997 , 24.997
0 , 0 , 25.015 , 25.015
0 , 0 , 25.034 , 25.034
0 , 0 , 25.053 , 25.053
0 , 0 , 25.072 , 25.072
0 , 0 , 25.092 , 25.092
0 , 0 , 25.11 , 25.11
0.001 , 0 , 25.13 , 25.131
0 , 0 , 25.149 , 25.149
0 , 0 , 25.168 , 25.168
0 , 0 , 25.188 , 25.188
0 , 0 , 25.209 , 25.209
0 , 0 , 25.23 , 25.23
0 , 0 , 25.248 , 25.248
0.001 , 0 , 25.268 , 25.269
0 , 0 , 25.288 , 25.288
0 , 0 , 25.306 , 25.306
0 , 0.001 , 25.326 , 25.327
0 , 0 , 25.346 , 25.346
0 , 0 , 25.366 , 25.366
0 , 0 , 25.386 , 25.386
0 , 0 , 25.404 , 25.404
0 , 0 , 25.426 , 25.426
0 , 0 , 25.446 , 25.446
0 , 0 , 25.466 , 25.466
0 , 0 , 25.486 , 25.486
0 , 0 , 25.508 , 25.508
0 , 0 , 25.526 , 25.526
0 , 0 , 25.546 , 25.546
0 , 0 , 25.565 , 25.565
0 , 0 , 25.584 , 25.584
0 , 0 , 25.604 , 25.604
0 , 0 , 25.622 , 25.622
0.001 , 0 , 25.642 , 25.643
0 , 0 , 25.662 , 25.662
0 , 0 , 25.682 , 25.682
0.001 , 0 , 25.7 , 25.701
0 , 0 , 25.72 , 25.72
0 , 0 , 25.74 , 25.74
0 , 0 , 25.76 , 25.76
0 , 0 , 25.78 , 25.78
0.001 , 0 , 25.798 , 25.799
0 , 0 , 25.818 , 25.818
0 , 0 , 25.838 , 25.838
0 , 0 , 25.858 , 25.858
0 , 0 , 25.88 , 25.88
0 , 0 , 25.9 , 25.9
0 , 0 , 25.92 , 25.92
0 , 0.001 , 25.94 , 25.941
0 , 0 , 25.962 , 25.962
0.001 , 0 , 25.982 , 25.983
0 , 0 , 26.004 , 26.004
0 , 0 , 26.025 , 26.025
0 , 0 , 26.046 , 26.046
0 , 0 , 26.068 , 26.068
0 , 0 , 26.09 , 26.09
0 , 0 , 26.112 , 26.112
0 , 0 , 26.132 , 26.132
0.001 , 0 , 26.152 , 26.153
0 , 0 , 26.173 , 26.173
0 , 0 , 26.194 , 26.194
0 , 0 , 26.214 , 26.214
0 , 0 , 26.237 , 26.237
0.001 , 0 , 26.256 , 26.257
0 , 0 , 26.278 , 26.278
0 , 0.001 , 26.298 , 26.299
0.001 , 0 , 26.318 , 26.319
0 , 0 , 26.342 , 26.342
0 , 0 , 26.362 , 26.362
0 , 0 , 26.384 , 26.384
0 , 0 , 26.404 , 26.404
0 , 0 , 26.426 , 26.426
0 , 0 , 26.446 , 26.446
0 , 0 , 26.468 , 26.468
0 , 0 , 26.488 , 26.488
0 , 0 , 26.51 , 26.51
0 , 0 , 26.53 , 26.53
0 , 0 , 26.552 , 26.552
0 , 0 , 26.572 , 26.572
0 , 0 , 26.594 , 26.594
0 , 0 , 26.616 , 26.616
0 , 0 , 26.638 , 26.638
0 , 0 , 26.66 , 26.66
0 , 0 , 26.68 , 26.68
0 , 0 , 26.704 , 26.704
0 , 0 , 26.725 , 26.725
0.001 , 0 , 26.746 , 26.747
0 , 0 , 26.768 , 26.768
0.001 , 0 , 26.79 , 26.791
0.001 , 0 , 26.812 , 26.813
0 , 0 , 26.836 , 26.836
0.001 , 0 , 26.858 , 26.859
0 , 0 , 26.882 , 26.882
0 , 0 , 26.904 , 26.904
0.001 , 0 , 26.926 , 26.927
0 , 0 , 26.952 , 26.952
0 , 0 , 26.976 , 26.976
0 , 0 , 27 , 27
0 , 0 , 27.022 , 27.022
0 , 0 , 27.046 , 27.046
0 , 0 , 27.068 , 27.068
0 , 0 , 27.092 , 27.092
0 , 0 , 27.114 , 27.114
0 , 0 , 27.138 , 27.138
0 , 0 , 27.162 , 27.162
0 , 0 , 27.186 , 27.186
0 , 0 , 27.208 , 27.208
0 , 0 , 27.232 , 27.232
0 , 0 , 27.255 , 27.255
0 , 0 , 27.28 , 27.28
0 , 0 , 27.302 , 27.302
0 , 0 , 27.326 , 27.326
0.001 , 0 , 27.35 , 27.351
0 , 0 , 27.376 , 27.376
0 , 0 , 27.398 , 27.398
0 , 0 , 27.422 , 27.422
0 , 0 , 27.444 , 27.444
0 , 0 , 27.468 , 27.468
0 , 0 , 27.49 , 27.49
0 , 0 , 27.514 , 27.514
0 , 0 , 27.536 , 27.536
0 , 0 , 27.56 , 27.56
0 , 0 , 27.582 , 27.582
0 , 0 , 27.605 , 27.605
0 , 0 , 27.628 , 27.628
0 , 0 , 27.651 , 27.651
0 , 0 , 27.674 , 27.674
0 , 0 , 27.698 , 27.698
0 , 0 , 27.72 , 27.72
0 , 0 , 27.744 , 27.744
0 , 0 , 27.768 , 27.768
0 , 0 , 27.792 , 27.792
0 , 0 , 27.814 , 27.814
0 , 0 , 27.838 , 27.838
0.001 , 0 , 27.86 , 27.861
0.001 , 0 , 27.884 , 27.885
0 , 0 , 27.908 , 27.908
0 , 0 , 27.932 , 27.932
0 , 0 , 27.954 , 27.954
0 , 0 , 27.979 , 27.979
0 , 0 , 28.002 , 28.002
0.001 , 0 , 28.026 , 28.027
0 , 0 , 28.05 , 28.05
0 , 0 , 28.074 , 28.074
0 , 0 , 28.098 , 28.098
0.001 , 0 , 28.122 , 28.123
0 , 0 , 28.148 , 28.148
0.001 , 0 , 28.172 , 28.173
0 , 0 , 28.198 , 28.198
0 , 0 , 28.224 , 28.224
0 , 0 , 28.25 , 28.25
0 , 0 , 28.276 , 28.276
0 , 0 , 28.302 , 28.302
0 , 0 , 28.328 , 28.328
0 , 0 , 28.354 , 28.354
0 , 0 , 28.38 , 28.38
0 , 0 , 28.406 , 28.406
0 , 0 , 28.432 , 28.432
0 , 0 , 28.46 , 28.46
0 , 0 , 28.484 , 28.484
0 , 0 , 28.509 , 28.509
0 , 0 , 28.534 , 28.534
0 , 0 , 28.558 , 28.558
0 , 0 , 28.584 , 28.584
0 , 0 , 28.61 , 28.61
0 , 0 , 28.634 , 28.634
0 , 0 , 28.66 , 28.66
0 , 0 , 28.684 , 28.684
0 , 0 , 28.71 , 28.71
0 , 0 , 28.735 , 28.735
0 , 0 , 28.763 , 28.763
0 , 0 , 28.788 , 28.788
0.001 , 0 , 28.816 , 28.817
0 , 0 , 28.844 , 28.844
0 , 0 , 28.87 , 28.87
0 , 0 , 28.897 , 28.897
0 , 0 , 28.924 , 28.924
0 , 0 , 28.95 , 28.95
0 , 0 , 28.976 , 28.976
0 , 0 , 29.004 , 29.004
0 , 0 , 29.03 , 29.03
0 , 0 , 29.058 , 29.058
0 , 0 , 29.085 , 29.085
0 , 0 , 29.111 , 29.111
0 , 0 , 29.14 , 29.14
0 , 0 , 29.167 , 29.167
0 , 0 , 29.194 , 29.194
0 , 0 , 29.222 , 29.222
0 , 0 , 29.249 , 29.249
0 , 0 , 29.275 , 29.275
0 , 0 , 29.303 , 29.303
0.001 , 0 , 29.33 , 29.331
0 , 0 , 29.357 , 29.357
0 , 0 , 29.384 , 29.384
0 , 0 , 29.413 , 29.413
0 , 0 , 29.44 , 29.44
0 , 0 , 29.469 , 29.469
0 , 0 , 29.498 , 29.498
0 , 0 , 29.526 , 29.526
0 , 0 , 29.554 , 29.554
0 , 0 , 29.582 , 29.582
0 , 0 , 29.61 , 29.61
0 , 0 , 29.638 , 29.638
0 , 0 , 29.666 , 29.666
0 , 0 , 29.695 , 29.695
0 , 0 , 29.723 , 29.723
0 , 0 , 29.75 , 29.75
0 , 0 , 29.78 , 29.78
0 , 0 , 29.808 , 29.808
0 , 0 , 29.836 , 29.836
0.001 , 0 , 29.864 , 29.865
0 , 0 , 29.894 , 29.894
0 , 0 , 29.922 , 29.922
0 , 0 , 29.949 , 29.949
0 , 0 , 29.978 , 29.978
0 , 0 , 30.006 , 30.006
0 , 0 , 30.036 , 30.036
0 , 0 , 30.062 , 30.062
0 , 0 , 30.092 , 30.092
0 , 0 , 30.12 , 30.12
0 , 0 , 30.148 , 30.148
0 , 0 , 30.178 , 30.178
0.001 , 0 , 30.206 , 30.207
0 , 0 , 30.238 , 30.238
0 , 0 , 30.266 , 30.266
0 , 0 , 30.294 , 30.294
0 , 0 , 30.324 , 30.324
0 , 0 , 30.352 , 30.352
0 , 0 , 30.382 , 30.382
0 , 0 , 30.411 , 30.411
0 , 0 , 30.44 , 30.44
0 , 0 , 30.47 , 30.47
0 , 0 , 30.498 , 30.498
0 , 0 , 30.528 , 30.528
0 , 0 , 30.557 , 30.557
0 , 0 , 30.588 , 30.588
0 , 0 , 30.618 , 30.618
0 , 0 , 30.647 , 30.647
0 , 0 , 30.676 , 30.676
0 , 0 , 30.706 , 30.706
0 , 0 , 30.736 , 30.736
0 , 0 , 30.764 , 30.764
0 , 0 , 30.794 , 30.794
0 , 0 , 30.824 , 30.824
0.001 , 0 , 30.854 , 30.855
0 , 0 , 30.884 , 30.884
0 , 0 , 30.914 , 30.914
0 , 0 , 30.945 , 30.945
0.001 , 0 , 30.976 , 30.977
0 , 0 , 31.006 , 31.006
0 , 0 , 31.038 , 31.038
0 , 0 , 31.069 , 31.069
0 , 0 , 31.1 , 31.1
0 , 0 , 31.13 , 31.13
0 , 0 , 31.161 , 31.161
0 , 0 , 31.192 , 31.192
0 , 0 , 31.222 , 31.222
0 , 0 , 31.253 , 31.253
0 , 0 , 31.284 , 31.284
0 , 0 , 31.315 , 31.315
0 , 0 , 31.346 , 31.346
0 , 0 , 31.374 , 31.374
0 , 0 , 31.404 , 31.404
0 , 0 , 31.433 , 31.433
0.001 , 0 , 31.462 , 31.463
0.001 , 0 , 31.49 , 31.491
0 , 0 , 31.52 , 31.52
0 , 0 , 31.552 , 31.552
0 , 0 , 31.582 , 31.582
0 , 0 , 31.61 , 31.61
0 , 0 , 31.642 , 31.642
0 , 0 , 31.672 , 31.672
0 , 0 , 31.702 , 31.702
0 , 0 , 31.73 , 31.73
0 , 0 , 31.76 , 31.76
0 , 0 , 31.79 , 31.79
0 , 0 , 31.82 , 31.82
0 , 0 , 31.85 , 31.85
0 , 0 , 31.878 , 31.878
0 , 0 , 31.908 , 31.908
0 , 0 , 31.938 , 31.938
0 , 0 , 31.969 , 31.969
0 , 0 , 31.998 , 31.998
0 , 0 , 32.03 , 32.03
0 , 0 , 32.062 , 32.062
0 , 0 , 32.092 , 32.092
0 , 0 , 32.122 , 32.122
0 , 0 , 32.152 , 32.152
0 , 0 , 32.182 , 32.182
0 , 0 , 32.212 , 32.212
0 , 0 , 32.244 , 32.244
0 , 0 , 32.274 , 32.274
0 , 0 , 32.306 , 32.306
0.001 , 0 , 32.336 , 32.337
0 , 0 , 32.368 , 32.368
0 , 0 , 32.4 , 32.4
0 , 0 , 32.43 , 32.43
0 , 0 , 32.46 , 32.46
0 , 0 , 32.49 , 32.49
0 , 0 , 32.522 , 32.522
0 , 0 , 32.552 , 32.552
0 , 0 , 32.584 , 32.584
0 , 0.001 , 32.614 , 32.615
0 , 0 , 32.646 , 32.646
0 , 0 , 32.678 , 32.678
0 , 0 , 32.708 , 32.708
0 , 0.001 , 32.738 , 32.739
0 , 0 , 32.771 , 32.771
0 , 0 , 32.802 , 32.802
0 , 0 , 32.832 , 32.832
0 , 0 , 32.864 , 32.864
0 , 0 , 32.896 , 32.896
0 , 0 , 32.928 , 32.928
0 , 0 , 32.96 , 32.96
0 , 0 , 32.99 , 32.99
0 , 0 , 33.022 , 33.022
0 , 0 , 33.054 , 33.054
0 , 0 , 33.086 , 33.086
0 , 0 , 33.116 , 33.116
0 , 0 , 33.15 , 33.15
0 , 0 , 33.182 , 33.182
0 , 0 , 33.216 , 33.216
0 , 0 , 33.25 , 33.25
0 , 0 , 33.282 , 33.282
0 , 0 , 33.316 , 33.316
0 , 0 , 33.35 , 33.35
0 , 0 , 33.386 , 33.386
0 , 0 , 33.418 , 33.418
0 , 0 , 33.453 , 33.453
0 , 0 , 33.488 , 33.488
0 , 0 , 33.522 , 33.522
0 , 0 , 33.556 , 33.556
0 , 0 , 33.588 , 33.588
0 , 0 , 33.623 , 33.623
0 , 0 , 33.658 , 33.658
0 , 0 , 33.692 , 33.692
0 , 0 , 33.726 , 33.726
0 , 0 , 33.76 , 33.76
0 , 0 , 33.796 , 33.796
0 , 0 , 33.83 , 33.83
0 , 0 , 33.864 , 33.864
0 , 0 , 33.899 , 33.899
0 , 0 , 33.932 , 33.932
0 , 0 , 33.967 , 33.967
0 , 0 , 34.002 , 34.002
0 , 0 , 34.036 , 34.036
0 , 0 , 34.071 , 34.071
0 , 0 , 34.104 , 34.104
0 , 0 , 34.14 , 34.14
0 , 0 , 34.175 , 34.175
0 , 0 , 34.21 , 34.21
0 , 0 , 34.246 , 34.246
0 , 0 , 34.282 , 34.282
0 , 0 , 34.316 , 34.316
0 , 0 , 34.352 , 34.352
0 , 0 , 34.387 , 34.387
0 , 0 , 34.422 , 34.422
0 , 0 , 34.456 , 34.456
0 , 0 , 34.492 , 34.492
0 , 0 , 34.528 , 34.528
0 , 0 , 34.564 , 34.564
0 , 0 , 34.6 , 34.6
0 , 0 , 34.634 , 34.634
0 , 0 , 34.67 , 34.67
0.001 , 0 , 34.704 , 34.705
0 , 0 , 34.74 , 34.74
0 , 0 , 34.776 , 34.776
0 , 0 , 34.81 , 34.81
0 , 0 , 34.846 , 34.846
0 , 0.001 , 34.88 , 34.881
0 , 0 , 34.918 , 34.918
0 , 0 , 34.953 , 34.953
0 , 0 , 34.988 , 34.988
0 , 0 , 35.024 , 35.024
0 , 0 , 35.06 , 35.06
0 , 0 , 35.096 , 35.096
0 , 0 , 35.132 , 35.132
0 , 0 , 35.166 , 35.166
0 , 0 , 35.202 , 35.202
0 , 0 , 35.238 , 35.238
0 , 0 , 35.276 , 35.276
0 , 0 , 35.312 , 35.312
0 , 0 , 35.346 , 35.346
0 , 0 , 35.382 , 35.382
0 , 0 , 35.418 , 35.419
0 , 0 , 35.455 , 35.455
0 , 0 , 35.492 , 35.492
0.001 , 0 , 35.528 , 35.529
0 , 0 , 35.564 , 35.564
0 , 0 , 35.602 , 35.602
0 , 0 , 35.64 , 35.64
0 , 0 , 35.676 , 35.676
0 , 0.001 , 35.712 , 35.713
0 , 0 , 35.75 , 35.75
0 , 0 , 35.786 , 35.786
0 , 0 , 35.823 , 35.823
0 , 0 , 35.859 , 35.859
0 , 0 , 35.898 , 35.898
0.001 , 0 , 35.934 , 35.935
0 , 0 , 35.972 , 35.972
0.001 , 0 , 36.008 , 36.009
0 , 0 , 36.047 , 36.047
0 , 0 , 36.084 , 36.084
0 , 0 , 36.122 , 36.122
0 , 0 , 36.157 , 36.157
0 , 0 , 36.196 , 36.196
0 , 0 , 36.236 , 36.236
0 , 0 , 36.274 , 36.274
0.001 , 0 , 36.31 , 36.311
0 , 0 , 36.348 , 36.348
0 , 0 , 36.386 , 36.386
0 , 0 , 36.424 , 36.424
0 , 0 , 36.46 , 36.46
0 , 0 , 36.5 , 36.5
0 , 0.001 , 36.536 , 36.537
0 , 0 , 36.574 , 36.574
0 , 0 , 36.613 , 36.613
0 , 0 , 36.65 , 36.65
0 , 0 , 36.688 , 36.688
0 , 0 , 36.727 , 36.727
0 , 0 , 36.764 , 36.764
0.001 , 0 , 36.802 , 36.803
0 , 0.001 , 36.838 , 36.839
0 , 0 , 36.876 , 36.876
0 , 0 , 36.915 , 36.915
0 , 0 , 36.954 , 36.954
0 , 0 , 36.993 , 36.993
0 , 0 , 37.032 , 37.032
0 , 0 , 37.07 , 37.07
0 , 0 , 37.109 , 37.109
0 , 0 , 37.148 , 37.148
0 , 0 , 37.186 , 37.186
0.001 , 0 , 37.224 , 37.225
0 , 0 , 37.262 , 37.262
0 , 0 , 37.298 , 37.298
0.001 , 0 , 37.336 , 37.337
0 , 0 , 37.372 , 37.372
0 , 0 , 37.41 , 37.41
0 , 0 , 37.447 , 37.447
0 , 0 , 37.486 , 37.486
0 , 0 , 37.524 , 37.524
0 , 0 , 37.564 , 37.564
0 , 0 , 37.602 , 37.602
0.001 , 0 , 37.64 , 37.641
0 , 0 , 37.678 , 37.678
0 , 0 , 37.72 , 37.72
0 , 0 , 37.759 , 37.759
0 , 0 , 37.798 , 37.798
0 , 0 , 37.838 , 37.838
0 , 0 , 37.876 , 37.876
0 , 0 , 37.916 , 37.916
0 , 0 , 37.956 , 37.956
0 , 0 , 37.994 , 37.994
0 , 0 , 38.034 , 38.034
0.001 , 0 , 38.074 , 38.075
0 , 0 , 38.114 , 38.114
0 , 0 , 38.153 , 38.153
0.001 , 0 , 38.192 , 38.193
0 , 0 , 38.232 , 38.232
0 , 0 , 38.272 , 38.272
0 , 0 , 38.31 , 38.31
0 , 0 , 38.35 , 38.35
0 , 0 , 38.387 , 38.387
0 , 0 , 38.426 , 38.426
0.001 , 0 , 38.464 , 38.465
0 , 0 , 38.502 , 38.502
0 , 0 , 38.54 , 38.54
0 , 0 , 38.578 , 38.578
0.001 , 0 , 38.614 , 38.615
0 , 0 , 38.654 , 38.654
0 , 0 , 38.692 , 38.692
0 , 0 , 38.731 , 38.731
0 , 0 , 38.77 , 38.77
0 , 0 , 38.808 , 38.808
0 , 0 , 38.848 , 38.848
0 , 0 , 38.885 , 38.885
0 , 0 , 38.922 , 38.922
0 , 0 , 38.964 , 38.964
0 , 0 , 39.004 , 39.004
0 , 0 , 39.044 , 39.044
0 , 0 , 39.084 , 39.084
0 , 0 , 39.125 , 39.125
0 , 0 , 39.166 , 39.166
0.001 , 0 , 39.206 , 39.207
0 , 0 , 39.246 , 39.246
0 , 0 , 39.288 , 39.288
0 , 0 , 39.328 , 39.328
0 , 0 , 39.37 , 39.37
0 , 0 , 39.408 , 39.408
0 , 0.001 , 39.446 , 39.447
0.001 , 0 , 39.486 , 39.487
0 , 0 , 39.526 , 39.526
0 , 0 , 39.564 , 39.564
0 , 0 , 39.604 , 39.604
0 , 0 , 39.644 , 39.644
0 , 0 , 39.686 , 39.686
0 , 0 , 39.728 , 39.728
0 , 0 , 39.768 , 39.768
0 , 0 , 39.808 , 39.808
0 , 0 , 39.849 , 39.849
0 , 0 , 39.89 , 39.89
0.001 , 0 , 39.93 , 39.931
0 , 0 , 39.974 , 39.974
0.001 , 0 , 40.014 , 40.015
0 , 0 , 40.056 , 40.056
0 , 0 , 40.098 , 40.098
0 , 0 , 40.14 , 40.14
0 , 0.001 , 40.18 , 40.181
0 , 0 , 40.223 , 40.223
0 , 0 , 40.266 , 40.266
0 , 0 , 40.304 , 40.304
0 , 0 , 40.346 , 40.346
0 , 0 , 40.386 , 40.386
0 , 0 , 40.426 , 40.426
0 , 0 , 40.464 , 40.464
0 , 0 , 40.504 , 40.504
0 , 0 , 40.545 , 40.545
0 , 0 , 40.585 , 40.585
0 , 0 , 40.626 , 40.626
0.001 , 0 , 40.664 , 40.665
0 , 0 , 40.706 , 40.706
0 , 0 , 40.746 , 40.746
0.001 , 0 , 40.786 , 40.787
0 , 0 , 40.828 , 40.828
0 , 0 , 40.868 , 40.868
0 , 0 , 40.908 , 40.908
0 , 0 , 40.95 , 40.95
0 , 0 , 40.994 , 40.994
0 , 0 , 41.034 , 41.034
0 , 0 , 41.078 , 41.078
0 , 0 , 41.121 , 41.121
0 , 0 , 41.164 , 41.164
0 , 0 , 41.206 , 41.206
0 , 0 , 41.248 , 41.248
0 , 0 , 41.292 , 41.292
0 , 0 , 41.336 , 41.336
0 , 0 , 41.378 , 41.378
0 , 0 , 41.42 , 41.42
0 , 0 , 41.464 , 41.464
0 , 0 , 41.507 , 41.507
0 , 0 , 41.55 , 41.55
0 , 0 , 41.593 , 41.593
0 , 0 , 41.636 , 41.636
0 , 0 , 41.68 , 41.68
0 , 0 , 41.724 , 41.724
0 , 0 , 41.766 , 41.766
0 , 0 , 41.809 , 41.809
0 , 0 , 41.852 , 41.852
0 , 0 , 41.894 , 41.894
0 , 0 , 41.938 , 41.938
0 , 0 , 41.982 , 41.982
0 , 0 , 42.025 , 42.025
0 , 0 , 42.068 , 42.068
0 , 0 , 42.113 , 42.113
0 , 0 , 42.176 , 42.176
0 , 0 , 42.208 , 42.208
0 , 0 , 42.24 , 42.24
0 , 0 , 42.302 , 42.302
0 , 0 , 42.346 , 42.346
0 , 0 , 42.389 , 42.389
0 , 0 , 42.434 , 42.434
0 , 0 , 42.48 , 42.48
0 , 0 , 42.524 , 42.524
0 , 0 , 42.568 , 42.568
0 , 0 , 42.612 , 42.612
0.001 , 0 , 42.656 , 42.657
0.001 , 0 , 42.7 , 42.701
0 , 0 , 42.745 , 42.745
0 , 0 , 42.79 , 42.79
0 , 0 , 42.835 , 42.835
0 , 0 , 42.879 , 42.879
0 , 0 , 42.922 , 42.922
0 , 0 , 42.966 , 42.966
0 , 0 , 43.008 , 43.008
0.001 , 0 , 43.05 , 43.051
0 , 0 , 43.092 , 43.092
0 , 0 , 43.134 , 43.134
0.001 , 0 , 43.176 , 43.177
0 , 0 , 43.218 , 43.218
0.001 , 0 , 43.262 , 43.263
0 , 0 , 43.306 , 43.306
0 , 0 , 43.35 , 43.35
0 , 0 , 43.394 , 43.394
0 , 0 , 43.439 , 43.439
0 , 0 , 43.484 , 43.484
0 , 0 , 43.529 , 43.529
0 , 0 , 43.574 , 43.574
0 , 0 , 43.62 , 43.62
0 , 0 , 43.666 , 43.666
0 , 0 , 43.71 , 43.71
0 , 0 , 43.755 , 43.755
0 , 0 , 43.8 , 43.8
0 , 0 , 43.846 , 43.846
0 , 0 , 43.89 , 43.89
0 , 0 , 43.936 , 43.936
0 , 0 , 43.982 , 43.982
0 , 0 , 44.027 , 44.027
0 , 0 , 44.072 , 44.072
0 , 0 , 44.118 , 44.118
0 , 0 , 44.164 , 44.164
0 , 0 , 44.209 , 44.209
0 , 0 , 44.255 , 44.255
0.001 , 0 , 44.3 , 44.301
0 , 0 , 44.348 , 44.348
0 , 0 , 44.392 , 44.392
0.001 , 0 , 44.438 , 44.439
0.001 , 0 , 44.484 , 44.485
0.001 , 0 , 44.53 , 44.531
0 , 0 , 44.576 , 44.576
0 , 0 , 44.622 , 44.622
0.001 , 0 , 44.668 , 44.669
0 , 0 , 44.716 , 44.716
0 , 0 , 44.761 , 44.761
0 , 0 , 44.808 , 44.808
0 , 0 , 44.854 , 44.854
0 , 0 , 44.9 , 44.9
0 , 0 , 44.946 , 44.946
0 , 0 , 44.992 , 44.992
0 , 0.001 , 45.038 , 45.039
0 , 0 , 45.086 , 45.086
0 , 0 , 45.132 , 45.132
0 , 0 , 45.18 , 45.18
0.001 , 0 , 45.228 , 45.229
0 , 0 , 45.276 , 45.276
0 , 0 , 45.322 , 45.322
0.001 , 0 , 45.368 , 45.369
0 , 0 , 45.416 , 45.416
0 , 0 , 45.464 , 45.464
0.001 , 0 , 45.51 , 45.511
0 , 0 , 45.558 , 45.558
0 , 0 , 45.604 , 45.604
0 , 0 , 45.652 , 45.652
0 , 0 , 45.7 , 45.7
0 , 0 , 45.748 , 45.748
0 , 0 , 45.794 , 45.794
0 , 0 , 45.842 , 45.842
0 , 0 , 45.888 , 45.888
0.001 , 0 , 45.936 , 45.937
0 , 0 , 45.984 , 45.984
0.001 , 0 , 46.03 , 46.031
0 , 0 , 46.078 , 46.078
0 , 0 , 46.126 , 46.126
0 , 0 , 46.174 , 46.174
0 , 0 , 46.222 , 46.222
0.001 , 0 , 46.268 , 46.269
0 , 0.001 , 46.316 , 46.317
0.001 , 0 , 46.364 , 46.365
0 , 0 , 46.412 , 46.412
0 , 0 , 46.462 , 46.462
0 , 0 , 46.51 , 46.51
0 , 0 , 46.56 , 46.56
0 , 0 , 46.61 , 46.61
0 , 0 , 46.66 , 46.66
0.001 , 0 , 46.708 , 46.709
0 , 0 , 46.758 , 46.758
0 , 0 , 46.808 , 46.808
0 , 0 , 46.856 , 46.856
0 , 0 , 46.906 , 46.906
0.001 , 0 , 46.956 , 46.957
0 , 0 , 47.006 , 47.006
0 , 0 , 47.056 , 47.056
0 , 0 , 47.106 , 47.106
0 , 0 , 47.156 , 47.156
0 , 0 , 47.206 , 47.206
0 , 0 , 47.255 , 47.255
0 , 0 , 47.305 , 47.305
0 , 0 , 47.356 , 47.356
0 , 0 , 47.406 , 47.406
0 , 0 , 47.456 , 47.456
0 , 0 , 47.505 , 47.505
0 , 0 , 47.555 , 47.555
0 , 0 , 47.605 , 47.605
0.001 , 0 , 47.654 , 47.655
0.001 , 0 , 47.704 , 47.705
0 , 0 , 47.76 , 47.76
0 , 0 , 47.812 , 47.812
0 , 0 , 47.86 , 47.86
0 , 0 , 47.91 , 47.91
0 , 0 , 47.962 , 47.963
0 , 0 , 48.014 , 48.014
0 , 0 , 48.066 , 48.066
0 , 0 , 48.116 , 48.116
0 , 0 , 48.142 , 48.142
0 , 0 , 48.204 , 48.204
0 , 0 , 48.268 , 48.268
0 , 0 , 48.298 , 48.298
0 , 0 , 48.342 , 48.342
0 , 0 , 48.404 , 48.404
0 , 0 , 48.466 , 48.466
0 , 0 , 48.498 , 48.498
0 , 0 , 48.542 , 48.542
0 , 0 , 48.604 , 48.604
0 , 0 , 48.636 , 48.636
0 , 0 , 48.698 , 48.698
0 , 0 , 48.742 , 48.742
0 , 0 , 48.804 , 48.804
0 , 0 , 48.836 , 48.836
0 , 0 , 48.898 , 48.898
0 , 0 , 48.94 , 48.94
0 , 0 , 49.004 , 49.004
0 , 0 , 49.034 , 49.034
0 , 0 , 49.098 , 49.098
0 , 0 , 49.14 , 49.14
0 , 0 , 49.204 , 49.204
0 , 0 , 49.234 , 49.234
0 , 0 , 49.296 , 49.296
0 , 0 , 49.34 , 49.34
0 , 0 , 49.402 , 49.402
0 , 0 , 49.434 , 49.434
0 , 0 , 49.496 , 49.496
0 , 0 , 49.54 , 49.54
0 , 0 , 49.602 , 49.602
0 , 0 , 49.634 , 49.634
0 , 0 , 49.696 , 49.696
0 , 0 , 49.74 , 49.74
0 , 0 , 49.802 , 49.802
0 , 0 , 49.834 , 49.834
0 , 0 , 49.896 , 49.896
0 , 0 , 49.94 , 49.94
0 , 0 , 50.002 , 50.002
0 , 0 , 50.064 , 50.064
0 , 0 , 50.096 , 50.096
0 , 0 , 50.138 , 50.138
0 , 0 , 50.202 , 50.202
0 , 0 , 50.264 , 50.264
0 , 0 , 50.296 , 50.296
0 , 0 , 50.37 , 50.37
0 , 0 , 50.402 , 50.402
0 , 0 , 50.464 , 50.464
0 , 0 , 50.496 , 50.496
0 , 0 , 50.57 , 50.57
0 , 0 , 50.602 , 50.602
0 , 0 , 50.664 , 50.664
0 , 0 , 50.728 , 50.728
0 , 0 , 50.772 , 50.772
0 , 0 , 50.802 , 50.802
0 , 0 , 50.866 , 50.866
0 , 0 , 50.932 , 50.932
0 , 0 , 50.972 , 50.972
0 , 0 , 51.004 , 51.004
0 , 0 , 51.066 , 51.066
0 , 0 , 51.136 , 51.136
0 , 0 , 51.172 , 51.172
0 , 0 , 51.234 , 51.234
0 , 0 , 51.266 , 51.266
0 , 0 , 51.34 , 51.34
0 , 0 , 51.372 , 51.372
0 , 0 , 51.434 , 51.434
0 , 0 , 51.496 , 51.496
0 , 0 , 51.542 , 51.542
0 , 0 , 51.572 , 51.572
0 , 0 , 51.636 , 51.636
0 , 0 , 51.698 , 51.698
0 , 0 , 51.742 , 51.742
0 , 0 , 51.804 , 51.804
0 , 0 , 51.836 , 51.836
0 , 0 , 51.898 , 51.898
0 , 0 , 51.942 , 51.942
0 , 0 , 52.006 , 52.006
0 , 0 , 52.068 , 52.068
0 , 0 , 52.098 , 52.098
0 , 0 , 52.144 , 52.144
0 , 0 , 52.206 , 52.206
0 , 0 , 52.268 , 52.268
0 , 0 , 52.331 , 52.331
0 , 0 , 52.376 , 52.376
0 , 0 , 52.406 , 52.406
0 , 0 , 52.468 , 52.468
0 , 0 , 52.542 , 52.542
0 , 0 , 52.576 , 52.576
0 , 0 , 52.638 , 52.638
0 , 0 , 52.67 , 52.67
0 , 0 , 52.746 , 52.746
0 , 0 , 52.776 , 52.776
0 , 0 , 52.838 , 52.838
0 , 0 , 52.902 , 52.902
0 , 0 , 52.946 , 52.946
0 , 0 , 53.008 , 53.008
0 , 0 , 53.04 , 53.04
0 , 0 , 53.102 , 53.102
0 , 0 , 53.146 , 53.146
0 , 0 , 53.208 , 53.208
0 , 0 , 53.272 , 53.272
0 , 0 , 53.336 , 53.336
0 , 0 , 53.378 , 53.378
0 , 0 , 53.44 , 53.44
0 , 0 , 53.472 , 53.472
0 , 0 , 53.548 , 53.548
0 , 0 , 53.578 , 53.578
0 , 0 , 53.642 , 53.642
0 , 0 , 53.704 , 53.704
0 , 0 , 53.748 , 53.748
0 , 0 , 53.81 , 53.81
0 , 0 , 53.842 , 53.842
0 , 0 , 53.904 , 53.904
0 , 0 , 53.948 , 53.948
