#Qurey Time, Memory allocation , I/O Time , Total
0 , 0 , 21.022 , 21.022
0 , 0 , 21.022 , 21.022
0 , 0 , 21.022 , 21.022
0 , 0 , 21.022 , 21.022
0 , 0 , 21.022 , 21.022
0 , 0 , 21.054 , 21.054
0 , 0 , 21.054 , 21.054
0 , 0 , 21.054 , 21.054
0 , 0 , 21.054 , 21.054
0 , 0 , 21.054 , 21.054
0 , 0 , 21.054 , 21.054
0 , 0 , 21.054 , 21.054
0 , 0 , 21.054 , 21.054
0 , 0 , 21.054 , 21.054
0 , 0 , 21.054 , 21.054
0 , 0 , 21.054 , 21.054
0 , 0 , 21.054 , 21.054
0 , 0 , 21.054 , 21.054
0 , 0 , 21.054 , 21.054
0 , 0 , 21.054 , 21.054
0 , 0 , 21.054 , 21.054
0 , 0 , 21.084 , 21.084
0 , 0 , 21.084 , 21.084
0 , 0 , 21.084 , 21.084
0 , 0 , 21.084 , 21.084
0 , 0 , 21.084 , 21.084
0 , 0 , 21.084 , 21.084
0 , 0 , 21.084 , 21.084
0 , 0 , 21.084 , 21.084
0 , 0 , 21.084 , 21.084
0 , 0 , 21.084 , 21.084
0 , 0 , 21.084 , 21.084
0 , 0 , 21.192 , 21.192
0 , 0 , 21.192 , 21.192
0 , 0 , 21.222 , 21.222
0 , 0 , 21.222 , 21.222
0 , 0 , 21.222 , 21.222
0 , 0 , 21.254 , 21.254
0 , 0 , 21.254 , 21.254
0 , 0 , 21.254 , 21.254
0 , 0 , 21.254 , 21.254
0 , 0 , 21.284 , 21.284
0 , 0 , 21.284 , 21.284
0 , 0 , 21.284 , 21.284
0.016 , 0 , 21.284 , 21.3
0 , 0 , 21.32 , 21.32
0.001 , 0 , 21.322 , 21.323
0.001 , 0 , 21.326 , 21.327
0 , 0 , 21.328 , 21.328
0 , 0 , 21.328 , 21.328
0 , 0 , 21.328 , 21.328
0 , 0 , 21.328 , 21.328
0 , 0 , 21.328 , 21.328
0 , 0 , 21.328 , 21.328
0 , 0 , 21.328 , 21.328
0 , 0 , 21.328 , 21.328
0 , 0 , 21.36 , 21.36
0 , 0 , 21.36 , 21.36
0 , 0 , 21.36 , 21.36
0 , 0 , 21.36 , 21.36
0 , 0 , 21.36 , 21.36
0 , 0 , 21.36 , 21.36
0.015 , 0 , 21.36 , 21.375
0 , 0 , 21.39 , 21.39
0 , 0 , 21.39 , 21.39
0 , 0 , 21.39 , 21.39
0 , 0 , 21.39 , 21.39
0 , 0 , 21.39 , 21.39
0 , 0 , 21.39 , 21.39
0 , 0 , 21.39 , 21.39
0 , 0 , 21.422 , 21.422
0 , 0 , 21.422 , 21.422
0 , 0 , 21.422 , 21.422
0 , 0 , 21.422 , 21.422
0 , 0 , 21.422 , 21.422
0 , 0 , 21.422 , 21.422
0.016 , 0 , 21.422 , 21.438
0 , 0 , 21.454 , 21.454
0 , 0 , 21.454 , 21.454
0 , 0 , 21.454 , 21.454
0 , 0 , 21.454 , 21.454
0 , 0 , 21.454 , 21.454
0 , 0 , 21.454 , 21.454
0 , 0 , 21.484 , 21.484
0 , 0 , 21.484 , 21.484
0 , 0 , 21.484 , 21.484
0 , 0 , 21.484 , 21.484
0 , 0 , 21.484 , 21.484
0 , 0 , 21.484 , 21.484
0 , 0 , 21.518 , 21.518
0 , 0 , 21.524 , 21.524
0 , 0 , 21.528 , 21.528
0 , 0 , 21.528 , 21.528
0 , 0 , 21.528 , 21.528
0 , 0 , 21.528 , 21.528
0 , 0 , 21.528 , 21.528
0 , 0 , 21.528 , 21.528
0 , 0 , 21.56 , 21.56
0 , 0 , 21.56 , 21.56
0 , 0 , 21.56 , 21.56
0 , 0 , 21.56 , 21.56
0 , 0 , 21.56 , 21.56
0 , 0 , 21.56 , 21.56
0 , 0 , 21.592 , 21.592
0 , 0 , 21.592 , 21.592
0 , 0 , 21.592 , 21.592
0 , 0 , 21.592 , 21.592
0 , 0 , 21.592 , 21.592
0 , 0 , 21.622 , 21.622
0 , 0 , 21.622 , 21.622
0 , 0 , 21.622 , 21.622
0 , 0 , 21.622 , 21.622
0 , 0 , 21.622 , 21.622
0.016 , 0 , 21.622 , 21.638
0 , 0 , 21.654 , 21.654
0 , 0 , 21.654 , 21.654
0 , 0 , 21.654 , 21.654
0 , 0 , 21.654 , 21.654
0.016 , 0 , 21.654 , 21.67
0 , 0 , 21.686 , 21.686
0 , 0 , 21.686 , 21.686
0 , 0 , 21.686 , 21.686
0 , 0 , 21.686 , 21.686
0 , 0 , 21.718 , 21.718
0.001 , 0 , 21.724 , 21.725
0 , 0 , 21.73 , 21.73
0 , 0 , 21.73 , 21.73
0 , 0 , 21.73 , 21.73
0 , 0 , 21.73 , 21.73
0.015 , 0 , 21.73 , 21.745
0 , 0 , 21.76 , 21.76
0 , 0 , 21.76 , 21.76
0 , 0 , 21.76 , 21.76
0 , 0 , 21.76 , 21.76
0 , 0 , 21.792 , 21.792
0 , 0 , 21.792 , 21.792
0 , 0 , 21.792 , 21.792
0 , 0 , 21.792 , 21.792
0 , 0 , 21.824 , 21.824
0 , 0 , 21.824 , 21.824
0 , 0 , 21.824 , 21.824
0 , 0 , 21.824 , 21.824
0 , 0 , 21.854 , 21.854
0 , 0 , 21.854 , 21.854
0 , 0 , 21.854 , 21.854
0 , 0 , 21.886 , 21.886
0 , 0 , 21.886 , 21.886
0 , 0 , 21.917 , 21.917
0 , 0 , 21.926 , 21.926
0.001 , 0 , 21.934 , 21.935
0 , 0 , 21.946 , 21.946
0 , 0 , 21.954 , 21.954
0 , 0 , 21.962 , 21.962
0 , 0 , 21.97 , 21.97
0.001 , 0 , 21.978 , 21.979
0 , 0 , 21.988 , 21.988
0.002 , 0 , 21.996 , 21.998
0.002 , 0 , 22.008 , 22.01
0.001 , 0 , 22.02 , 22.021
0 , 0 , 22.03 , 22.03
0.001 , 0.001 , 22.038 , 22.04
0.001 , 0 , 22.05 , 22.051
0 , 0 , 22.061 , 22.061
0.001 , 0 , 22.07 , 22.071
0 , 0 , 22.08 , 22.08
0.001 , 0 , 22.088 , 22.089
0 , 0 , 22.1 , 22.1
0.001 , 0 , 22.108 , 22.109
0 , 0 , 22.118 , 22.118
0.001 , 0 , 22.126 , 22.127
0 , 0 , 22.136 , 22.136
0 , 0 , 22.146 , 22.146
0 , 0 , 22.154 , 22.154
0.001 , 0 , 22.164 , 22.165
0 , 0 , 22.174 , 22.174
0 , 0.001 , 22.184 , 22.185
0.001 , 0 , 22.194 , 22.195
0.001 , 0 , 22.204 , 22.205
0.001 , 0 , 22.214 , 22.215
0 , 0 , 22.224 , 22.224
0 , 0 , 22.236 , 22.236
0 , 0 , 22.246 , 22.246
0 , 0 , 22.256 , 22.256
0.001 , 0 , 22.266 , 22.267
0 , 0.001 , 22.276 , 22.277
0.001 , 0 , 22.288 , 22.289
0.001 , 0.001 , 22.302 , 22.304
0.001 , 0 , 22.315 , 22.316
0 , 0 , 22.328 , 22.328
0 , 0 , 22.338 , 22.338
0.001 , 0 , 22.348 , 22.349
0 , 0 , 22.36 , 22.36
0 , 0 , 22.371 , 22.371
0.001 , 0 , 22.382 , 22.383
0 , 0 , 22.394 , 22.394
0 , 0 , 22.404 , 22.404
0.001 , 0 , 22.416 , 22.417
0 , 0 , 22.428 , 22.428
0.001 , 0 , 22.438 , 22.439
0.001 , 0 , 22.45 , 22.451
0.001 , 0 , 22.462 , 22.463
0.001 , 0 , 22.476 , 22.477
0 , 0.001 , 22.488 , 22.489
0 , 0 , 22.502 , 22.502
0 , 0 , 22.514 , 22.514
0 , 0.001 , 22.524 , 22.525
0 , 0 , 22.538 , 22.538
0 , 0 , 22.55 , 22.55
0.001 , 0 , 22.56 , 22.561
0 , 0 , 22.574 , 22.574
0.001 , 0 , 22.586 , 22.587
0.001 , 0 , 22.601 , 22.602
0 , 0 , 22.616 , 22.616
0 , 0 , 22.628 , 22.628
0 , 0 , 22.64 , 22.64
0 , 0 , 22.654 , 22.654
0.002 , 0 , 22.668 , 22.67
0 , 0 , 22.682 , 22.682
0 , 0 , 22.696 , 22.696
0 , 0 , 22.708 , 22.708
0 , 0 , 22.722 , 22.722
0 , 0 , 22.734 , 22.734
0 , 0 , 22.746 , 22.746
0 , 0 , 22.76 , 22.76
0 , 0 , 22.773 , 22.773
0.001 , 0 , 22.786 , 22.787
0 , 0 , 22.8 , 22.8
0 , 0 , 22.812 , 22.812
0.001 , 0 , 22.824 , 22.825
0 , 0 , 22.84 , 22.84
0 , 0 , 22.852 , 22.852
0 , 0 , 22.865 , 22.865
0.001 , 0 , 22.878 , 22.879
0.001 , 0 , 22.892 , 22.893
0.001 , 0 , 22.908 , 22.909
0 , 0 , 22.922 , 22.922
0 , 0 , 22.936 , 22.936
0.001 , 0 , 22.95 , 22.951
0.001 , 0 , 22.966 , 22.967
0.003 , 0 , 22.98 , 22.983
0.002 , 0.001 , 22.998 , 23.001
0.002 , 0 , 23.02 , 23.022
0.002 , 0 , 23.04 , 23.042
0 , 0 , 23.058 , 23.058
0 , 0 , 23.072 , 23.072
0.001 , 0 , 23.086 , 23.087
0.001 , 0 , 23.1 , 23.101
0 , 0 , 23.114 , 23.114
0 , 0 , 23.128 , 23.128
0 , 0 , 23.142 , 23.142
0 , 0 , 23.156 , 23.156
0 , 0 , 23.172 , 23.172
0 , 0 , 23.186 , 23.186
0.001 , 0 , 23.198 , 23.199
0 , 0 , 23.214 , 23.214
0 , 0 , 23.227 , 23.227
0 , 0.001 , 23.24 , 23.241
0 , 0 , 23.256 , 23.256
0 , 0 , 23.27 , 23.27
0 , 0 , 23.284 , 23.284
0 , 0 , 23.298 , 23.298
0 , 0 , 23.312 , 23.312
0 , 0 , 23.326 , 23.326
0 , 0 , 23.342 , 23.342
0 , 0 , 23.356 , 23.356
0 , 0 , 23.37 , 23.37
0 , 0 , 23.385 , 23.385
0 , 0 , 23.399 , 23.399
0 , 0 , 23.414 , 23.414
0 , 0 , 23.428 , 23.428
0 , 0 , 23.442 , 23.442
0 , 0 , 23.456 , 23.456
0 , 0 , 23.472 , 23.472
0 , 0 , 23.486 , 23.486
0 , 0 , 23.501 , 23.501
0 , 0 , 23.518 , 23.518
0.001 , 0 , 23.532 , 23.533
0 , 0 , 23.548 , 23.548
0.001 , 0 , 23.562 , 23.563
0 , 0 , 23.578 , 23.578
0.001 , 0 , 23.592 , 23.593
0 , 0 , 23.608 , 23.608
0.001 , 0 , 23.624 , 23.625
0.001 , 0 , 23.64 , 23.641
0.001 , 0 , 23.656 , 23.657
0.001 , 0 , 23.672 , 23.673
0 , 0 , 23.688 , 23.688
0 , 0 , 23.705 , 23.705
0 , 0.001 , 23.72 , 23.721
0.001 , 0 , 23.736 , 23.737
0 , 0 , 23.754 , 23.754
0 , 0 , 23.77 , 23.77
0 , 0 , 23.784 , 23.784
0 , 0 , 23.802 , 23.802
0 , 0 , 23.818 , 23.818
0 , 0 , 23.836 , 23.836
0 , 0 , 23.851 , 23.851
0 , 0 , 23.868 , 23.868
0 , 0 , 23.886 , 23.886
0 , 0 , 23.902 , 23.902
0 , 0 , 23.916 , 23.916
0.001 , 0 , 23.934 , 23.935
0.001 , 0 , 23.95 , 23.951
0 , 0 , 23.968 , 23.968
0 , 0 , 23.985 , 23.985
0 , 0 , 24.002 , 24.002
0 , 0 , 24.022 , 24.022
0 , 0 , 24.036 , 24.036
0 , 0 , 24.036 , 24.036
0 , 0 , 24.066 , 24.066
0 , 0 , 24.066 , 24.066
0 , 0 , 24.098 , 24.098
0 , 0 , 24.098 , 24.098
0 , 0 , 24.13 , 24.13
0 , 0 , 24.13 , 24.13
0 , 0 , 24.16 , 24.16
0 , 0 , 24.192 , 24.192
0 , 0 , 24.226 , 24.226
0 , 0 , 24.236 , 24.236
0 , 0 , 24.236 , 24.236
0 , 0 , 24.268 , 24.268
0 , 0 , 24.298 , 24.298
0 , 0 , 24.298 , 24.298
0 , 0 , 24.33 , 24.33
0 , 0 , 24.33 , 24.33
0 , 0 , 24.36 , 24.36
0 , 0 , 24.36 , 24.36
0 , 0 , 24.392 , 24.392
0.001 , 0 , 24.424 , 24.425
0 , 0 , 24.436 , 24.436
0 , 0 , 24.436 , 24.436
0 , 0 , 24.468 , 24.468
0 , 0 , 24.468 , 24.468
0 , 0 , 24.5 , 24.5
0 , 0 , 24.53 , 24.53
0 , 0 , 24.53 , 24.53
0 , 0 , 24.562 , 24.562
0 , 0 , 24.592 , 24.592
0 , 0 , 24.592 , 24.592
0.001 , 0.001 , 24.636 , 24.638
0.001 , 0 , 24.658 , 24.659
0.001 , 0 , 24.68 , 24.681
0.002 , 0 , 24.701 , 24.703
0.002 , 0 , 24.725 , 24.727
0.001 , 0.001 , 24.748 , 24.75
0.002 , 0 , 24.77 , 24.772
0 , 0 , 24.794 , 24.794
0 , 0 , 24.814 , 24.814
0 , 0 , 24.834 , 24.834
0 , 0 , 24.853 , 24.853
0.001 , 0 , 24.872 , 24.873
0 , 0 , 24.894 , 24.894
0 , 0 , 24.914 , 24.914
0 , 0 , 24.936 , 24.936
0 , 0 , 24.956 , 24.956
0.001 , 0 , 24.978 , 24.979
0 , 0 , 24.999 , 24.999
0 , 0 , 25.02 , 25.02
0 , 0 , 25.044 , 25.044
0 , 0 , 25.064 , 25.064
0 , 0 , 25.086 , 25.086
0 , 0.001 , 25.106 , 25.107
0.001 , 0 , 25.13 , 25.131
0 , 0 , 25.153 , 25.153
0 , 0 , 25.16 , 25.16
0 , 0 , 25.19 , 25.19
0 , 0 , 25.19 , 25.19
0 , 0 , 25.222 , 25.222
0 , 0 , 25.254 , 25.254
0 , 0 , 25.254 , 25.254
0 , 0 , 25.284 , 25.284
0 , 0 , 25.316 , 25.316
0 , 0 , 25.316 , 25.316
0.001 , 0 , 25.368 , 25.369
0.001 , 0 , 25.392 , 25.393
0.001 , 0 , 25.414 , 25.415
0.001 , 0 , 25.438 , 25.439
0.001 , 0 , 25.462 , 25.463
0 , 0 , 25.484 , 25.484
0.001 , 0 , 25.51 , 25.511
0 , 0 , 25.532 , 25.532
0 , 0 , 25.557 , 25.557
0 , 0.001 , 25.58 , 25.581
0 , 0.001 , 25.604 , 25.605
0.001 , 0 , 25.63 , 25.631
0 , 0 , 25.653 , 25.653
0.002 , 0 , 25.678 , 25.68
0.001 , 0 , 25.704 , 25.705
0.001 , 0 , 25.728 , 25.729
0.001 , 0 , 25.752 , 25.753
0 , 0.001 , 25.776 , 25.777
0 , 0 , 25.802 , 25.802
0 , 0 , 25.828 , 25.828
0.001 , 0 , 25.852 , 25.853
0.001 , 0.001 , 25.876 , 25.878
0 , 0 , 25.904 , 25.904
0 , 0 , 25.926 , 25.926
0 , 0 , 25.952 , 25.952
0 , 0 , 25.976 , 25.976
0.001 , 0 , 26 , 26.001
0 , 0 , 26.024 , 26.024
0.001 , 0 , 26.048 , 26.049
0 , 0 , 26.074 , 26.074
0 , 0.001 , 26.096 , 26.097
0 , 0 , 26.123 , 26.123
0 , 0 , 26.148 , 26.148
0 , 0 , 26.172 , 26.172
0 , 0 , 26.195 , 26.195
0.001 , 0 , 26.22 , 26.221
0 , 0 , 26.246 , 26.246
0.001 , 0 , 26.272 , 26.273
0.001 , 0 , 26.296 , 26.297
0 , 0 , 26.322 , 26.322
0.001 , 0 , 26.346 , 26.347
0.001 , 0 , 26.372 , 26.373
0 , 0 , 26.398 , 26.398
0 , 0 , 26.424 , 26.424
0.001 , 0 , 26.452 , 26.453
0 , 0 , 26.478 , 26.478
0.001 , 0 , 26.504 , 26.505
0 , 0 , 26.53 , 26.53
0 , 0 , 26.556 , 26.556
0.001 , 0 , 26.58 , 26.581
0 , 0 , 26.607 , 26.607
0.001 , 0 , 26.632 , 26.633
0.001 , 0 , 26.658 , 26.659
0 , 0 , 26.684 , 26.684
0.001 , 0 , 26.71 , 26.711
0 , 0 , 26.736 , 26.736
0 , 0 , 26.762 , 26.762
0.002 , 0 , 26.788 , 26.79
0 , 0 , 26.819 , 26.819
0 , 0 , 26.844 , 26.844
0 , 0.001 , 26.87 , 26.871
0 , 0 , 26.896 , 26.896
0 , 0 , 26.924 , 26.924
0 , 0 , 26.95 , 26.95
0 , 0 , 26.976 , 26.976
0 , 0 , 27.002 , 27.002
0 , 0 , 27.029 , 27.029
0 , 0 , 27.056 , 27.056
0 , 0 , 27.086 , 27.086
0 , 0 , 27.111 , 27.111
0 , 0 , 27.14 , 27.14
0.001 , 0 , 27.166 , 27.167
0.001 , 0 , 27.196 , 27.197
0 , 0 , 27.224 , 27.224
0 , 0 , 27.252 , 27.252
0.004 , 0 , 27.278 , 27.282
0.003 , 0 , 27.312 , 27.315
0.001 , 0 , 27.346 , 27.347
0 , 0 , 27.375 , 27.375
0.001 , 0 , 27.402 , 27.403
0.001 , 0 , 27.43 , 27.431
0.001 , 0 , 27.458 , 27.459
0 , 0 , 27.488 , 27.488
0.001 , 0 , 27.516 , 27.517
0 , 0 , 27.546 , 27.546
0.001 , 0 , 27.574 , 27.575
0 , 0 , 27.604 , 27.604
0 , 0 , 27.63 , 27.63
0 , 0 , 27.658 , 27.658
0.001 , 0 , 27.686 , 27.687
0.001 , 0 , 27.714 , 27.715
0.001 , 0 , 27.742 , 27.743
0.001 , 0 , 27.768 , 27.769
0.001 , 0 , 27.796 , 27.797
0.001 , 0 , 27.824 , 27.825
0 , 0 , 27.852 , 27.852
0 , 0 , 27.88 , 27.88
0.003 , 0 , 27.908 , 27.911
0 , 0 , 27.94 , 27.94
0.001 , 0 , 27.968 , 27.969
0.001 , 0 , 27.996 , 27.997
0 , 0.001 , 28.024 , 28.025
0.001 , 0 , 28.054 , 28.055
0.001 , 0 , 28.084 , 28.085
0.001 , 0 , 28.112 , 28.113
0.001 , 0 , 28.144 , 28.145
0 , 0 , 28.175 , 28.175
0.001 , 0 , 28.204 , 28.205
0 , 0.001 , 28.236 , 28.237
0 , 0 , 28.268 , 28.268
0.003 , 0 , 28.296 , 28.299
0 , 0 , 28.33 , 28.33
0.001 , 0 , 28.358 , 28.359
0 , 0 , 28.386 , 28.386
0.004 , 0 , 28.416 , 28.42
0.003 , 0.001 , 28.452 , 28.456
0.004 , 0 , 28.488 , 28.492
0.004 , 0 , 28.525 , 28.529
0.001 , 0 , 28.562 , 28.563
0.001 , 0 , 28.594 , 28.595
0.001 , 0 , 28.626 , 28.627
0.001 , 0 , 28.658 , 28.659
0 , 0 , 28.688 , 28.688
0.001 , 0 , 28.718 , 28.719
0.001 , 0 , 28.748 , 28.749
0 , 0 , 28.777 , 28.777
0.001 , 0 , 28.808 , 28.809
0 , 0 , 28.839 , 28.839
0.005 , 0 , 28.87 , 28.875
0.004 , 0.001 , 28.908 , 28.913
0.001 , 0 , 28.948 , 28.949
0.004 , 0.001 , 28.98 , 28.985
0.004 , 0.001 , 29.02 , 29.025
0 , 0 , 29.059 , 29.059
0 , 0.001 , 29.09 , 29.091
0 , 0.001 , 29.122 , 29.123
0 , 0.001 , 29.152 , 29.153
0 , 0 , 29.187 , 29.187
0.001 , 0 , 29.218 , 29.219
0 , 0 , 29.25 , 29.25
0 , 0 , 29.279 , 29.279
0 , 0 , 29.31 , 29.31
0.001 , 0 , 29.342 , 29.343
0 , 0 , 29.373 , 29.373
0 , 0 , 29.405 , 29.405
0 , 0 , 29.438 , 29.438
0.001 , 0 , 29.47 , 29.471
0.001 , 0 , 29.502 , 29.503
0.001 , 0 , 29.536 , 29.537
0 , 0 , 29.57 , 29.57
0 , 0 , 29.6 , 29.6
0.001 , 0 , 29.634 , 29.635
0 , 0 , 29.666 , 29.666
0 , 0 , 29.698 , 29.698
0.001 , 0 , 29.73 , 29.731
0 , 0 , 29.764 , 29.764
0 , 0 , 29.796 , 29.796
0.001 , 0 , 29.828 , 29.829
0 , 0 , 29.86 , 29.86
0 , 0 , 29.892 , 29.892
0.001 , 0 , 29.924 , 29.925
0 , 0 , 29.957 , 29.957
0 , 0 , 29.988 , 29.988
0.001 , 0 , 30.02 , 30.021
0 , 0 , 30.053 , 30.053
0.001 , 0 , 30.086 , 30.087
0 , 0 , 30.119 , 30.119
0.001 , 0 , 30.152 , 30.153
0.001 , 0 , 30.186 , 30.187
0.001 , 0 , 30.222 , 30.223
0.001 , 0 , 30.255 , 30.256
0.001 , 0 , 30.29 , 30.291
0.001 , 0 , 30.325 , 30.326
0.001 , 0 , 30.359 , 30.36
0.001 , 0 , 30.392 , 30.393
0 , 0 , 30.428 , 30.428
0 , 0 , 30.462 , 30.462
0 , 0 , 30.496 , 30.496
0 , 0 , 30.528 , 30.528
0 , 0 , 30.562 , 30.562
0 , 0 , 30.595 , 30.595
0 , 0 , 30.628 , 30.628
0 , 0 , 30.662 , 30.662
0 , 0 , 30.696 , 30.696
0 , 0 , 30.728 , 30.728
0 , 0 , 30.762 , 30.762
0 , 0 , 30.796 , 30.796
0 , 0 , 30.828 , 30.828
0 , 0 , 30.864 , 30.864
0 , 0 , 30.9 , 30.9
0 , 0 , 30.935 , 30.935
0 , 0 , 30.97 , 30.97
0.002 , 0 , 31.005 , 31.007
0.002 , 0 , 31.046 , 31.048
0.001 , 0 , 31.086 , 31.087
0 , 0 , 31.122 , 31.122
0 , 0 , 31.158 , 31.158
0 , 0 , 31.198 , 31.198
0.001 , 0 , 31.234 , 31.235
0 , 0 , 31.27 , 31.27
0 , 0 , 31.304 , 31.304
0.001 , 0 , 31.337 , 31.338
0 , 0 , 31.374 , 31.374
0 , 0 , 31.408 , 31.408
0 , 0 , 31.443 , 31.443
0.001 , 0 , 31.476 , 31.477
0 , 0 , 31.512 , 31.512
0 , 0 , 31.547 , 31.547
0 , 0 , 31.583 , 31.583
0.001 , 0 , 31.62 , 31.621
0 , 0 , 31.654 , 31.654
0.002 , 0 , 31.69 , 31.692
0.002 , 0 , 31.728 , 31.73
0.002 , 0 , 31.766 , 31.768
0.001 , 0.001 , 31.802 , 31.804
0.001 , 0 , 31.842 , 31.843
0.001 , 0 , 31.88 , 31.881
0 , 0 , 31.917 , 31.917
0 , 0 , 31.954 , 31.954
0 , 0 , 31.991 , 31.991
0 , 0 , 32.028 , 32.028
0 , 0 , 32.066 , 32.066
0.001 , 0 , 32.104 , 32.105
0.001 , 0 , 32.142 , 32.143
0 , 0 , 32.18 , 32.18
0.001 , 0 , 32.218 , 32.219
0 , 0 , 32.256 , 32.256
0 , 0 , 32.294 , 32.294
0 , 0 , 32.334 , 32.334
0 , 0 , 32.37 , 32.37
0 , 0 , 32.41 , 32.41
0 , 0 , 32.448 , 32.448
0.001 , 0 , 32.486 , 32.487
0 , 0.001 , 32.524 , 32.525
0 , 0 , 32.562 , 32.562
0 , 0 , 32.598 , 32.598
0 , 0 , 32.635 , 32.635
0 , 0 , 32.672 , 32.672
0 , 0 , 32.71 , 32.71
0.001 , 0 , 32.746 , 32.747
0.003 , 0 , 32.784 , 32.787
0 , 0 , 32.828 , 32.828
0.001 , 0 , 32.864 , 32.865
0.001 , 0 , 32.902 , 32.903
0 , 0 , 32.938 , 32.938
0 , 0 , 32.976 , 32.976
0.001 , 0 , 33.012 , 33.013
0 , 0 , 33.05 , 33.05
0 , 0 , 33.09 , 33.09
0 , 0 , 33.127 , 33.127
0 , 0 , 33.166 , 33.166
0 , 0 , 33.204 , 33.204
0.001 , 0 , 33.242 , 33.243
0.001 , 0 , 33.28 , 33.281
0 , 0 , 33.318 , 33.318
0.001 , 0 , 33.356 , 33.357
0.001 , 0 , 33.394 , 33.395
0 , 0 , 33.434 , 33.434
0 , 0 , 33.472 , 33.472
0 , 0 , 33.508 , 33.508
0 , 0.001 , 33.546 , 33.547
0 , 0 , 33.586 , 33.586
0 , 0 , 33.623 , 33.623
0.001 , 0 , 33.66 , 33.661
0 , 0 , 33.698 , 33.698
0.001 , 0 , 33.737 , 33.738
0.001 , 0 , 33.778 , 33.779
0 , 0.001 , 33.82 , 33.821
0 , 0 , 33.862 , 33.862
0.001 , 0 , 33.902 , 33.903
0 , 0 , 33.944 , 33.944
0 , 0 , 33.984 , 33.984
0.001 , 0 , 34.026 , 34.027
0.001 , 0 , 34.067 , 34.068
0.002 , 0 , 34.11 , 34.112
0.001 , 0 , 34.154 , 34.155
0.001 , 0 , 34.198 , 34.199
0 , 0 , 34.234 , 34.234
0 , 0 , 34.296 , 34.296
0 , 0 , 34.328 , 34.328
0 , 0 , 34.36 , 34.36
0 , 0 , 34.404 , 34.404
0 , 0 , 34.434 , 34.434
0.016 , 0 , 34.466 , 34.482
0 , 0 , 34.528 , 34.528
0 , 0 , 34.56 , 34.56
0 , 0 , 34.618 , 34.618
0 , 0 , 34.657 , 34.657
0 , 0.001 , 34.698 , 34.699
0 , 0 , 34.739 , 34.739
0 , 0 , 34.78 , 34.78
0 , 0 , 34.82 , 34.82
0 , 0 , 34.86 , 34.86
0 , 0 , 34.9 , 34.9
0 , 0 , 34.94 , 34.94
0 , 0 , 34.98 , 34.98
0.001 , 0 , 35.02 , 35.021
0.001 , 0 , 35.062 , 35.063
0.001 , 0 , 35.106 , 35.107
0.001 , 0 , 35.148 , 35.149
0.001 , 0 , 35.194 , 35.195
0 , 0 , 35.236 , 35.236
0 , 0.001 , 35.276 , 35.277
0 , 0 , 35.318 , 35.318
0 , 0 , 35.36 , 35.36
0 , 0.001 , 35.4 , 35.401
0 , 0 , 35.443 , 35.443
0.001 , 0 , 35.485 , 35.486
0.001 , 0 , 35.528 , 35.529
0.001 , 0 , 35.571 , 35.572
0.001 , 0 , 35.614 , 35.615
0 , 0.001 , 35.656 , 35.657
0.001 , 0 , 35.702 , 35.703
0.001 , 0 , 35.746 , 35.747
0 , 0 , 35.79 , 35.79
0 , 0 , 35.833 , 35.833
0.001 , 0 , 35.878 , 35.879
0 , 0 , 35.922 , 35.922
0 , 0 , 35.966 , 35.966
0.002 , 0.001 , 36.008 , 36.011
0.002 , 0 , 36.06 , 36.062
0 , 0 , 36.108 , 36.108
0 , 0 , 36.152 , 36.152
0 , 0 , 36.196 , 36.196
0 , 0 , 36.241 , 36.241
0 , 0 , 36.286 , 36.286
0 , 0 , 36.329 , 36.329
0 , 0 , 36.374 , 36.374
0 , 0 , 36.42 , 36.42
0 , 0 , 36.464 , 36.464
0 , 0 , 36.509 , 36.509
0.001 , 0 , 36.554 , 36.555
0.001 , 0.001 , 36.598 , 36.6
0.001 , 0.001 , 36.646 , 36.648
0.002 , 0 , 36.695 , 36.697
0 , 0 , 36.744 , 36.744
0.001 , 0 , 36.788 , 36.789
0.001 , 0 , 36.832 , 36.833
0 , 0 , 36.878 , 36.878
0 , 0 , 36.923 , 36.923
0.004 , 0.001 , 36.968 , 36.973
0.005 , 0 , 37.024 , 37.029
0 , 0 , 37.08 , 37.08
0.001 , 0 , 37.126 , 37.127
0 , 0 , 37.175 , 37.175
0 , 0 , 37.21 , 37.21
0 , 0 , 37.242 , 37.242
0 , 0 , 37.304 , 37.304
0 , 0 , 37.336 , 37.336
0 , 0 , 37.402 , 37.402
0 , 0 , 37.442 , 37.442
0 , 0 , 37.474 , 37.474
0 , 0 , 37.506 , 37.506
0 , 0 , 37.568 , 37.568
0.001 , 0.001 , 37.624 , 37.626
0.002 , 0 , 37.675 , 37.677
0.001 , 0 , 37.726 , 37.727
0 , 0 , 37.772 , 37.772
0 , 0 , 37.82 , 37.82
0.001 , 0 , 37.868 , 37.869
0 , 0 , 37.916 , 37.916
0.001 , 0 , 37.96 , 37.961
0 , 0 , 38.01 , 38.01
0 , 0 , 38.058 , 38.058
0 , 0 , 38.105 , 38.105
0 , 0 , 38.152 , 38.152
0.001 , 0 , 38.2 , 38.201
0 , 0 , 38.248 , 38.248
0 , 0 , 38.296 , 38.296
0 , 0 , 38.344 , 38.344
0 , 0 , 38.39 , 38.39
0 , 0 , 38.44 , 38.44
0 , 0 , 38.486 , 38.486
0 , 0 , 38.534 , 38.534
0 , 0 , 38.581 , 38.581
0 , 0 , 38.628 , 38.628
0.001 , 0 , 38.677 , 38.678
0 , 0 , 38.729 , 38.729
0.001 , 0 , 38.778 , 38.779
0.001 , 0 , 38.828 , 38.829
0.001 , 0 , 38.878 , 38.879
0.001 , 0 , 38.928 , 38.929
0 , 0 , 38.977 , 38.977
0 , 0 , 39.025 , 39.025
0 , 0 , 39.074 , 39.074
0.001 , 0 , 39.122 , 39.123
0 , 0 , 39.172 , 39.172
0 , 0 , 39.222 , 39.222
0 , 0 , 39.272 , 39.272
0 , 0 , 39.321 , 39.321
0 , 0 , 39.37 , 39.37
0 , 0 , 39.42 , 39.42
0.001 , 0 , 39.468 , 39.469
0.001 , 0 , 39.518 , 39.519
0 , 0 , 39.57 , 39.57
0 , 0 , 39.619 , 39.619
0 , 0 , 39.67 , 39.67
0.001 , 0 , 39.72 , 39.721
0 , 0 , 39.77 , 39.77
0 , 0 , 39.818 , 39.818
0 , 0 , 39.869 , 39.869
0 , 0 , 39.92 , 39.92
0 , 0 , 39.97 , 39.97
0 , 0 , 40.02 , 40.02
0 , 0 , 40.07 , 40.07
0 , 0 , 40.122 , 40.122
0.002 , 0 , 40.17 , 40.172
0.001 , 0 , 40.224 , 40.225
0.001 , 0 , 40.273 , 40.274
0.001 , 0 , 40.324 , 40.325
0.001 , 0.001 , 40.374 , 40.376
0 , 0 , 40.426 , 40.426
0.001 , 0 , 40.474 , 40.475
0 , 0 , 40.524 , 40.524
0 , 0 , 40.572 , 40.572
0 , 0 , 40.622 , 40.622
0 , 0 , 40.67 , 40.67
0 , 0.001 , 40.718 , 40.719
0 , 0 , 40.787 , 40.787
0.001 , 0 , 40.834 , 40.835
0 , 0 , 40.883 , 40.883
0.007 , 0 , 40.93 , 40.937
0.007 , 0.001 , 40.996 , 41.004
0.001 , 0 , 41.06 , 41.061
0.001 , 0 , 41.11 , 41.111
0.002 , 0 , 41.162 , 41.164
0 , 0 , 41.212 , 41.212
0 , 0 , 41.244 , 41.244
0 , 0 , 41.306 , 41.306
0 , 0 , 41.338 , 41.338
0.016 , 0 , 41.382 , 41.398
0 , 0 , 41.444 , 41.444
0 , 0 , 41.508 , 41.508
0 , 0 , 41.538 , 41.538
0 , 0 , 41.582 , 41.582
0 , 0 , 41.646 , 41.646
0 , 0 , 41.708 , 41.708
0.005 , 0.015 , 41.74 , 41.76
0 , 0 , 41.814 , 41.814
0 , 0 , 41.876 , 41.876
0 , 0 , 41.908 , 41.908
0 , 0 , 41.98 , 41.98
0 , 0 , 42.014 , 42.014
0 , 0 , 42.076 , 42.076
0 , 0 , 42.108 , 42.108
0 , 0 , 42.184 , 42.184
0 , 0 , 42.214 , 42.214
0 , 0 , 42.278 , 42.278
0 , 0 , 42.34 , 42.34
0 , 0 , 42.384 , 42.384
0 , 0 , 42.431 , 42.431
0 , 0 , 42.478 , 42.478
0 , 0 , 42.54 , 42.54
0 , 0 , 42.584 , 42.584
0 , 0 , 42.648 , 42.648
0 , 0 , 42.678 , 42.678
0 , 0 , 42.742 , 42.742
0 , 0 , 42.786 , 42.786
0 , 0 , 42.848 , 42.848
0 , 0 , 42.91 , 42.91
0 , 0 , 42.942 , 42.942
0.016 , 0 , 42.986 , 43.002
0 , 0 , 43.048 , 43.048
0 , 0 , 43.112 , 43.112
0 , 0 , 43.142 , 43.142
0 , 0 , 43.218 , 43.218
0 , 0 , 43.28 , 43.28
0.016 , 0 , 43.312 , 43.328
0 , 0 , 43.388 , 43.388
0 , 0 , 43.418 , 43.418
0 , 0 , 43.482 , 43.482
0 , 0 , 43.544 , 43.544
0 , 0 , 43.588 , 43.588
0 , 0 , 43.65 , 43.65
0 , 0 , 43.714 , 43.714
0 , 0 , 43.778 , 43.778
0 , 0 , 43.82 , 43.82
0 , 0 , 43.882 , 43.882
0.015 , 0 , 43.914 , 43.929
0 , 0 , 43.99 , 43.99
0 , 0 , 44.052 , 44.052
0 , 0 , 44.082 , 44.082
0 , 0 , 44.146 , 44.146
0 , 0 , 44.19 , 44.19
0 , 0 , 44.252 , 44.252
0 , 0 , 44.314 , 44.314
0.001 , 0 , 44.386 , 44.387
0 , 0 , 44.422 , 44.422
0 , 0 , 44.484 , 44.484
0 , 0 , 44.546 , 44.546
0 , 0 , 44.59 , 44.59
0 , 0 , 44.654 , 44.654
0.016 , 0 , 44.684 , 44.7
0 , 0 , 44.748 , 44.748
0 , 0 , 44.822 , 44.822
0 , 0 , 44.854 , 44.854
0 , 0 , 44.916 , 44.916
0 , 0 , 44.991 , 44.991
0 , 0 , 45.024 , 45.024
0 , 0 , 45.086 , 45.086
0 , 0 , 45.148 , 45.148
0 , 0 , 45.192 , 45.192
0 , 0 , 45.256 , 45.256
0 , 0 , 45.318 , 45.318
0 , 0 , 45.388 , 45.388
0 , 0 , 45.424 , 45.424
0 , 0 , 45.486 , 45.486
0 , 0 , 45.548 , 45.548
0 , 0 , 45.594 , 45.594
0 , 0 , 45.656 , 45.656
0 , 0 , 45.72 , 45.72
0 , 0 , 45.79 , 45.79
0 , 0 , 45.824 , 45.824
0 , 0 , 45.888 , 45.888
0 , 0 , 45.95 , 45.95
0 , 0 , 46.026 , 46.026
0 , 0 , 46.056 , 46.056
0 , 0 , 46.118 , 46.118
0 , 0 , 46.194 , 46.194
0 , 0 , 46.256 , 46.256
0 , 0 , 46.288 , 46.288
0 , 0 , 46.35 , 46.35
0 , 0 , 46.426 , 46.426
0 , 0 , 46.458 , 46.458
0 , 0 , 46.52 , 46.52
0 , 0 , 46.596 , 46.596
0 , 0 , 46.658 , 46.658
0 , 0 , 46.69 , 46.69
0 , 0 , 46.752 , 46.752
0 , 0 , 46.828 , 46.828
0 , 0 , 46.858 , 46.858
0 , 0 , 46.922 , 46.922
0 , 0 , 46.996 , 46.996
0 , 0 , 47.06 , 47.06
0 , 0 , 47.09 , 47.09
0 , 0 , 47.152 , 47.152
0 , 0 , 47.228 , 47.228
0 , 0 , 47.29 , 47.29
0 , 0 , 47.354 , 47.354
0 , 0 , 47.398 , 47.398
0 , 0 , 47.46 , 47.46
0 , 0 , 47.522 , 47.522
0 , 0 , 47.588 , 47.588
0 , 0 , 47.63 , 47.63
0 , 0 , 47.692 , 47.692
0 , 0 , 47.754 , 47.754
0 , 0 , 47.798 , 47.798
0 , 0 , 47.862 , 47.862
0 , 0 , 47.924 , 47.924
0 , 0 , 48 , 48
0 , 0 , 48.03 , 48.03
0 , 0 , 48.094 , 48.094
0 , 0 , 48.156 , 48.156
0 , 0 , 48.23 , 48.23
0 , 0 , 48.292 , 48.292
0 , 0 , 48.356 , 48.356
0 , 0 , 48.4 , 48.4
0 , 0 , 48.462 , 48.462
0 , 0 , 48.524 , 48.524
0 , 0 , 48.59 , 48.59
0 , 0 , 48.632 , 48.632
0 , 0 , 48.694 , 48.694
0 , 0 , 48.756 , 48.756
0.015 , 0 , 48.802 , 48.817
0 , 0 , 48.864 , 48.864
0 , 0 , 48.926 , 48.926
0 , 0 , 49.002 , 49.002
0 , 0 , 49.064 , 49.064
0.016 , 0 , 49.126 , 49.142
0 , 0 , 49.232 , 49.232
0 , 0 , 49.296 , 49.296
0 , 0 , 49.326 , 49.326
0 , 0 , 49.402 , 49.402
0 , 0 , 49.464 , 49.464
0 , 0 , 49.528 , 49.528
0 , 0 , 49.599 , 49.599
0 , 0 , 49.634 , 49.634
0 , 0 , 49.696 , 49.696
0 , 0 , 49.758 , 49.758
0 , 0 , 49.834 , 49.834
0 , 0 , 49.898 , 49.898
0 , 0 , 49.96 , 49.96
0 , 0 , 50.004 , 50.004
0 , 0 , 50.066 , 50.066
0 , 0 , 50.128 , 50.128
0 , 0 , 50.204 , 50.204
0 , 0 , 50.268 , 50.268
0 , 0 , 50.33 , 50.33
0 , 0 , 50.4 , 50.4
0 , 0 , 50.436 , 50.436
0 , 0 , 50.498 , 50.498
0 , 0 , 50.562 , 50.562
0 , 0 , 50.638 , 50.638
0 , 0 , 50.7 , 50.7
0 , 0 , 50.762 , 50.762
0 , 0 , 50.838 , 50.838
0 , 0 , 50.9 , 50.9
0 , 0 , 50.962 , 50.962
0 , 0 , 51.008 , 51.008
0.015 , 0 , 51.07 , 51.085
0 , 0 , 51.148 , 51.148
0 , 0 , 51.208 , 51.208
0 , 0 , 51.27 , 51.27
0 , 0 , 51.332 , 51.332
0 , 0 , 51.408 , 51.408
0 , 0 , 51.47 , 51.47
0 , 0 , 51.534 , 51.534
0.001 , 0 , 51.602 , 51.603
0 , 0 , 51.64 , 51.64
0.016 , 0 , 51.702 , 51.718
0.001 , 0 , 51.798 , 51.799
0 , 0 , 51.84 , 51.84
0 , 0 , 51.904 , 51.904
0.017 , 0 , 51.966 , 51.983
0 , 0 , 52.042 , 52.042
0 , 0 , 52.104 , 52.104
0 , 0 , 52.166 , 52.166
0 , 0 , 52.242 , 52.242
0 , 0 , 52.304 , 52.304
0 , 0 , 52.366 , 52.366
0.016 , 0 , 52.41 , 52.426
0 , 0 , 52.474 , 52.474
0 , 0 , 52.536 , 52.536
0 , 0 , 52.612 , 52.612
0 , 0 , 52.674 , 52.674
0 , 0 , 52.736 , 52.736
0 , 0 , 52.81 , 52.81
0 , 0 , 52.874 , 52.874
0 , 0 , 52.936 , 52.936
0 , 0 , 53.012 , 53.012
0 , 0 , 53.074 , 53.074
0 , 0 , 53.136 , 53.136
0 , 0 , 53.212 , 53.212
0 , 0 , 53.274 , 53.274
0 , 0 , 53.338 , 53.338
0 , 0 , 53.406 , 53.406
0 , 0 , 53.444 , 53.444
0 , 0 , 53.506 , 53.506
0 , 0 , 53.57 , 53.57
0 , 0 , 53.644 , 53.644
0 , 0 , 53.708 , 53.708
0 , 0 , 53.77 , 53.77
0 , 0 , 53.846 , 53.846
0 , 0 , 53.908 , 53.908
0 , 0 , 53.97 , 53.97
0 , 0 , 54.046 , 54.046
0 , 0 , 54.108 , 54.108
0 , 0 , 54.172 , 54.172
0 , 0 , 54.246 , 54.246
0 , 0 , 54.308 , 54.308
0 , 0 , 54.37 , 54.37
0 , 0 , 54.446 , 54.446
0 , 0 , 54.508 , 54.508
0 , 0 , 54.572 , 54.572
0 , 0 , 54.646 , 54.646
0 , 0 , 54.71 , 54.71
0 , 0 , 54.772 , 54.772
0 , 0 , 54.848 , 54.848
0 , 0 , 54.91 , 54.91
0 , 0 , 54.972 , 54.972
0 , 0 , 55.048 , 55.048
0 , 0 , 55.11 , 55.11
0.002 , 0.001 , 55.204 , 55.207
0 , 0 , 55.248 , 55.248
0 , 0 , 55.342 , 55.342
0.002 , 0 , 55.412 , 55.414
0 , 0 , 55.48 , 55.48
0 , 0 , 55.544 , 55.544
0 , 0 , 55.618 , 55.618
0 , 0 , 55.682 , 55.682
0 , 0 , 55.746 , 55.746
0 , 0 , 55.818 , 55.818
0 , 0 , 55.882 , 55.882
0 , 0 , 55.944 , 55.944
0 , 0 , 56.02 , 56.02
0 , 0 , 56.082 , 56.082
0 , 0 , 56.144 , 56.144
0 , 0 , 56.218 , 56.218
0 , 0 , 56.282 , 56.282
0 , 0 , 56.344 , 56.344
0 , 0 , 56.42 , 56.42
0 , 0 , 56.482 , 56.482
0 , 0 , 56.576 , 56.576
0 , 0 , 56.62 , 56.62
0 , 0 , 56.714 , 56.714
0 , 0 , 56.776 , 56.776
0 , 0 , 56.82 , 56.82
0 , 0 , 56.914 , 56.914
0 , 0 , 56.978 , 56.978
0 , 0 , 57.052 , 57.052
0 , 0 , 57.116 , 57.116
0 , 0 , 57.178 , 57.178
0 , 0 , 57.252 , 57.252
0 , 0 , 57.314 , 57.314
0 , 0 , 57.378 , 57.378
0 , 0 , 57.454 , 57.454
0 , 0 , 57.516 , 57.516
0.001 , 0 , 57.612 , 57.613
0 , 0 , 57.652 , 57.652
0 , 0 , 57.746 , 57.746
0.001 , 0 , 57.82 , 57.821
0 , 0 , 57.884 , 57.884
0 , 0 , 57.948 , 57.948
0 , 0 , 58.022 , 58.022
0 , 0 , 58.086 , 58.086
0 , 0 , 58.18 , 58.18
0 , 0 , 58.254 , 58.254
0 , 0 , 58.316 , 58.316
0 , 0 , 58.378 , 58.378
0 , 0 , 58.454 , 58.454
0 , 0 , 58.518 , 58.518
0 , 0 , 58.58 , 58.58
0 , 0 , 58.656 , 58.656
0 , 0 , 58.718 , 58.718
0 , 0 , 58.814 , 58.814
0 , 0 , 58.856 , 58.856
0 , 0 , 58.95 , 58.95
0 , 0 , 59.022 , 59.022
0 , 0 , 59.088 , 59.088
0 , 0 , 59.15 , 59.15
0 , 0 , 59.224 , 59.224
0 , 0 , 59.288 , 59.288
0 , 0 , 59.382 , 59.382
0 , 0 , 59.441 , 59.441
0 , 0 , 59.52 , 59.52
0 , 0 , 59.582 , 59.582
0 , 0 , 59.658 , 59.658
0 , 0 , 59.72 , 59.72
0.016 , 0 , 59.782 , 59.798
0 , 0 , 59.858 , 59.858
0 , 0 , 59.952 , 59.952
0.001 , 0.001 , 60.024 , 60.026
0 , 0 , 60.09 , 60.09
0 , 0 , 60.152 , 60.152
0.016 , 0 , 60.228 , 60.244
0 , 0 , 60.322 , 60.322
0 , 0 , 60.384 , 60.384
0 , 0 , 60.46 , 60.46
0 , 0 , 60.554 , 60.554
0 , 0 , 60.63 , 60.63
0 , 0 , 60.692 , 60.692
0 , 0 , 60.754 , 60.754
0 , 0 , 60.83 , 60.83
0 , 0 , 60.924 , 60.924
0 , 0 , 60.986 , 60.986
0 , 0 , 61.062 , 61.062
0 , 0 , 61.124 , 61.124
0.001 , 0 , 61.224 , 61.225
0 , 0 , 61.294 , 61.294
0 , 0 , 61.356 , 61.356
0 , 0 , 61.432 , 61.432
0 , 0 , 61.494 , 61.494
0 , 0 , 61.588 , 61.588
0 , 0 , 61.664 , 61.664
0 , 0 , 61.726 , 61.726
0 , 0 , 61.788 , 61.788
0 , 0 , 61.864 , 61.864
0 , 0 , 61.958 , 61.958
0 , 0 , 62.034 , 62.034
0 , 0 , 62.096 , 62.096
0 , 0 , 62.158 , 62.158
0 , 0 , 62.234 , 62.234
0 , 0 , 62.328 , 62.328
0 , 0 , 62.39 , 62.39
0 , 0 , 62.466 , 62.466
0 , 0 , 62.56 , 62.56
0 , 0.001 , 62.634 , 62.635
0 , 0 , 62.698 , 62.698
0 , 0 , 62.76 , 62.76
0 , 0 , 62.836 , 62.836
0 , 0 , 62.898 , 62.898
0 , 0 , 62.992 , 62.992
0 , 0 , 63.068 , 63.068
0 , 0 , 63.13 , 63.13
0 , 0 , 63.226 , 63.226
0 , 0 , 63.3 , 63.3
0 , 0 , 63.362 , 63.362
0 , 0 , 63.438 , 63.438
0 , 0 , 63.5 , 63.5
0 , 0 , 63.594 , 63.594
0 , 0 , 63.67 , 63.67
0 , 0 , 63.732 , 63.732
0 , 0 , 63.838 , 63.838
0 , 0 , 63.902 , 63.902
0 , 0 , 63.994 , 63.994
0 , 0 , 64.07 , 64.07
0 , 0 , 64.134 , 64.134
0.004 , 0.001 , 64.23 , 64.235
0.016 , 0 , 64.302 , 64.318
0 , 0 , 64.396 , 64.396
0 , 0 , 64.488 , 64.488
0 , 0 , 64.566 , 64.566
0 , 0 , 64.642 , 64.642
0 , 0 , 64.704 , 64.704
0 , 0 , 64.798 , 64.798
0 , 0 , 64.874 , 64.874
0 , 0 , 64.936 , 64.936
0.001 , 0 , 65.039 , 65.04
0.016 , 0 , 65.104 , 65.12
0.017 , 0 , 65.198 , 65.215
0 , 0 , 65.304 , 65.304
0 , 0 , 65.368 , 65.368
0 , 0 , 65.442 , 65.442
0 , 0 , 65.536 , 65.536
0 , 0 , 65.598 , 65.598
0 , 0 , 65.674 , 65.674
0 , 0 , 65.77 , 65.77
0 , 0 , 65.844 , 65.844
0 , 0 , 65.906 , 65.906
0 , 0 , 66 , 66
0 , 0 , 66.076 , 66.076
0 , 0 , 66.138 , 66.138
0 , 0 , 66.244 , 66.244
0 , 0 , 66.308 , 66.308
0 , 0 , 66.4 , 66.4
0 , 0 , 66.476 , 66.476
0 , 0 , 66.57 , 66.57
0 , 0 , 66.646 , 66.646
0 , 0 , 66.708 , 66.708
0 , 0 , 66.802 , 66.802
0 , 0 , 66.878 , 66.878
0 , 0 , 66.94 , 66.94
0.001 , 0.001 , 67.04 , 67.042
0 , 0 , 67.11 , 67.11
0 , 0 , 67.204 , 67.204
0 , 0 , 67.278 , 67.278
0 , 0 , 67.372 , 67.372
0 , 0 , 67.448 , 67.448
0 , 0 , 67.51 , 67.51
0 , 0 , 67.604 , 67.604
0 , 0 , 67.68 , 67.68
0 , 0 , 67.774 , 67.774
0 , 0 , 67.848 , 67.848
0 , 0 , 67.912 , 67.912
0 , 0 , 68.006 , 68.006
0 , 0 , 68.08 , 68.08
0.032 , 0 , 68.174 , 68.206
0.031 , 0 , 68.312 , 68.343
0.031 , 0 , 68.45 , 68.481
0.038 , 0 , 68.574 , 68.612
0 , 0 , 68.712 , 68.712
0 , 0 , 68.806 , 68.806
0 , 0 , 68.882 , 68.882
0 , 0 , 68.976 , 68.976
0 , 0 , 69.052 , 69.052
0 , 0 , 69.114 , 69.114
0 , 0 , 69.208 , 69.208
0 , 0 , 69.284 , 69.284
0 , 0 , 69.378 , 69.378
0 , 0 , 69.452 , 69.452
0 , 0 , 69.516 , 69.516
0 , 0 , 69.61 , 69.61
0 , 0 , 69.684 , 69.684
0 , 0 , 69.778 , 69.778
0 , 0 , 69.854 , 69.854
0 , 0 , 69.948 , 69.948
0 , 0 , 70.01 , 70.01
0 , 0 , 70.086 , 70.086
0 , 0 , 70.18 , 70.18
0 , 0 , 70.256 , 70.256
0 , 0 , 70.35 , 70.35
0.001 , 0.001 , 70.446 , 70.448
0 , 0 , 70.518 , 70.518
0 , 0 , 70.612 , 70.612
0 , 0 , 70.688 , 70.688
0 , 0 , 70.782 , 70.782
0 , 0 , 70.858 , 70.858
0 , 0 , 70.952 , 70.952
0.001 , 0 , 71.049 , 71.05
0 , 0 , 71.12 , 71.12
0 , 0 , 71.214 , 71.214
0 , 0 , 71.29 , 71.29
0 , 0 , 71.384 , 71.384
0 , 0 , 71.46 , 71.46
0 , 0 , 71.554 , 71.554
0 , 0 , 71.616 , 71.616
0 , 0 , 71.722 , 71.722
0 , 0 , 71.786 , 71.786
0 , 0 , 71.892 , 71.892
0 , 0 , 71.954 , 71.954
0 , 0 , 72.062 , 72.062
0 , 0 , 72.124 , 72.124
0 , 0 , 72.218 , 72.218
0 , 0 , 72.324 , 72.324
0 , 0 , 72.386 , 72.386
0 , 0 , 72.494 , 72.494
0 , 0 , 72.556 , 72.556
0 , 0 , 72.724 , 72.724
0 , 0 , 72.788 , 72.788
0 , 0 , 72.894 , 72.894
0 , 0 , 72.956 , 72.956
0 , 0 , 73.064 , 73.064
0 , 0 , 73.126 , 73.126
0.001 , 0 , 73.256 , 73.257
0 , 0 , 73.326 , 73.326
0 , 0 , 73.42 , 73.42
0 , 0 , 73.496 , 73.496
0 , 0 , 73.588 , 73.588
0 , 0 , 73.664 , 73.664
0 , 0 , 73.758 , 73.758
0.001 , 0 , 73.856 , 73.857
0 , 0 , 73.928 , 73.928
0 , 0 , 74.022 , 74.022
0 , 0 , 74.096 , 74.096
0 , 0 , 74.19 , 74.19
0 , 0 , 74.264 , 74.264
0 , 0 , 74.358 , 74.358
0 , 0.001 , 74.462 , 74.463
0 , 0 , 74.526 , 74.526
0 , 0 , 74.62 , 74.62
0 , 0 , 74.696 , 74.696
0 , 0 , 74.79 , 74.79
0 , 0 , 74.866 , 74.866
0.015 , 0 , 74.96 , 74.975
0 , 0 , 75.066 , 75.066
0.016 , 0 , 75.158 , 75.174
0.015 , 0 , 75.266 , 75.281
0 , 0 , 75.36 , 75.36
0 , 0 , 75.466 , 75.466
0 , 0 , 75.528 , 75.528
0 , 0 , 75.622 , 75.622
0 , 0 , 75.73 , 75.73
0 , 0 , 75.794 , 75.794
0 , 0 , 75.898 , 75.898
0 , 0 , 75.976 , 75.976
0 , 0 , 76.066 , 76.066
0 , 0 , 76.16 , 76.16
0 , 0 , 76.224 , 76.224
0 , 0 , 76.33 , 76.33
0 , 0 , 76.424 , 76.424
0 , 0 , 76.5 , 76.5
0 , 0 , 76.594 , 76.594
0 , 0 , 76.7 , 76.7
0 , 0 , 76.794 , 76.794
0 , 0.015 , 76.87 , 76.885
0 , 0 , 76.994 , 76.994
0 , 0 , 77.07 , 77.07
0 , 0 , 77.164 , 77.164
0 , 0 , 77.266 , 77.266
0 , 0 , 77.334 , 77.334
0 , 0 , 77.426 , 77.426
0 , 0 , 77.502 , 77.502
0 , 0 , 77.596 , 77.596
0 , 0 , 77.704 , 77.704
0.015 , 0 , 77.766 , 77.781
0 , 0 , 77.872 , 77.872
0 , 0 , 77.966 , 77.966
0 , 0 , 78.028 , 78.028
0 , 0 , 78.136 , 78.136
0 , 0 , 78.23 , 78.23
0 , 0 , 78.306 , 78.306
0 , 0 , 78.398 , 78.398
0 , 0 , 78.474 , 78.474
0 , 0 , 78.568 , 78.568
0 , 0 , 78.676 , 78.676
0 , 0 , 78.768 , 78.768
0 , 0 , 78.832 , 78.832
0 , 0 , 78.938 , 78.938
0 , 0 , 79.032 , 79.032
0 , 0 , 79.108 , 79.108
0 , 0 , 79.202 , 79.202
0 , 0 , 79.308 , 79.308
0 , 0 , 79.37 , 79.37
0 , 0 , 79.478 , 79.478
0 , 0 , 79.572 , 79.572
0 , 0 , 79.672 , 79.672
0 , 0 , 79.74 , 79.74
0 , 0 , 79.834 , 79.834
0 , 0 , 79.91 , 79.91
0 , 0 , 80.004 , 80.004
0 , 0 , 80.11 , 80.11
0 , 0 , 80.204 , 80.204
0 , 0 , 80.28 , 80.28
0 , 0 , 80.374 , 80.374
0 , 0 , 80.48 , 80.48
0 , 0 , 80.574 , 80.574
0 , 0 , 80.638 , 80.638
0 , 0 , 80.744 , 80.744
0 , 0 , 80.838 , 80.838
0 , 0 , 80.914 , 80.914
0 , 0 , 81.008 , 81.008
0 , 0 , 81.114 , 81.114
0 , 0 , 81.208 , 81.208
0 , 0 , 81.284 , 81.284
0 , 0 , 81.378 , 81.378
0 , 0 , 81.484 , 81.484
0 , 0 , 81.546 , 81.546
0 , 0 , 81.64 , 81.64
0 , 0 , 81.748 , 81.748
0 , 0 , 81.84 , 81.84
0 , 0 , 81.916 , 81.916
0 , 0 , 82.01 , 82.01
0 , 0 , 82.118 , 82.118
0 , 0 , 82.21 , 82.21
0 , 0 , 82.286 , 82.286
0 , 0 , 82.38 , 82.38
0 , 0 , 82.488 , 82.488
0 , 0 , 82.55 , 82.55
0 , 0 , 82.644 , 82.644
0 , 0 , 82.75 , 82.75
0 , 0 , 82.844 , 82.844
0 , 0 , 82.92 , 82.92
0 , 0 , 83.014 , 83.014
0 , 0 , 83.12 , 83.12
0 , 0 , 83.214 , 83.214
0 , 0 , 83.29 , 83.29
0 , 0 , 83.384 , 83.384
0 , 0 , 83.49 , 83.49
0.016 , 0 , 83.552 , 83.568
0 , 0 , 83.646 , 83.646
0 , 0 , 83.754 , 83.754
0 , 0 , 83.848 , 83.848
0 , 0 , 83.922 , 83.922
0 , 0 , 84.016 , 84.016
0 , 0 , 84.124 , 84.124
0 , 0 , 84.218 , 84.218
0 , 0 , 84.324 , 84.324
0 , 0 , 84.386 , 84.386
0 , 0 , 84.494 , 84.494
0 , 0 , 84.588 , 84.588
0 , 0.001 , 84.692 , 84.693
0 , 0 , 84.756 , 84.756
0 , 0 , 84.85 , 84.85
0 , 0 , 84.958 , 84.958
0 , 0 , 85.052 , 85.052
0 , 0 , 85.126 , 85.126
0 , 0 , 85.22 , 85.22
0 , 0 , 85.346 , 85.346
0 , 0 , 85.442 , 85.442
0 , 0 , 85.538 , 85.538
0.001 , 0 , 85.634 , 85.635
0 , 0 , 85.73 , 85.73
0 , 0 , 85.826 , 85.826
0 , 0 , 85.924 , 85.924
0.001 , 0 , 86.022 , 86.023
0.001 , 0 , 86.118 , 86.119
0.001 , 0 , 86.216 , 86.217
0 , 0 , 86.312 , 86.312
0 , 0.001 , 86.41 , 86.411
0 , 0 , 86.508 , 86.508
0 , 0 , 86.604 , 86.604
0 , 0 , 86.7 , 86.7
0 , 0 , 86.798 , 86.798
0.001 , 0 , 86.894 , 86.895
0.001 , 0 , 86.99 , 86.991
0.001 , 0 , 87.088 , 87.089
0 , 0 , 87.188 , 87.188
0.001 , 0 , 87.284 , 87.285
0.001 , 0 , 87.38 , 87.381
0.001 , 0 , 87.478 , 87.479
0 , 0 , 87.576 , 87.576
0.001 , 0 , 87.672 , 87.673
0.002 , 0 , 87.77 , 87.772
0.002 , 0 , 87.87 , 87.872
0 , 0 , 87.971 , 87.971
0 , 0 , 88.068 , 88.068
0 , 0.001 , 88.166 , 88.167
0.001 , 0 , 88.266 , 88.267
0 , 0 , 88.362 , 88.362
0.001 , 0 , 88.459 , 88.46
0.001 , 0.001 , 88.56 , 88.562
0.001 , 0.001 , 88.662 , 88.664
0.002 , 0 , 88.764 , 88.766
0 , 0 , 88.866 , 88.866
0 , 0 , 88.965 , 88.965
0 , 0 , 89.068 , 89.068
0 , 0 , 89.166 , 89.166
0.002 , 0.001 , 89.266 , 89.269
0 , 0 , 89.35 , 89.35
