#Qurey Time, Memory allocation , I/O Time , Total
0 , 0 , 23.152 , 23.152
0 , 0 , 23.154 , 23.154
0 , 0 , 23.154 , 23.154
0 , 0 , 23.154 , 23.154
0.015 , 0 , 23.154 , 23.169
0 , 0 , 23.184 , 23.184
0 , 0 , 23.184 , 23.184
0 , 0 , 23.184 , 23.184
0 , 0 , 23.184 , 23.184
0.016 , 0 , 23.184 , 23.2
0 , 0 , 23.216 , 23.216
0 , 0 , 23.216 , 23.216
0 , 0 , 23.216 , 23.216
0 , 0 , 23.248 , 23.248
0 , 0 , 23.248 , 23.248
0 , 0 , 23.248 , 23.248
0 , 0 , 23.248 , 23.248
0.015 , 0 , 23.248 , 23.263
0.003 , 0 , 23.343 , 23.346
0 , 0 , 23.352 , 23.352
0 , 0 , 23.352 , 23.352
0 , 0 , 23.352 , 23.352
0 , 0 , 23.352 , 23.352
0 , 0 , 23.352 , 23.352
0 , 0 , 23.384 , 23.384
0.016 , 0 , 23.384 , 23.4
0 , 0 , 23.416 , 23.416
0 , 0 , 23.416 , 23.416
0 , 0 , 23.446 , 23.446
0 , 0 , 23.446 , 23.446
0 , 0 , 23.446 , 23.446
0 , 0 , 23.478 , 23.478
0 , 0 , 23.478 , 23.478
0 , 0 , 23.478 , 23.478
0 , 0.016 , 23.478 , 23.494
0 , 0 , 23.51 , 23.51
0 , 0 , 23.51 , 23.51
0.017 , 0 , 23.51 , 23.527
0.002 , 0 , 23.55 , 23.552
0 , 0 , 23.554 , 23.554
0.015 , 0 , 23.554 , 23.569
0 , 0 , 23.584 , 23.584
0 , 0 , 23.584 , 23.584
0.016 , 0 , 23.584 , 23.6
0 , 0 , 23.616 , 23.616
0 , 0 , 23.616 , 23.616
0 , 0 , 23.616 , 23.616
0 , 0 , 23.648 , 23.648
0 , 0 , 23.648 , 23.648
0 , 0 , 23.648 , 23.648
0 , 0 , 23.648 , 23.648
0 , 0 , 23.678 , 23.678
0 , 0 , 23.678 , 23.678
0 , 0 , 23.678 , 23.678
0 , 0 , 23.71 , 23.71
0 , 0 , 23.71 , 23.71
0 , 0 , 23.71 , 23.71
0 , 0 , 23.71 , 23.71
0 , 0.001 , 23.748 , 23.749
0 , 0 , 23.754 , 23.754
0 , 0 , 23.754 , 23.754
0 , 0 , 23.754 , 23.754
0 , 0 , 23.786 , 23.786
0 , 0 , 23.786 , 23.786
0 , 0 , 23.786 , 23.786
0.015 , 0 , 23.786 , 23.801
0 , 0 , 23.816 , 23.816
0 , 0 , 23.816 , 23.816
0 , 0 , 23.816 , 23.816
0 , 0 , 23.848 , 23.848
0 , 0 , 23.848 , 23.848
0 , 0 , 23.848 , 23.848
0 , 0 , 23.88 , 23.88
0 , 0 , 23.88 , 23.88
0 , 0 , 23.895 , 23.895
0 , 0 , 23.91 , 23.91
0 , 0 , 23.91 , 23.91
0.001 , 0 , 23.944 , 23.945
0 , 0 , 23.955 , 23.955
0.001 , 0 , 23.968 , 23.969
0.001 , 0 , 23.98 , 23.981
0.001 , 0 , 23.992 , 23.993
0.001 , 0 , 24.005 , 24.006
0.001 , 0 , 24.018 , 24.019
0.001 , 0 , 24.032 , 24.033
0.001 , 0 , 24.044 , 24.045
0.001 , 0 , 24.056 , 24.057
0 , 0 , 24.069 , 24.069
0.001 , 0 , 24.082 , 24.083
0.001 , 0 , 24.096 , 24.097
0.011 , 0.001 , 24.11 , 24.122
0.001 , 0 , 24.146 , 24.147
0.001 , 0 , 24.16 , 24.161
0 , 0 , 24.173 , 24.173
0.001 , 0 , 24.188 , 24.189
0.001 , 0 , 24.202 , 24.203
0 , 0 , 24.215 , 24.215
0.001 , 0 , 24.23 , 24.231
0.001 , 0 , 24.243 , 24.244
0.001 , 0 , 24.26 , 24.261
0 , 0.001 , 24.274 , 24.275
0.001 , 0 , 24.29 , 24.291
0.001 , 0 , 24.304 , 24.305
0.001 , 0 , 24.32 , 24.321
0.001 , 0 , 24.334 , 24.335
0.001 , 0 , 24.35 , 24.351
0 , 0 , 24.364 , 24.364
0.001 , 0 , 24.382 , 24.383
0.001 , 0 , 24.396 , 24.397
0.001 , 0 , 24.412 , 24.413
0 , 0 , 24.427 , 24.427
0 , 0.001 , 24.442 , 24.443
0.001 , 0 , 24.46 , 24.461
0.001 , 0 , 24.476 , 24.477
0.001 , 0 , 24.492 , 24.493
0 , 0.001 , 24.508 , 24.509
0.001 , 0 , 24.526 , 24.527
0.001 , 0 , 24.542 , 24.543
0.001 , 0 , 24.558 , 24.559
0.001 , 0 , 24.576 , 24.577
0.001 , 0 , 24.593 , 24.594
0.001 , 0 , 24.61 , 24.611
0.001 , 0 , 24.628 , 24.629
0 , 0 , 24.645 , 24.645
0.001 , 0 , 24.662 , 24.663
0.001 , 0 , 24.68 , 24.681
0.001 , 0 , 24.696 , 24.697
0.001 , 0 , 24.714 , 24.715
0.001 , 0 , 24.734 , 24.735
0.001 , 0 , 24.752 , 24.753
0 , 0 , 24.771 , 24.771
0 , 0 , 24.789 , 24.789
0 , 0.001 , 24.806 , 24.807
0.001 , 0 , 24.826 , 24.827
0.001 , 0 , 24.844 , 24.845
0.001 , 0 , 24.862 , 24.863
0.001 , 0 , 24.882 , 24.883
0.001 , 0 , 24.9 , 24.901
0 , 0 , 24.918 , 24.918
0.001 , 0 , 24.938 , 24.939
0.001 , 0 , 24.956 , 24.957
0.001 , 0 , 24.976 , 24.977
0.001 , 0 , 24.996 , 24.997
0 , 0.001 , 25.014 , 25.015
0 , 0 , 25.035 , 25.035
0.001 , 0 , 25.054 , 25.055
0 , 0.001 , 25.072 , 25.073
0.001 , 0 , 25.094 , 25.095
0.001 , 0 , 25.114 , 25.115
0.001 , 0 , 25.134 , 25.135
0 , 0 , 25.154 , 25.154
0.001 , 0 , 25.178 , 25.179
0.001 , 0 , 25.198 , 25.199
0.001 , 0 , 25.22 , 25.221
0 , 0 , 25.24 , 25.24
0 , 0 , 25.26 , 25.26
0.001 , 0 , 25.282 , 25.283
0.001 , 0 , 25.302 , 25.303
0 , 0 , 25.324 , 25.324
0.001 , 0 , 25.344 , 25.345
0.001 , 0 , 25.366 , 25.367
0.001 , 0 , 25.386 , 25.387
0 , 0 , 25.407 , 25.407
0 , 0 , 25.429 , 25.429
0.001 , 0 , 25.45 , 25.451
0.001 , 0 , 25.474 , 25.475
0.001 , 0 , 25.496 , 25.497
0.001 , 0 , 25.518 , 25.519
0.001 , 0 , 25.542 , 25.543
0.001 , 0 , 25.564 , 25.565
0 , 0 , 25.586 , 25.586
0.001 , 0 , 25.608 , 25.609
0.001 , 0 , 25.632 , 25.633
0.001 , 0 , 25.656 , 25.657
0.001 , 0 , 25.676 , 25.677
0.001 , 0 , 25.7 , 25.701
0 , 0 , 25.722 , 25.722
0 , 0 , 25.746 , 25.746
0.001 , 0 , 25.77 , 25.771
0.001 , 0 , 25.792 , 25.793
0 , 0 , 25.816 , 25.816
0.001 , 0 , 25.84 , 25.841
0 , 0.001 , 25.864 , 25.865
0.001 , 0 , 25.888 , 25.889
0.001 , 0 , 25.912 , 25.913
0.001 , 0 , 25.936 , 25.937
0 , 0 , 25.959 , 25.959
0 , 0 , 25.984 , 25.984
0 , 0 , 26.009 , 26.009
0.001 , 0 , 26.034 , 26.035
0.001 , 0 , 26.058 , 26.059
0.001 , 0 , 26.084 , 26.085
0.001 , 0 , 26.108 , 26.109
0.001 , 0 , 26.134 , 26.135
0 , 0.001 , 26.16 , 26.161
0.001 , 0 , 26.192 , 26.193
0 , 0 , 26.202 , 26.202
0 , 0 , 26.232 , 26.232
0 , 0 , 26.264 , 26.264
0 , 0 , 26.264 , 26.264
0 , 0 , 26.294 , 26.294
0 , 0 , 26.326 , 26.326
0 , 0 , 26.358 , 26.358
0.015 , 0 , 26.358 , 26.373
0 , 0 , 26.402 , 26.402
0 , 0 , 26.434 , 26.434
0 , 0 , 26.434 , 26.434
0 , 0 , 26.464 , 26.464
0 , 0 , 26.496 , 26.496
0 , 0 , 26.526 , 26.526
0 , 0 , 26.558 , 26.558
0.001 , 0 , 26.59 , 26.591
0 , 0 , 26.602 , 26.602
0 , 0 , 26.634 , 26.634
0 , 0 , 26.664 , 26.664
0 , 0 , 26.664 , 26.664
0 , 0 , 26.696 , 26.696
0 , 0 , 26.728 , 26.728
0 , 0 , 26.758 , 26.758
0.001 , 0 , 26.798 , 26.799
0 , 0 , 26.825 , 26.825
0.001 , 0 , 26.854 , 26.855
0 , 0.001 , 26.88 , 26.881
0 , 0 , 26.909 , 26.909
0.001 , 0 , 26.936 , 26.937
0.001 , 0 , 26.966 , 26.967
0.001 , 0 , 26.994 , 26.995
0.001 , 0 , 27.022 , 27.023
0.001 , 0 , 27.048 , 27.049
0.001 , 0 , 27.077 , 27.078
0.001 , 0 , 27.104 , 27.105
0 , 0.001 , 27.132 , 27.133
0.001 , 0 , 27.16 , 27.161
0.001 , 0 , 27.188 , 27.189
0.001 , 0 , 27.218 , 27.219
0 , 0.001 , 27.246 , 27.247
0.001 , 0 , 27.276 , 27.277
0 , 0 , 27.284 , 27.284
0 , 0 , 27.316 , 27.316
0 , 0 , 27.348 , 27.348
0 , 0 , 27.378 , 27.378
0 , 0 , 27.41 , 27.41
0 , 0 , 27.44 , 27.44
0 , 0 , 27.478 , 27.478
0.001 , 0 , 27.508 , 27.509
0.001 , 0 , 27.536 , 27.537
0.001 , 0 , 27.566 , 27.567
0.001 , 0 , 27.596 , 27.597
0.001 , 0 , 27.624 , 27.625
0.001 , 0 , 27.654 , 27.655
0 , 0 , 27.685 , 27.685
0.001 , 0 , 27.714 , 27.715
0.001 , 0 , 27.744 , 27.745
0 , 0 , 27.775 , 27.775
0.001 , 0 , 27.804 , 27.805
0.001 , 0 , 27.836 , 27.837
0 , 0 , 27.867 , 27.867
0 , 0 , 27.896 , 27.896
0.001 , 0 , 27.928 , 27.929
0.001 , 0 , 27.96 , 27.961
0 , 0.001 , 27.99 , 27.991
0.001 , 0 , 28.024 , 28.025
0 , 0.001 , 28.056 , 28.057
0.001 , 0 , 28.088 , 28.089
0.001 , 0 , 28.122 , 28.123
0.001 , 0 , 28.156 , 28.157
0 , 0 , 28.188 , 28.188
0 , 0 , 28.223 , 28.223
0 , 0 , 28.226 , 28.226
0 , 0 , 28.29 , 28.29
0 , 0 , 28.32 , 28.32
0 , 0 , 28.352 , 28.352
0 , 0 , 28.384 , 28.384
0.001 , 0 , 28.422 , 28.423
0 , 0 , 28.428 , 28.428
0 , 0 , 28.458 , 28.458
0 , 0 , 28.49 , 28.49
0 , 0 , 28.522 , 28.522
0.016 , 0 , 28.552 , 28.568
0.001 , 0 , 28.616 , 28.617
0 , 0 , 28.628 , 28.628
0 , 0 , 28.66 , 28.66
0 , 0 , 28.69 , 28.69
0 , 0 , 28.722 , 28.722
0 , 0 , 28.754 , 28.754
0 , 0 , 28.784 , 28.784
0 , 0 , 28.828 , 28.828
0 , 0 , 28.86 , 28.86
0 , 0 , 28.892 , 28.892
0 , 0 , 28.922 , 28.922
0.015 , 0 , 28.954 , 28.969
0.001 , 0 , 29.018 , 29.019
0 , 0 , 29.03 , 29.03
0 , 0 , 29.06 , 29.06
0 , 0 , 29.092 , 29.092
0 , 0 , 29.154 , 29.154
0 , 0 , 29.186 , 29.186
0.001 , 0 , 29.226 , 29.227
0 , 0.016 , 29.23 , 29.246
0 , 0 , 29.292 , 29.292
0 , 0 , 29.324 , 29.324
0 , 0 , 29.354 , 29.354
0 , 0 , 29.386 , 29.386
0 , 0 , 29.43 , 29.43
0 , 0 , 29.462 , 29.462
0 , 0 , 29.494 , 29.494
0 , 0 , 29.524 , 29.524
0 , 0 , 29.586 , 29.586
0 , 0 , 29.623 , 29.623
0 , 0 , 29.632 , 29.632
0 , 0 , 29.694 , 29.694
0 , 0 , 29.724 , 29.724
0 , 0 , 29.756 , 29.756
0 , 0 , 29.788 , 29.788
0 , 0 , 29.832 , 29.832
0 , 0 , 29.864 , 29.864
0 , 0 , 29.894 , 29.894
0 , 0 , 29.926 , 29.926
0.016 , 0 , 29.956 , 29.972
0 , 0 , 30.025 , 30.025
0.001 , 0 , 30.064 , 30.065
0.001 , 0 , 30.104 , 30.105
0.001 , 0.001 , 30.142 , 30.144
0 , 0 , 30.181 , 30.181
0.001 , 0 , 30.222 , 30.223
0.001 , 0 , 30.262 , 30.263
0.001 , 0 , 30.304 , 30.305
0.001 , 0 , 30.344 , 30.345
0.001 , 0 , 30.38 , 30.381
0.001 , 0 , 30.418 , 30.419
0 , 0 , 30.457 , 30.457
0 , 0 , 30.495 , 30.495
0.001 , 0 , 30.534 , 30.535
0.001 , 0 , 30.57 , 30.571
0.001 , 0 , 30.609 , 30.61
0.001 , 0 , 30.648 , 30.649
0.001 , 0 , 30.688 , 30.689
0.001 , 0 , 30.726 , 30.727
0.001 , 0 , 30.764 , 30.765
0 , 0 , 30.802 , 30.802
0.001 , 0 , 30.842 , 30.843
0.001 , 0 , 30.882 , 30.883
0 , 0 , 30.921 , 30.921
0 , 0 , 30.958 , 30.958
0.001 , 0 , 30.998 , 30.999
0.001 , 0 , 31.038 , 31.039
0 , 0 , 31.078 , 31.078
0.001 , 0 , 31.118 , 31.119
0 , 0 , 31.157 , 31.157
0.001 , 0 , 31.198 , 31.199
0.001 , 0 , 31.242 , 31.243
0.001 , 0 , 31.284 , 31.285
0.001 , 0 , 31.328 , 31.329
0 , 0 , 31.356 , 31.356
0 , 0 , 31.388 , 31.388
0 , 0 , 31.45 , 31.45
0 , 0 , 31.48 , 31.48
0 , 0 , 31.512 , 31.512
0 , 0 , 31.556 , 31.556
0.015 , 0 , 31.588 , 31.603
0 , 0 , 31.65 , 31.65
0 , 0 , 31.682 , 31.682
0 , 0 , 31.712 , 31.712
0 , 0 , 31.758 , 31.758
0 , 0 , 31.82 , 31.82
0 , 0 , 31.85 , 31.85
0 , 0 , 31.882 , 31.882
0.001 , 0 , 31.95 , 31.951
0.001 , 0 , 31.994 , 31.995
0.001 , 0 , 32.036 , 32.037
0.001 , 0 , 32.078 , 32.079
0.001 , 0 , 32.122 , 32.123
0 , 0 , 32.164 , 32.164
0 , 0 , 32.207 , 32.207
0.001 , 0 , 32.252 , 32.253
0.001 , 0 , 32.298 , 32.299
0 , 0 , 32.318 , 32.318
0 , 0 , 32.382 , 32.382
0 , 0 , 32.412 , 32.412
0 , 0 , 32.444 , 32.444
0.001 , 0 , 32.514 , 32.515
0.001 , 0 , 32.558 , 32.559
0 , 0.001 , 32.6 , 32.601
0.001 , 0 , 32.644 , 32.645
0.001 , 0 , 32.688 , 32.689
0.001 , 0 , 32.732 , 32.733
0.001 , 0 , 32.774 , 32.775
0.001 , 0 , 32.82 , 32.821
0.001 , 0 , 32.864 , 32.865
0.001 , 0 , 32.908 , 32.909
0.001 , 0 , 32.952 , 32.953
0 , 0.001 , 32.996 , 32.997
0 , 0 , 33.041 , 33.041
0.001 , 0 , 33.086 , 33.087
0 , 0 , 33.128 , 33.128
0 , 0.001 , 33.174 , 33.175
0.001 , 0 , 33.22 , 33.221
0 , 0 , 33.266 , 33.266
0.001 , 0 , 33.312 , 33.313
0.001 , 0 , 33.36 , 33.361
0.001 , 0 , 33.406 , 33.407
0 , 0 , 33.451 , 33.451
0.001 , 0 , 33.496 , 33.497
0 , 0 , 33.543 , 33.543
0.001 , 0 , 33.59 , 33.591
0 , 0 , 33.637 , 33.637
0.001 , 0 , 33.684 , 33.685
0.001 , 0 , 33.732 , 33.733
0.001 , 0 , 33.781 , 33.782
0.001 , 0 , 33.83 , 33.831
0.001 , 0 , 33.878 , 33.879
0.001 , 0 , 33.926 , 33.927
0.001 , 0 , 33.976 , 33.977
0 , 0.001 , 34.022 , 34.023
0 , 0 , 34.069 , 34.069
0.001 , 0 , 34.116 , 34.117
0.001 , 0 , 34.162 , 34.163
0 , 0 , 34.209 , 34.209
0.001 , 0 , 34.258 , 34.259
0.001 , 0 , 34.306 , 34.307
0 , 0.001 , 34.354 , 34.355
0.001 , 0 , 34.404 , 34.405
0 , 0 , 34.451 , 34.451
0.001 , 0 , 34.498 , 34.499
0.001 , 0 , 34.546 , 34.547
0.001 , 0 , 34.594 , 34.595
0 , 0.001 , 34.64 , 34.641
0 , 0.001 , 34.688 , 34.689
0 , 0 , 34.737 , 34.737
0 , 0 , 34.785 , 34.785
0.001 , 0 , 34.834 , 34.835
0.001 , 0 , 34.882 , 34.883
0.001 , 0 , 34.93 , 34.931
0.001 , 0 , 34.978 , 34.979
0.001 , 0 , 35.026 , 35.027
0.001 , 0 , 35.074 , 35.075
0.001 , 0 , 35.124 , 35.125
0 , 0 , 35.172 , 35.172
0.001 , 0 , 35.222 , 35.223
0.001 , 0 , 35.271 , 35.272
0 , 0.001 , 35.322 , 35.323
0.001 , 0 , 35.372 , 35.373
0 , 0 , 35.421 , 35.421
0.001 , 0 , 35.472 , 35.473
0.001 , 0 , 35.522 , 35.523
0.001 , 0 , 35.574 , 35.575
0.001 , 0 , 35.626 , 35.627
0 , 0.001 , 35.678 , 35.679
0 , 0 , 35.731 , 35.731
0.001 , 0 , 35.784 , 35.785
0 , 0 , 35.837 , 35.837
0.001 , 0 , 35.89 , 35.891
0.001 , 0 , 35.942 , 35.943
0.001 , 0 , 35.996 , 35.997
0 , 0.001 , 36.048 , 36.049
0.001 , 0 , 36.102 , 36.103
0.001 , 0 , 36.156 , 36.157
0 , 0 , 36.209 , 36.209
0 , 0 , 36.262 , 36.262
0.001 , 0 , 36.318 , 36.319
0.001 , 0 , 36.374 , 36.375
0 , 0 , 36.42 , 36.42
0 , 0 , 36.452 , 36.452
0 , 0 , 36.514 , 36.514
0.001 , 0 , 36.582 , 36.583
0.001 , 0 , 36.636 , 36.637
0.001 , 0 , 36.69 , 36.691
0.001 , 0 , 36.744 , 36.745
0 , 0 , 36.799 , 36.799
0 , 0.001 , 36.854 , 36.855
0.001 , 0 , 36.91 , 36.911
0 , 0.001 , 36.964 , 36.965
0.001 , 0 , 37.02 , 37.021
0.001 , 0 , 37.076 , 37.077
0.001 , 0 , 37.128 , 37.129
0.001 , 0 , 37.182 , 37.183
0.001 , 0 , 37.238 , 37.239
0.001 , 0 , 37.296 , 37.297
0.001 , 0 , 37.352 , 37.353
0 , 0.001 , 37.406 , 37.407
0.001 , 0 , 37.462 , 37.463
0.001 , 0 , 37.518 , 37.519
0.001 , 0 , 37.574 , 37.575
0 , 0 , 37.631 , 37.631
0 , 0 , 37.689 , 37.689
0.001 , 0 , 37.748 , 37.749
0.001 , 0 , 37.806 , 37.807
0.001 , 0 , 37.864 , 37.865
0.001 , 0 , 37.924 , 37.925
0 , 0 , 37.981 , 37.981
0.001 , 0 , 38.04 , 38.041
0.001 , 0 , 38.098 , 38.099
0 , 0 , 38.157 , 38.157
0.001 , 0 , 38.216 , 38.217
0 , 0 , 38.276 , 38.276
0.001 , 0 , 38.334 , 38.335
0 , 0.001 , 38.394 , 38.395
0.001 , 0 , 38.452 , 38.453
0.001 , 0 , 38.514 , 38.515
0.001 , 0 , 38.572 , 38.573
0 , 0 , 38.631 , 38.631
0.001 , 0 , 38.692 , 38.693
0.001 , 0 , 38.75 , 38.751
0.001 , 0 , 38.812 , 38.813
0.001 , 0 , 38.87 , 38.871
0 , 0 , 38.93 , 38.93
0.001 , 0 , 38.99 , 38.991
0 , 0 , 39.053 , 39.053
0 , 0 , 39.112 , 39.112
0 , 0 , 39.174 , 39.174
0.001 , 0 , 39.24 , 39.241
0 , 0 , 39.301 , 39.301
0.001 , 0 , 39.362 , 39.363
0 , 0.001 , 39.424 , 39.425
0 , 0 , 39.488 , 39.488
0.001 , 0 , 39.55 , 39.551
0 , 0 , 39.61 , 39.61
0.001 , 0 , 39.674 , 39.675
0 , 0 , 39.734 , 39.734
0.001 , 0 , 39.798 , 39.799
0.001 , 0 , 39.858 , 39.859
0.001 , 0 , 39.922 , 39.923
0.001 , 0 , 39.984 , 39.985
0.001 , 0 , 40.048 , 40.049
0.001 , 0 , 40.108 , 40.109
0 , 0 , 40.171 , 40.171
0 , 0 , 40.23 , 40.23
0 , 0 , 40.292 , 40.292
0 , 0 , 40.354 , 40.354
0 , 0 , 40.4 , 40.4
0 , 0 , 40.462 , 40.462
0 , 0 , 40.524 , 40.524
0 , 0 , 40.6 , 40.6
0 , 0 , 40.662 , 40.662
0 , 0 , 40.724 , 40.724
0.001 , 0 , 40.79 , 40.791
0 , 0 , 40.832 , 40.832
0 , 0 , 40.894 , 40.894
0 , 0 , 40.956 , 40.956
0 , 0 , 41.032 , 41.032
0 , 0 , 41.094 , 41.094
0 , 0 , 41.158 , 41.158
0 , 0 , 41.202 , 41.202
0 , 0 , 41.264 , 41.264
0 , 0 , 41.326 , 41.326
0 , 0 , 41.402 , 41.402
0 , 0 , 41.464 , 41.464
0 , 0 , 41.558 , 41.558
0 , 0 , 41.634 , 41.634
0 , 0 , 41.696 , 41.696
0 , 0 , 41.758 , 41.758
0 , 0 , 41.834 , 41.834
0 , 0 , 41.896 , 41.896
0 , 0 , 41.96 , 41.96
0 , 0 , 42.004 , 42.004
0.016 , 0 , 42.066 , 42.082
0.016 , 0 , 42.128 , 42.144
0 , 0 , 42.204 , 42.204
0 , 0 , 42.266 , 42.266
0 , 0 , 42.33 , 42.33
0 , 0 , 42.404 , 42.404
0 , 0 , 42.468 , 42.468
0 , 0 , 42.53 , 42.53
0 , 0.001 , 42.602 , 42.603
0 , 0 , 42.636 , 42.636
0 , 0 , 42.698 , 42.698
0.001 , 0 , 42.792 , 42.793
0 , 0 , 42.836 , 42.836
0 , 0 , 42.9 , 42.9
0 , 0 , 42.962 , 42.962
0 , 0 , 43.038 , 43.038
0 , 0 , 43.1 , 43.1
0 , 0 , 43.162 , 43.162
0 , 0 , 43.238 , 43.238
0 , 0 , 43.3 , 43.3
0 , 0 , 43.364 , 43.364
0 , 0 , 43.438 , 43.438
0 , 0 , 43.502 , 43.502
0 , 0 , 43.564 , 43.564
0 , 0 , 43.64 , 43.64
0 , 0 , 43.702 , 43.702
0 , 0 , 43.764 , 43.764
0 , 0 , 43.84 , 43.84
0 , 0 , 43.902 , 43.902
0 , 0 , 43.964 , 43.964
0 , 0 , 44.01 , 44.01
0 , 0 , 44.072 , 44.072
0.016 , 0 , 44.134 , 44.15
0 , 0 , 44.21 , 44.21
0 , 0 , 44.272 , 44.272
0.016 , 0 , 44.334 , 44.35
0 , 0 , 44.41 , 44.41
0 , 0 , 44.472 , 44.472
0 , 0 , 44.536 , 44.536
0 , 0 , 44.61 , 44.61
0 , 0 , 44.674 , 44.674
0 , 0 , 44.736 , 44.736
0 , 0 , 44.812 , 44.812
0 , 0 , 44.874 , 44.874
0 , 0 , 44.936 , 44.936
0 , 0 , 45.012 , 45.012
0 , 0 , 45.074 , 45.074
0 , 0 , 45.138 , 45.138
0 , 0 , 45.212 , 45.212
0 , 0 , 45.276 , 45.276
0 , 0 , 45.338 , 45.338
0 , 0 , 45.414 , 45.414
0 , 0 , 45.476 , 45.476
0 , 0 , 45.538 , 45.538
0 , 0 , 45.614 , 45.614
0 , 0 , 45.676 , 45.676
0 , 0 , 45.738 , 45.738
0 , 0 , 45.814 , 45.814
0 , 0 , 45.876 , 45.876
0 , 0 , 45.94 , 45.94
0 , 0 , 46.014 , 46.014
0 , 0 , 46.078 , 46.078
0 , 0 , 46.14 , 46.14
0 , 0 , 46.216 , 46.216
0 , 0 , 46.278 , 46.278
0 , 0 , 46.372 , 46.372
0 , 0 , 46.416 , 46.416
0 , 0 , 46.51 , 46.51
0 , 0 , 46.572 , 46.572
0 , 0 , 46.648 , 46.648
0 , 0 , 46.71 , 46.71
0 , 0 , 46.772 , 46.772
0 , 0 , 46.848 , 46.848
0 , 0 , 46.91 , 46.91
0 , 0 , 46.974 , 46.974
0 , 0 , 47.048 , 47.048
0 , 0 , 47.112 , 47.112
0 , 0 , 47.174 , 47.174
0 , 0 , 47.252 , 47.252
0.016 , 0 , 47.314 , 47.33
0.001 , 0 , 47.414 , 47.415
0 , 0 , 47.48 , 47.48
0 , 0 , 47.542 , 47.542
0 , 0 , 47.618 , 47.618
0 , 0 , 47.68 , 47.68
0 , 0 , 47.744 , 47.744
0 , 0 , 47.818 , 47.818
0 , 0 , 47.882 , 47.882
0.016 , 0 , 47.944 , 47.96
0 , 0 , 48.02 , 48.02
0 , 0 , 48.114 , 48.114
0 , 0 , 48.176 , 48.176
0 , 0 , 48.252 , 48.252
0 , 0 , 48.314 , 48.314
0 , 0 , 48.376 , 48.376
0 , 0 , 48.452 , 48.452
0 , 0 , 48.514 , 48.514
0 , 0 , 48.613 , 48.613
0 , 0 , 48.684 , 48.684
0 , 0 , 48.746 , 48.746
0 , 0 , 48.822 , 48.822
0 , 0 , 48.884 , 48.884
0 , 0 , 48.946 , 48.946
0 , 0 , 49.022 , 49.022
0.016 , 0 , 49.084 , 49.1
0 , 0 , 49.178 , 49.178
0 , 0 , 49.254 , 49.254
0 , 0 , 49.316 , 49.316
0 , 0 , 49.378 , 49.378
0 , 0 , 49.454 , 49.454
0 , 0 , 49.548 , 49.548
0 , 0 , 49.624 , 49.624
0 , 0 , 49.686 , 49.686
0 , 0 , 49.748 , 49.748
0 , 0 , 49.824 , 49.824
0 , 0 , 49.918 , 49.918
0 , 0 , 49.98 , 49.98
0 , 0 , 50.056 , 50.056
0 , 0 , 50.118 , 50.118
0.001 , 0 , 50.216 , 50.217
0 , 0 , 50.288 , 50.288
0 , 0 , 50.35 , 50.35
0 , 0 , 50.426 , 50.426
0 , 0 , 50.488 , 50.488
0 , 0 , 50.582 , 50.582
0 , 0 , 50.658 , 50.658
0 , 0 , 50.72 , 50.72
0 , 0 , 50.782 , 50.782
0 , 0 , 50.858 , 50.858
0 , 0 , 50.952 , 50.952
0 , 0 , 51.028 , 51.028
0 , 0 , 51.09 , 51.09
0 , 0 , 51.152 , 51.152
0 , 0 , 51.228 , 51.228
0 , 0 , 51.322 , 51.322
0 , 0 , 51.384 , 51.384
0 , 0 , 51.46 , 51.46
0 , 0 , 51.556 , 51.556
0 , 0 , 51.63 , 51.63
0 , 0 , 51.707 , 51.707
0 , 0 , 51.786 , 51.786
0 , 0 , 51.86 , 51.86
0 , 0 , 51.924 , 51.924
0 , 0 , 52.027 , 52.027
0 , 0 , 52.092 , 52.092
0 , 0 , 52.156 , 52.156
0 , 0 , 52.23 , 52.23
0 , 0 , 52.324 , 52.324
0 , 0 , 52.388 , 52.388
0 , 0 , 52.462 , 52.462
0 , 0 , 52.556 , 52.556
0 , 0 , 52.632 , 52.632
0 , 0 , 52.694 , 52.694
0 , 0 , 52.788 , 52.788
0 , 0 , 52.864 , 52.864
0 , 0 , 52.926 , 52.926
0.001 , 0 , 53.032 , 53.033
0 , 0 , 53.096 , 53.096
0 , 0 , 53.19 , 53.19
0 , 0 , 53.264 , 53.264
0 , 0 , 53.328 , 53.328
0.001 , 0 , 53.428 , 53.429
0 , 0 , 53.496 , 53.496
0 , 0 , 53.56 , 53.56
0 , 0 , 53.666 , 53.666
0 , 0 , 53.728 , 53.728
0.001 , 0 , 53.828 , 53.829
0 , 0 , 53.898 , 53.898
0 , 0 , 53.96 , 53.96
0 , 0 , 54.066 , 54.066
0 , 0 , 54.13 , 54.13
0.001 , 0 , 54.228 , 54.229
0 , 0 , 54.298 , 54.298
0 , 0 , 54.392 , 54.392
0 , 0 , 54.468 , 54.468
0 , 0 , 54.53 , 54.53
0 , 0 , 54.636 , 54.636
0 , 0 , 54.7 , 54.7
0 , 0 , 54.794 , 54.794
0 , 0 , 54.868 , 54.868
0 , 0 , 54.962 , 54.962
0 , 0 , 55.038 , 55.038
0 , 0 , 55.1 , 55.1
0 , 0 , 55.194 , 55.194
0 , 0 , 55.27 , 55.27
0 , 0 , 55.364 , 55.364
0 , 0 , 55.44 , 55.44
0 , 0 , 55.532 , 55.532
0 , 0 , 55.596 , 55.596
0 , 0 , 55.702 , 55.702
0 , 0 , 55.764 , 55.764
0 , 0 , 55.84 , 55.84
0 , 0 , 55.934 , 55.934
0.001 , 0 , 56.032 , 56.033
0 , 0 , 56.104 , 56.104
0.016 , 0 , 56.166 , 56.182
0 , 0 , 56.272 , 56.272
0.015 , 0 , 56.336 , 56.351
0 , 0 , 56.442 , 56.442
0 , 0 , 56.536 , 56.536
0 , 0 , 56.598 , 56.598
0 , 0 , 56.674 , 56.674
0 , 0 , 56.768 , 56.768
0 , 0 , 56.844 , 56.844
0 , 0 , 56.938 , 56.938
0.001 , 0 , 57.034 , 57.035
0 , 0 , 57.106 , 57.106
0 , 0 , 57.2 , 57.2
0 , 0 , 57.278 , 57.278
0 , 0 , 57.372 , 57.372
0 , 0 , 57.444 , 57.444
0 , 0 , 57.538 , 57.538
0 , 0 , 57.6 , 57.6
0 , 0 , 57.706 , 57.706
0 , 0 , 57.77 , 57.77
0 , 0 , 57.876 , 57.876
0 , 0 , 57.938 , 57.938
0 , 0 , 58.044 , 58.044
0 , 0 , 58.108 , 58.108
0 , 0 , 58.202 , 58.202
0 , 0 , 58.276 , 58.276
0 , 0 , 58.37 , 58.37
0 , 0 , 58.476 , 58.476
0 , 0 , 58.538 , 58.538
0 , 0 , 58.646 , 58.646
0 , 0 , 58.708 , 58.708
0 , 0 , 58.802 , 58.802
0 , 0 , 58.878 , 58.878
0 , 0 , 58.972 , 58.972
0 , 0 , 59.044 , 59.044
0 , 0 , 59.138 , 59.138
0 , 0 , 59.246 , 59.246
0 , 0 , 59.308 , 59.308
0 , 0 , 59.402 , 59.402
0 , 0 , 59.508 , 59.508
0 , 0 , 59.572 , 59.572
0 , 0 , 59.678 , 59.678
0 , 0 , 59.74 , 59.74
0 , 0 , 59.846 , 59.846
0 , 0 , 59.94 , 59.94
0.016 , 0 , 60.002 , 60.018
0 , 0 , 60.11 , 60.11
0 , 0 , 60.204 , 60.204
0 , 0 , 60.28 , 60.28
0 , 0 , 60.372 , 60.372
0 , 0 , 60.448 , 60.448
0 , 0 , 60.542 , 60.542
0 , 0 , 60.65 , 60.65
0 , 0 , 60.712 , 60.712
0 , 0 , 60.806 , 60.806
0 , 0 , 60.912 , 60.912
0 , 0 , 61.006 , 61.006
0 , 0 , 61.082 , 61.082
0 , 0 , 61.176 , 61.176
0 , 0.015 , 61.252 , 61.267
0.016 , 0 , 61.344 , 61.36
0 , 0 , 61.452 , 61.452
0 , 0 , 61.546 , 61.546
0.001 , 0 , 61.644 , 61.645
0 , 0 , 61.714 , 61.714
0 , 0 , 61.808 , 61.808
0 , 0 , 61.884 , 61.884
0 , 0 , 61.978 , 61.978
0 , 0 , 62.084 , 62.084
0 , 0 , 62.178 , 62.178
0 , 0 , 62.254 , 62.254
0 , 0 , 62.348 , 62.348
0 , 0 , 62.454 , 62.454
0 , 0 , 62.518 , 62.518
0 , 0 , 62.612 , 62.612
0 , 0 , 62.718 , 62.718
0 , 0 , 62.812 , 62.812
0 , 0 , 62.888 , 62.888
0 , 0 , 62.982 , 62.982
0 , 0 , 63.072 , 63.072
0 , 0 , 63.15 , 63.15
0 , 0 , 63.256 , 63.256
0 , 0 , 63.35 , 63.35
0.001 , 0 , 63.454 , 63.455
0 , 0 , 63.52 , 63.52
0 , 0 , 63.614 , 63.614
0 , 0 , 63.72 , 63.72
0 , 0 , 63.814 , 63.814
0 , 0 , 63.89 , 63.89
0 , 0 , 63.984 , 63.984
0 , 0 , 64.09 , 64.09
0 , 0 , 64.184 , 64.184
0.015 , 0 , 64.258 , 64.273
0 , 0 , 64.352 , 64.352
0 , 0 , 64.458 , 64.458
0 , 0 , 64.552 , 64.552
0 , 0 , 64.658 , 64.658
0 , 0 , 64.752 , 64.752
0.015 , 0 , 64.816 , 64.831
0 , 0 , 64.922 , 64.922
0 , 0 , 65.016 , 65.016
0 , 0 , 65.122 , 65.122
0 , 0 , 65.216 , 65.216
0 , 0 , 65.292 , 65.292
0 , 0 , 65.386 , 65.386
0 , 0 , 65.492 , 65.492
0 , 0 , 65.586 , 65.586
0 , 0 , 65.694 , 65.694
0 , 0 , 65.788 , 65.788
0 , 0 , 65.862 , 65.862
0 , 0 , 65.956 , 65.956
0 , 0 , 66.064 , 66.064
0 , 0 , 66.158 , 66.158
0.001 , 0 , 66.256 , 66.257
0 , 0 , 66.326 , 66.326
0 , 0 , 66.42 , 66.42
0 , 0 , 66.528 , 66.528
0 , 0 , 66.62 , 66.62
0 , 0 , 66.728 , 66.728
0 , 0 , 66.822 , 66.822
0 , 0 , 66.898 , 66.898
0 , 0 , 66.99 , 66.99
0 , 0 , 67.098 , 67.098
0 , 0 , 67.192 , 67.192
0 , 0 , 67.298 , 67.298
0 , 0 , 67.392 , 67.392
0 , 0 , 67.468 , 67.468
0 , 0 , 67.592 , 67.592
0 , 0 , 67.668 , 67.668
0 , 0 , 67.762 , 67.762
0 , 0 , 67.87 , 67.87
0 , 0 , 67.962 , 67.962
0 , 0 , 68.07 , 68.07
0 , 0 , 68.164 , 68.164
0.001 , 0 , 68.264 , 68.265
0.016 , 0 , 68.332 , 68.348
0.001 , 0 , 68.462 , 68.463
0 , 0 , 68.534 , 68.534
0 , 0 , 68.628 , 68.628
0.001 , 0 , 68.751 , 68.752
0.001 , 0 , 68.852 , 68.853
0.001 , 0 , 68.953 , 68.954
0.001 , 0 , 69.056 , 69.057
0 , 0 , 69.157 , 69.157
0.001 , 0 , 69.258 , 69.259
0.001 , 0 , 69.36 , 69.361
0.001 , 0 , 69.466 , 69.467
0.001 , 0 , 69.566 , 69.567
0.001 , 0 , 69.668 , 69.669
0.001 , 0 , 69.77 , 69.771
0.001 , 0 , 69.874 , 69.875
0 , 0 , 69.958 , 69.958
0 , 0 , 70.052 , 70.052
0 , 0.001 , 70.162 , 70.163
0.001 , 0 , 70.26 , 70.261
0.001 , 0 , 70.36 , 70.361
0 , 0 , 70.456 , 70.456
0.001 , 0 , 70.56 , 70.561
0 , 0 , 70.664 , 70.664
0 , 0 , 70.768 , 70.768
0 , 0 , 70.86 , 70.86
0 , 0 , 70.954 , 70.954
0 , 0 , 71.06 , 71.06
0 , 0 , 71.154 , 71.154
0 , 0 , 71.26 , 71.26
0 , 0 , 71.354 , 71.354
0 , 0 , 71.46 , 71.46
0 , 0 , 71.554 , 71.554
0 , 0 , 71.66 , 71.66
0 , 0.016 , 71.754 , 71.77
0 , 0 , 71.86 , 71.86
0 , 0 , 71.954 , 71.954
0 , 0 , 72.062 , 72.062
0 , 0 , 72.156 , 72.156
0 , 0 , 72.262 , 72.262
0.001 , 0 , 72.387 , 72.388
0.016 , 0 , 72.462 , 72.478
0 , 0 , 72.59 , 72.59
0 , 0.016 , 72.662 , 72.678
0.001 , 0 , 72.792 , 72.793
0 , 0 , 72.894 , 72.894
0.001 , 0 , 72.994 , 72.995
0 , 0 , 73.094 , 73.094
0.001 , 0 , 73.196 , 73.197
0 , 0 , 73.294 , 73.294
0 , 0 , 73.4 , 73.4
0 , 0 , 73.494 , 73.494
0 , 0 , 73.602 , 73.602
0 , 0 , 73.696 , 73.696
0 , 0 , 73.802 , 73.802
0 , 0 , 73.896 , 73.896
0 , 0 , 74.002 , 74.002
0 , 0 , 74.096 , 74.096
0 , 0 , 74.204 , 74.204
0 , 0 , 74.296 , 74.296
0 , 0 , 74.404 , 74.404
0 , 0 , 74.498 , 74.498
0 , 0 , 74.604 , 74.604
0 , 0 , 74.73 , 74.73
0.015 , 0 , 74.806 , 74.821
0 , 0 , 74.93 , 74.93
0 , 0 , 75.036 , 75.036
0 , 0 , 75.13 , 75.13
0 , 0 , 75.238 , 75.238
0 , 0 , 75.332 , 75.332
0 , 0 , 75.438 , 75.438
0 , 0 , 75.564 , 75.564
0 , 0.016 , 75.638 , 75.654
0 , 0 , 75.762 , 75.762
0 , 0 , 75.87 , 75.87
0 , 0 , 75.964 , 75.964
0 , 0 , 76.07 , 76.07
0 , 0 , 76.164 , 76.164
0 , 0 , 76.272 , 76.272
0.001 , 0 , 76.398 , 76.399
0.015 , 0 , 76.472 , 76.487
0 , 0 , 76.61 , 76.61
0 , 0 , 76.704 , 76.704
0 , 0 , 76.81 , 76.81
0 , 0 , 76.904 , 76.904
0 , 0 , 77.012 , 77.012
0 , 0 , 77.104 , 77.104
0 , 0 , 77.212 , 77.212
0 , 0 , 77.34 , 77.34
0 , 0 , 77.444 , 77.444
0 , 0 , 77.536 , 77.536
0 , 0 , 77.644 , 77.644
0 , 0 , 77.768 , 77.768
0 , 0 , 77.876 , 77.876
0 , 0 , 77.97 , 77.97
0 , 0 , 78.076 , 78.076
0 , 0 , 78.17 , 78.17
0 , 0 , 78.276 , 78.276
0.001 , 0 , 78.409 , 78.41
0 , 0 , 78.508 , 78.508
0 , 0 , 78.614 , 78.614
0 , 0 , 78.708 , 78.708
0 , 0 , 78.814 , 78.814
0 , 0 , 78.94 , 78.94
0 , 0 , 79.046 , 79.046
0 , 0 , 79.14 , 79.14
0 , 0 , 79.248 , 79.248
0 , 0 , 79.372 , 79.372
0 , 0 , 79.478 , 79.478
0 , 0 , 79.572 , 79.572
0 , 0 , 79.68 , 79.68
0.001 , 0 , 79.814 , 79.815
0 , 0 , 79.91 , 79.91
0 , 0 , 80.018 , 80.018
0 , 0 , 80.112 , 80.112
0 , 0 , 80.264 , 80.264
0 , 0 , 80.374 , 80.374
0 , 0 , 80.48 , 80.48
0.001 , 0 , 80.608 , 80.609
0 , 0 , 80.712 , 80.712
0 , 0 , 80.818 , 80.818
0 , 0 , 80.912 , 80.912
0 , 0 , 81.02 , 81.02
0 , 0 , 81.144 , 81.144
0 , 0 , 81.252 , 81.252
0 , 0 , 81.376 , 81.376
0 , 0 , 81.484 , 81.484
0.015 , 0 , 81.578 , 81.593
0 , 0 , 81.714 , 81.714
0 , 0 , 81.822 , 81.822
0 , 0 , 81.916 , 81.916
0 , 0 , 82.022 , 82.022
0 , 0 , 82.146 , 82.146
0 , 0 , 82.254 , 82.254
0 , 0 , 82.378 , 82.378
0 , 0 , 82.484 , 82.484
0.001 , 0 , 82.61 , 82.611
0 , 0 , 82.716 , 82.716
0 , 0 , 82.824 , 82.824
0.015 , 0 , 82.918 , 82.933
0 , 0 , 83.056 , 83.056
0 , 0 , 83.15 , 83.15
0 , 0 , 83.256 , 83.256
0 , 0 , 83.382 , 83.382
0 , 0 , 83.488 , 83.488
0 , 0 , 83.626 , 83.626
0 , 0 , 83.72 , 83.72
0.016 , 0 , 83.826 , 83.842
0 , 0 , 83.952 , 83.952
0 , 0 , 84.058 , 84.058
0 , 0 , 84.184 , 84.184
0 , 0 , 84.29 , 84.29
0 , 0 , 84.423 , 84.423
0 , 0 , 84.522 , 84.522
0 , 0 , 84.63 , 84.63
0 , 0 , 84.754 , 84.754
0 , 0 , 84.862 , 84.862
0 , 0 , 84.986 , 84.986
0 , 0 , 85.092 , 85.092
0 , 0 , 85.23 , 85.23
0 , 0 , 85.324 , 85.324
0 , 0 , 85.432 , 85.432
0 , 0 , 85.556 , 85.556
0 , 0 , 85.664 , 85.664
0 , 0 , 85.788 , 85.788
0 , 0 , 85.896 , 85.896
0 , 0 , 86.034 , 86.034
0 , 0 , 86.128 , 86.128
0 , 0 , 86.266 , 86.266
0 , 0 , 86.36 , 86.36
0 , 0 , 86.498 , 86.498
0 , 0 , 86.592 , 86.592
0 , 0 , 86.73 , 86.73
0 , 0 , 86.836 , 86.836
0 , 0 , 86.962 , 86.962
0 , 0 , 87.068 , 87.068
0 , 0 , 87.194 , 87.194
0 , 0 , 87.302 , 87.302
0.001 , 0 , 87.43 , 87.431
0 , 0 , 87.53 , 87.53
0.015 , 0 , 87.638 , 87.653
0 , 0 , 87.762 , 87.762
0 , 0 , 87.885 , 87.885
0 , 0 , 87.994 , 87.994
0 , 0 , 88.132 , 88.132
0 , 0 , 88.238 , 88.238
0 , 0 , 88.364 , 88.364
0 , 0 , 88.47 , 88.47
0 , 0 , 88.596 , 88.596
0 , 0 , 88.702 , 88.702
0 , 0 , 88.84 , 88.84
0 , 0 , 88.934 , 88.934
0 , 0 , 89.072 , 89.072
0 , 0 , 89.198 , 89.198
0 , 0 , 89.304 , 89.304
0.001 , 0 , 89.434 , 89.435
0 , 0 , 89.536 , 89.536
0 , 0 , 89.674 , 89.674
0 , 0 , 89.768 , 89.768
0 , 0 , 89.904 , 89.904
0.001 , 0 , 90.03 , 90.031
0 , 0 , 90.136 , 90.136
0 , 0 , 90.244 , 90.244
0 , 0 , 90.368 , 90.368
0 , 0 , 90.506 , 90.506
0.001 , 0 , 90.615 , 90.616
0 , 0 , 90.738 , 90.738
0 , 0 , 90.844 , 90.844
0 , 0 , 90.97 , 90.97
0 , 0 , 91.108 , 91.108
0 , 0 , 91.202 , 91.202
0 , 0 , 91.338 , 91.338
0 , 0 , 91.446 , 91.446
0 , 0 , 91.57 , 91.57
0.015 , 0 , 91.678 , 91.693
0 , 0 , 91.802 , 91.802
0 , 0 , 91.94 , 91.94
0 , 0 , 92.046 , 92.046
0 , 0 , 92.17 , 92.17
0 , 0 , 92.278 , 92.278
0 , 0 , 92.402 , 92.402
0 , 0 , 92.54 , 92.54
0 , 0 , 92.646 , 92.646
0 , 0 , 92.772 , 92.772
0 , 0 , 92.91 , 92.91
0 , 0 , 93.002 , 93.002
0 , 0 , 93.14 , 93.14
0 , 0 , 93.248 , 93.248
0 , 0 , 93.372 , 93.372
0 , 0 , 93.51 , 93.51
0.001 , 0 , 93.644 , 93.645
0 , 0 , 93.742 , 93.742
0 , 0 , 93.88 , 93.88
0 , 0 , 94.006 , 94.006
0 , 0 , 94.112 , 94.112
0 , 0 , 94.25 , 94.25
0 , 0 , 94.344 , 94.344
0 , 0 , 94.482 , 94.482
0 , 0 , 94.608 , 94.608
0.016 , 0 , 94.714 , 94.73
0 , 0 , 94.852 , 94.852
0 , 0 , 94.978 , 94.978
0 , 0 , 95.084 , 95.084
0 , 0 , 95.21 , 95.21
0 , 0 , 95.348 , 95.348
0 , 0 , 95.454 , 95.454
0.015 , 0 , 95.58 , 95.595
0 , 0 , 95.716 , 95.716
0 , 0 , 95.854 , 95.854
0 , 0 , 95.98 , 95.98
0 , 0 , 96.086 , 96.086
0 , 0 , 96.212 , 96.212
0 , 0 , 96.35 , 96.35
0 , 0 , 96.456 , 96.456
0 , 0 , 96.582 , 96.582
0 , 0 , 96.718 , 96.718
0 , 0 , 96.853 , 96.853
0.016 , 0 , 96.95 , 96.966
0 , 0 , 97.088 , 97.088
0 , 0 , 97.212 , 97.212
0 , 0 , 97.35 , 97.35
0 , 0 , 97.458 , 97.458
0 , 0 , 97.582 , 97.582
0 , 0 , 97.72 , 97.72
0.001 , 0 , 97.856 , 97.857
0 , 0 , 97.952 , 97.952
0 , 0 , 98.09 , 98.09
0 , 0 , 98.216 , 98.216
0 , 0 , 98.354 , 98.354
0 , 0 , 98.46 , 98.46
0 , 0 , 98.586 , 98.586
0 , 0 , 98.724 , 98.724
0 , 0 , 98.862 , 98.862
0 , 0 , 98.988 , 98.988
0 , 0 , 99.094 , 99.094
0 , 0 , 99.22 , 99.22
0 , 0 , 99.356 , 99.356
0 , 0 , 99.494 , 99.494
0 , 0 , 99.62 , 99.62
0 , 0 , 99.726 , 99.726
0 , 0 , 99.864 , 99.864
0 , 0 , 99.99 , 99.99
0 , 0 , 100.128 , 100.128
0 , 0 , 100.255 , 100.255
0 , 0 , 100.358 , 100.358
0 , 0 , 100.496 , 100.496
0 , 0 , 100.622 , 100.622
0 , 0 , 100.76 , 100.76
0 , 0 , 100.866 , 100.866
0 , 0 , 100.992 , 100.992
0 , 0 , 101.13 , 101.13
0 , 0 , 101.268 , 101.268
0 , 0 , 101.394 , 101.394
0 , 0 , 101.534 , 101.534
0.001 , 0 , 101.666 , 101.667
0 , 0 , 101.794 , 101.794
0 , 0 , 101.9 , 101.9
0 , 0 , 102.026 , 102.026
0 , 0 , 102.164 , 102.164
0 , 0 , 102.302 , 102.302
0 , 0 , 102.426 , 102.426
0 , 0 , 102.564 , 102.564
0 , 0 , 102.702 , 102.702
0 , 0 , 102.828 , 102.828
0.016 , 0 , 102.934 , 102.95
0 , 0 , 103.072 , 103.072
0 , 0 , 103.198 , 103.198
0 , 0 , 103.336 , 103.336
0 , 0 , 103.474 , 103.474
0 , 0 , 103.6 , 103.6
0 , 0 , 103.738 , 103.738
0 , 0 , 103.874 , 103.874
0 , 0 , 104 , 104
0 , 0 , 104.138 , 104.138
0 , 0 , 104.276 , 104.276
0 , 0 , 104.4 , 104.4
0 , 0 , 104.538 , 104.538
0 , 0 , 104.676 , 104.676
0 , 0 , 104.802 , 104.802
0 , 0 , 104.94 , 104.94
0 , 0 , 105.078 , 105.078
0 , 0 , 105.202 , 105.202
0 , 0 , 105.338 , 105.338
0 , 0 , 105.476 , 105.476
0 , 0 , 105.602 , 105.602
0 , 0 , 105.74 , 105.74
0 , 0 , 105.878 , 105.878
0 , 0 , 106.004 , 106.004
0 , 0 , 106.142 , 106.142
0.001 , 0 , 106.276 , 106.277
0 , 0 , 106.404 , 106.404
0 , 0 , 106.51 , 106.51
0 , 0 , 106.673 , 106.673
0 , 0 , 106.804 , 106.804
0 , 0 , 106.912 , 106.912
0 , 0 , 107.07 , 107.07
0 , 0 , 107.206 , 107.206
0 , 0 , 107.312 , 107.312
0 , 0 , 107.472 , 107.472
0 , 0 , 107.606 , 107.606
0 , 0 , 107.744 , 107.744
0 , 0 , 107.882 , 107.882
0 , 0 , 108.008 , 108.008
0 , 0 , 108.146 , 108.146
0 , 0 , 108.284 , 108.284
0 , 0 , 108.408 , 108.408
0 , 0 , 108.546 , 108.546
0 , 0 , 108.684 , 108.684
0 , 0 , 108.81 , 108.81
0 , 0 , 108.948 , 108.948
0 , 0 , 109.086 , 109.086
0 , 0 , 109.21 , 109.21
0 , 0 , 109.41 , 109.41
0 , 0 , 109.548 , 109.548
0 , 0 , 109.686 , 109.686
0 , 0 , 109.844 , 109.844
0 , 0 , 109.982 , 109.982
0 , 0 , 110.088 , 110.088
0 , 0 , 110.244 , 110.244
0 , 0 , 110.382 , 110.382
0 , 0 , 110.52 , 110.52
0 , 0 , 110.646 , 110.646
0 , 0 , 110.784 , 110.784
0 , 0 , 110.922 , 110.922
0 , 0 , 111.046 , 111.046
0 , 0 , 111.184 , 111.184
0 , 0 , 111.324 , 111.324
0 , 0 , 111.448 , 111.448
0 , 0 , 111.586 , 111.586
0 , 0 , 111.724 , 111.724
0 , 0.001 , 111.888 , 111.889
0 , 0 , 112.018 , 112.018
0 , 0 , 112.154 , 112.154
0 , 0 , 112.294 , 112.294
0 , 0 , 112.418 , 112.418
0 , 0 , 112.556 , 112.556
0 , 0.016 , 112.694 , 112.71
0 , 0 , 112.85 , 112.85
0 , 0 , 112.988 , 112.988
0 , 0 , 113.126 , 113.126
0 , 0 , 113.25 , 113.25
0 , 0 , 113.388 , 113.388
0 , 0 , 113.528 , 113.528
0.001 , 0 , 113.688 , 113.689
0 , 0 , 113.822 , 113.822
0 , 0 , 113.96 , 113.96
0 , 0 , 114.098 , 114.098
0 , 0 , 114.222 , 114.222
0 , 0 , 114.36 , 114.36
0 , 0 , 114.498 , 114.498
0 , 0 , 114.656 , 114.656
0 , 0 , 114.794 , 114.794
0 , 0 , 114.932 , 114.932
0.001 , 0 , 115.088 , 115.089
0 , 0 , 115.226 , 115.226
0 , 0 , 115.364 , 115.364
0 , 0 , 115.502 , 115.502
0 , 0 , 115.658 , 115.658
0 , 0 , 115.796 , 115.796
0 , 0 , 115.934 , 115.934
0 , 0 , 116.06 , 116.06
0.015 , 0 , 116.198 , 116.213
0 , 0 , 116.368 , 116.368
0 , 0 , 116.506 , 116.506
0 , 0 , 116.63 , 116.63
0 , 0 , 116.768 , 116.768
0 , 0 , 116.938 , 116.938
0 , 0 , 117.062 , 117.062
0 , 0 , 117.2 , 117.2
0 , 0 , 117.338 , 117.338
0 , 0.001 , 117.504 , 117.505
0 , 0 , 117.634 , 117.634
0 , 0 , 117.77 , 117.77
0 , 0 , 117.908 , 117.908
0 , 0 , 118.064 , 118.064
0 , 0 , 118.202 , 118.202
0 , 0 , 118.34 , 118.34
0.001 , 0 , 118.502 , 118.503
0 , 0 , 118.636 , 118.636
0 , 0 , 118.774 , 118.774
0 , 0 , 118.91 , 118.91
0 , 0 , 119.066 , 119.066
0 , 0 , 119.204 , 119.204
0 , 0 , 119.342 , 119.342
0.001 , 0 , 119.5 , 119.501
0 , 0 , 119.638 , 119.638
0 , 0 , 119.776 , 119.776
0 , 0 , 119.914 , 119.914
0 , 0 , 120.07 , 120.07
0 , 0 , 120.208 , 120.208
0 , 0 , 120.346 , 120.346
0 , 0 , 120.507 , 120.507
0 , 0 , 120.64 , 120.64
0 , 0 , 120.778 , 120.778
0 , 0 , 120.916 , 120.916
0 , 0 , 121.072 , 121.072
0 , 0 , 121.21 , 121.21
0 , 0 , 121.35 , 121.35
0.001 , 0 , 121.516 , 121.517
0 , 0 , 121.642 , 121.642
0 , 0 , 121.78 , 121.78
0 , 0 , 121.95 , 121.95
0 , 0 , 122.074 , 122.074
0 , 0 , 122.212 , 122.212
0 , 0 , 122.365 , 122.365
0 , 0 , 122.518 , 122.518
0 , 0 , 122.644 , 122.644
0 , 0 , 122.814 , 122.814
0 , 0 , 122.952 , 122.952
0.016 , 0 , 123.076 , 123.092
0 , 0 , 123.246 , 123.246
0 , 0 , 123.384 , 123.384
0 , 0 , 123.522 , 123.522
0 , 0 , 123.678 , 123.678
0 , 0 , 123.832 , 123.832
0 , 0 , 123.986 , 123.986
0 , 0 , 124.124 , 124.124
0 , 0 , 124.28 , 124.28
0 , 0 , 124.418 , 124.418
0 , 0 , 124.588 , 124.588
0 , 0 , 124.724 , 124.724
0 , 0 , 124.882 , 124.882
0 , 0 , 125.02 , 125.02
0 , 0 , 125.158 , 125.158
0.001 , 0 , 125.324 , 125.325
0 , 0 , 125.452 , 125.452
0.015 , 0 , 125.59 , 125.605
0 , 0 , 125.758 , 125.758
0.001 , 0 , 125.918 , 125.919
0 , 0 , 126.052 , 126.052
0 , 0 , 126.19 , 126.19
0 , 0 , 126.36 , 126.36
0 , 0 , 126.484 , 126.484
0 , 0 , 126.654 , 126.654
0 , 0 , 126.792 , 126.792
0 , 0 , 126.93 , 126.93
0 , 0 , 127.086 , 127.086
0 , 0 , 127.224 , 127.224
0 , 0 , 127.394 , 127.394
0 , 0 , 127.532 , 127.532
0 , 0 , 127.688 , 127.688
0 , 0 , 127.826 , 127.826
0 , 0 , 127.996 , 127.996
0 , 0 , 128.134 , 128.134
0 , 0 , 128.29 , 128.29
0 , 0 , 128.428 , 128.428
0 , 0 , 128.566 , 128.566
0 , 0 , 128.734 , 128.734
0.016 , 0 , 128.86 , 128.876
0 , 0 , 129.03 , 129.03
0 , 0 , 129.168 , 129.168
0 , 0 , 129.336 , 129.336
0 , 0 , 129.462 , 129.462
0 , 0 , 129.632 , 129.632
0 , 0 , 129.77 , 129.77
0 , 0 , 129.938 , 129.938
0 , 0 , 130.064 , 130.064
0 , 0 , 130.232 , 130.232
0 , 0 , 130.372 , 130.372
0 , 0 , 130.54 , 130.54
0 , 0 , 130.696 , 130.696
0 , 0 , 130.834 , 130.834
0 , 0 , 131.004 , 131.004
0 , 0 , 131.142 , 131.142
0 , 0 , 131.298 , 131.298
0 , 0 , 131.436 , 131.436
0 , 0 , 131.606 , 131.606
0 , 0 , 131.742 , 131.742
0 , 0 , 131.898 , 131.898
0 , 0 , 132.068 , 132.068
0 , 0 , 132.206 , 132.206
0 , 0 , 132.344 , 132.344
0 , 0 , 132.5 , 132.5
0 , 0 , 132.67 , 132.67
0 , 0 , 132.808 , 132.808
0 , 0 , 132.976 , 132.976
0 , 0 , 133.102 , 133.102
0 , 0 , 133.272 , 133.272
0 , 0 , 133.41 , 133.41
0 , 0 , 133.578 , 133.578
0.001 , 0 , 133.74 , 133.741
0 , 0 , 133.872 , 133.872
0 , 0 , 134.042 , 134.042
0 , 0 , 134.18 , 134.18
0.001 , 0 , 134.346 , 134.347
0 , 0 , 134.474 , 134.474
0 , 0 , 134.644 , 134.644
0.015 , 0 , 134.782 , 134.797
0 , 0 , 134.95 , 134.95
0 , 0 , 135.108 , 135.108
0 , 0 , 135.246 , 135.246
0 , 0 , 135.414 , 135.414
0 , 0 , 135.552 , 135.552
0 , 0 , 135.708 , 135.708
0 , 0 , 135.878 , 135.878
0 , 0 , 136.016 , 136.016
0 , 0 , 136.186 , 136.186
0.001 , 0 , 136.346 , 136.347
0 , 0 , 136.478 , 136.478
0 , 0 , 136.648 , 136.648
0 , 0 , 136.802 , 136.802
0 , 0 , 136.956 , 136.956
0 , 0 , 137.112 , 137.112
0 , 0 , 137.284 , 137.284
0 , 0 , 137.418 , 137.418
0 , 0 , 137.588 , 137.588
0 , 0 , 137.758 , 137.758
0 , 0 , 137.958 , 137.958
0 , 0 , 138.114 , 138.114
0 , 0 , 138.284 , 138.284
0 , 0 , 138.422 , 138.422
0 , 0 , 138.59 , 138.59
0 , 0 , 138.76 , 138.76
0 , 0 , 138.916 , 138.916
0 , 0 , 139.054 , 139.054
0 , 0 , 139.224 , 139.224
0.016 , 0 , 139.362 , 139.378
0 , 0 , 139.518 , 139.518
0 , 0 , 139.686 , 139.686
0 , 0 , 139.856 , 139.856
0 , 0 , 139.994 , 139.994
0 , 0 , 140.164 , 140.164
0 , 0 , 140.32 , 140.32
0 , 0 , 140.488 , 140.488
0 , 0 , 140.626 , 140.626
0 , 0 , 140.796 , 140.796
0 , 0 , 140.965 , 140.965
0 , 0 , 141.122 , 141.122
0 , 0 , 141.26 , 141.26
0 , 0 , 141.43 , 141.43
0 , 0 , 141.568 , 141.568
0.001 , 0 , 141.758 , 141.759
0 , 0 , 141.892 , 141.892
0 , 0 , 142.062 , 142.062
0 , 0 , 142.2 , 142.2
0 , 0 , 142.368 , 142.368
0 , 0 , 142.526 , 142.526
0 , 0 , 142.694 , 142.694
0 , 0 , 142.864 , 142.864
0 , 0 , 143.002 , 143.002
0 , 0 , 143.172 , 143.172
0 , 0 , 143.328 , 143.328
0 , 0 , 143.496 , 143.496
0 , 0 , 143.634 , 143.634
0 , 0 , 143.804 , 143.804
0 , 0 , 143.974 , 143.974
0 , 0 , 144.13 , 144.13
0 , 0 , 144.298 , 144.298
0 , 0 , 144.436 , 144.436
0 , 0 , 144.606 , 144.606
0 , 0 , 144.776 , 144.776
0 , 0 , 144.932 , 144.932
0 , 0 , 145.1 , 145.1
0.016 , 0 , 145.238 , 145.254
0 , 0 , 145.406 , 145.406
0 , 0 , 145.574 , 145.574
0 , 0 , 145.732 , 145.732
0 , 0 , 145.9 , 145.9
0 , 0 , 146.04 , 146.04
0 , 0 , 146.208 , 146.208
0 , 0 , 146.378 , 146.378
0 , 0 , 146.534 , 146.534
0 , 0 , 146.704 , 146.704
0 , 0 , 146.872 , 146.872
0 , 0 , 147.042 , 147.042
0 , 0 , 147.18 , 147.18
0 , 0 , 147.412 , 147.412
0 , 0.001 , 147.576 , 147.577
0 , 0 , 147.738 , 147.738
0 , 0 , 147.874 , 147.874
0 , 0 , 148.044 , 148.044
0 , 0 , 148.212 , 148.212
0 , 0 , 148.382 , 148.382
0 , 0 , 148.538 , 148.538
0 , 0 , 148.676 , 148.676
0 , 0 , 148.846 , 148.846
0 , 0 , 149.014 , 149.014
0 , 0 , 149.184 , 149.184
0 , 0 , 149.34 , 149.34
0 , 0 , 149.51 , 149.51
0 , 0 , 149.678 , 149.678
0 , 0 , 149.816 , 149.816
0 , 0 , 149.986 , 149.986
0.001 , 0 , 150.142 , 150.143
0 , 0 , 150.312 , 150.312
0 , 0 , 150.48 , 150.48
0 , 0 , 150.65 , 150.65
0 , 0 , 150.818 , 150.818
0 , 0 , 150.988 , 150.988
0 , 0 , 151.144 , 151.144
0 , 0 , 151.314 , 151.314
0 , 0 , 151.482 , 151.482
0 , 0 , 151.652 , 151.652
0 , 0 , 151.82 , 151.82
0 , 0 , 151.989 , 151.989
0 , 0 , 152.146 , 152.146
0 , 0 , 152.316 , 152.316
0 , 0 , 152.454 , 152.454
0 , 0 , 152.624 , 152.624
0 , 0 , 152.792 , 152.792
0 , 0 , 152.948 , 152.948
0 , 0 , 153.118 , 153.118
0 , 0 , 153.288 , 153.288
0 , 0 , 153.458 , 153.458
0 , 0 , 153.596 , 153.596
0.001 , 0 , 153.794 , 153.795
0 , 0 , 153.952 , 153.952
0.016 , 0 , 154.09 , 154.106
0 , 0 , 154.26 , 154.26
0 , 0 , 154.428 , 154.428
0 , 0 , 154.598 , 154.598
0 , 0 , 154.754 , 154.754
0 , 0 , 154.924 , 154.924
0 , 0 , 155.092 , 155.092
0 , 0 , 155.262 , 155.262
0 , 0 , 155.432 , 155.432
0 , 0 , 155.6 , 155.6
0 , 0 , 155.756 , 155.756
0 , 0 , 155.926 , 155.926
0 , 0 , 156.094 , 156.094
0 , 0 , 156.264 , 156.264
0 , 0 , 156.434 , 156.434
0 , 0 , 156.598 , 156.598
0 , 0 , 156.758 , 156.758
0 , 0 , 156.928 , 156.928
0 , 0 , 157.098 , 157.098
0 , 0 , 157.236 , 157.236
0 , 0 , 157.404 , 157.404
0 , 0 , 157.594 , 157.594
0 , 0 , 157.762 , 157.762
0 , 0 , 157.93 , 157.93
0.016 , 0 , 158.068 , 158.084
0 , 0 , 158.238 , 158.238
0 , 0 , 158.406 , 158.406
0.001 , 0 , 158.596 , 158.597
0 , 0 , 158.764 , 158.764
0 , 0 , 158.917 , 158.917
0.016 , 0 , 159.07 , 159.086
0 , 0 , 159.24 , 159.24
0 , 0 , 159.408 , 159.408
0.001 , 0 , 159.6 , 159.601
0 , 0 , 159.764 , 159.764
0 , 0 , 159.934 , 159.934
0 , 0 , 160.102 , 160.102
0 , 0 , 160.27 , 160.27
0 , 0 , 160.44 , 160.44
0 , 0 , 160.608 , 160.608
0 , 0 , 160.764 , 160.764
0 , 0 , 160.934 , 160.934
0 , 0 , 161.102 , 161.102
0 , 0 , 161.27 , 161.27
0 , 0 , 161.44 , 161.44
0 , 0 , 161.608 , 161.608
0.001 , 0 , 161.796 , 161.797
0 , 0 , 161.964 , 161.964
0 , 0 , 162.134 , 162.134
0 , 0 , 162.27 , 162.27
0.015 , 0 , 162.44 , 162.455
0.016 , 0 , 162.608 , 162.624
0 , 0 , 162.808 , 162.808
0 , 0 , 162.964 , 162.964
0 , 0 , 163.134 , 163.134
0 , 0 , 163.302 , 163.302
0 , 0 , 163.47 , 163.47
0 , 0 , 163.64 , 163.64
0 , 0 , 163.808 , 163.808
0.001 , 0 , 164.003 , 164.004
0 , 0 , 164.164 , 164.164
0 , 0 , 164.334 , 164.334
0 , 0 , 164.502 , 164.502
0.016 , 0 , 164.67 , 164.686
0 , 0 , 164.87 , 164.87
0 , 0 , 165.04 , 165.04
0 , 0 , 165.208 , 165.208
0.018 , 0 , 165.364 , 165.382
0 , 0 , 165.564 , 165.564
0.015 , 0 , 165.734 , 165.749
0 , 0 , 165.934 , 165.934
0 , 0.016 , 166.102 , 166.118
0.016 , 0 , 166.302 , 166.318
0 , 0 , 166.502 , 166.502
0.016 , 0 , 166.67 , 166.686
0 , 0 , 166.87 , 166.87
0 , 0.015 , 167.04 , 167.055
0.016 , 0 , 167.24 , 167.256
0 , 0 , 167.44 , 167.44
0 , 0 , 167.61 , 167.61
0.017 , 0 , 167.766 , 167.783
0 , 0 , 167.966 , 167.966
0 , 0 , 168.136 , 168.136
0 , 0 , 168.306 , 168.306
0 , 0 , 168.474 , 168.474
0 , 0 , 168.644 , 168.644
0 , 0 , 168.844 , 168.844
0 , 0 , 169.014 , 169.014
0 , 0 , 169.17 , 169.17
0.016 , 0 , 169.34 , 169.356
0 , 0 , 169.54 , 169.54
0 , 0 , 169.71 , 169.71
0 , 0 , 169.88 , 169.88
0.016 , 0 , 170.048 , 170.064
0 , 0 , 170.25 , 170.25
0 , 0 , 170.418 , 170.418
0.016 , 0 , 170.574 , 170.59
0 , 0 , 170.774 , 170.774
0 , 0 , 170.944 , 170.944
0.015 , 0 , 171.114 , 171.129
0 , 0 , 171.314 , 171.314
0 , 0 , 171.492 , 171.492
0 , 0 , 171.682 , 171.682
0 , 0 , 171.852 , 171.852
0 , 0 , 172.022 , 172.022
0 , 0 , 172.222 , 172.222
0 , 0 , 172.378 , 172.378
0 , 0 , 172.548 , 172.548
0 , 0 , 172.748 , 172.748
0 , 0 , 172.918 , 172.918
0 , 0 , 173.118 , 173.118
0 , 0 , 173.288 , 173.288
0 , 0 , 173.488 , 173.488
0 , 0 , 173.658 , 173.658
0 , 0 , 173.828 , 173.828
0 , 0 , 174.019 , 174.019
0 , 0 , 174.184 , 174.184
0 , 0 , 174.352 , 174.352
0.016 , 0 , 174.522 , 174.538
0 , 0 , 174.722 , 174.722
0 , 0 , 174.892 , 174.892
0 , 0.015 , 175.062 , 175.077
0 , 0 , 175.262 , 175.262
0 , 0 , 175.432 , 175.432
0.001 , 0 , 175.628 , 175.629
0 , 0 , 175.788 , 175.788
0 , 0 , 175.973 , 175.973
0 , 0 , 176.158 , 176.158
0 , 0 , 176.328 , 176.328
0 , 0 , 176.498 , 176.498
0 , 0 , 176.698 , 176.698
0 , 0 , 176.868 , 176.868
0 , 0 , 177.036 , 177.036
0 , 0 , 177.238 , 177.238
0 , 0 , 177.4 , 177.4
0 , 0 , 177.594 , 177.594
0 , 0 , 177.764 , 177.764
0 , 0 , 177.932 , 177.932
0 , 0 , 178.134 , 178.134
0 , 0 , 178.302 , 178.302
0 , 0 , 178.472 , 178.472
0 , 0 , 178.672 , 178.672
0 , 0 , 178.842 , 178.842
0 , 0 , 179.034 , 179.034
0 , 0 , 179.198 , 179.198
0 , 0 , 179.368 , 179.368
0 , 0 , 179.568 , 179.568
0 , 0 , 179.738 , 179.738
0.015 , 0 , 179.908 , 179.923
0 , 0 , 180.108 , 180.108
0 , 0 , 180.278 , 180.278
0 , 0 , 180.446 , 180.446
0 , 0 , 180.648 , 180.648
0.001 , 0 , 180.838 , 180.839
0 , 0 , 181.004 , 181.004
0 , 0 , 181.174 , 181.174
0 , 0 , 181.374 , 181.374
0 , 0 , 181.544 , 181.544
0 , 0 , 181.714 , 181.714
0 , 0 , 181.914 , 181.914
0 , 0 , 182.082 , 182.082
0 , 0 , 182.282 , 182.282
0 , 0 , 182.452 , 182.452
0.001 , 0 , 182.646 , 182.647
0 , 0 , 182.808 , 182.808
0 , 0 , 183.008 , 183.008
0 , 0 , 183.178 , 183.178
0 , 0 , 183.346 , 183.346
0 , 0 , 183.548 , 183.548
0 , 0 , 183.716 , 183.716
0 , 0 , 183.918 , 183.918
0 , 0 , 184.086 , 184.086
0 , 0 , 184.288 , 184.288
0 , 0 , 184.456 , 184.456
0.001 , 0 , 184.652 , 184.653
0 , 0 , 184.814 , 184.814
0 , 0 , 185.014 , 185.014
0 , 0 , 185.184 , 185.184
0 , 0 , 185.384 , 185.384
0 , 0 , 185.554 , 185.554
0.015 , 0 , 185.724 , 185.739
0 , 0 , 185.924 , 185.924
0 , 0 , 186.094 , 186.094
0 , 0 , 186.294 , 186.294
0 , 0 , 186.464 , 186.464
0 , 0 , 186.664 , 186.664
0 , 0.001 , 186.858 , 186.859
0 , 0 , 187.02 , 187.02
0 , 0 , 187.22 , 187.22
0 , 0 , 187.39 , 187.39
0 , 0 , 187.59 , 187.59
0 , 0 , 187.76 , 187.76
0 , 0 , 187.96 , 187.96
0 , 0 , 188.13 , 188.13
0 , 0 , 188.33 , 188.33
0.016 , 0 , 188.5 , 188.516
0 , 0 , 188.7 , 188.7
0 , 0 , 188.902 , 188.902
0 , 0 , 189.07 , 189.07
0 , 0 , 189.272 , 189.272
0.002 , 0 , 189.468 , 189.47
0 , 0 , 189.628 , 189.628
0 , 0 , 189.828 , 189.828
0 , 0 , 190.028 , 190.028
0 , 0 , 190.198 , 190.198
0 , 0 , 190.398 , 190.398
0.015 , 0 , 190.568 , 190.583
0 , 0 , 190.768 , 190.768
0 , 0 , 190.968 , 190.968
0 , 0 , 191.138 , 191.138
0 , 0 , 191.338 , 191.338
0 , 0 , 191.508 , 191.508
0 , 0 , 191.708 , 191.708
0 , 0 , 191.908 , 191.908
0 , 0 , 192.078 , 192.078
0 , 0 , 192.278 , 192.278
0.001 , 0 , 192.468 , 192.469
0 , 0 , 192.636 , 192.636
0 , 0 , 192.836 , 192.836
0 , 0 , 193.006 , 193.006
0 , 0 , 193.206 , 193.206
0 , 0.016 , 193.376 , 193.392
0 , 0 , 193.576 , 193.576
0 , 0 , 193.778 , 193.778
0 , 0 , 193.946 , 193.946
0 , 0 , 194.148 , 194.148
0 , 0 , 194.348 , 194.348
0 , 0 , 194.518 , 194.518
0 , 0 , 194.718 , 194.718
0 , 0 , 194.918 , 194.918
0 , 0 , 195.086 , 195.086
0 , 0 , 195.288 , 195.288
0.001 , 0 , 195.484 , 195.485
0 , 0 , 195.644 , 195.644
0 , 0 , 195.844 , 195.844
0 , 0 , 196.046 , 196.046
0 , 0 , 196.214 , 196.214
0 , 0 , 196.416 , 196.416
0 , 0 , 196.616 , 196.616
0 , 0 , 196.786 , 196.786
0 , 0 , 196.986 , 196.986
0 , 0 , 197.186 , 197.186
0 , 0 , 197.356 , 197.356
0 , 0 , 197.556 , 197.556
0 , 0 , 197.756 , 197.756
0 , 0 , 197.926 , 197.926
0 , 0 , 198.126 , 198.126
0 , 0 , 198.328 , 198.328
0 , 0 , 198.496 , 198.496
0 , 0 , 198.698 , 198.698
0 , 0 , 198.898 , 198.898
0 , 0 , 199.095 , 199.095
0.001 , 0 , 199.27 , 199.271
0 , 0 , 199.456 , 199.456
0 , 0 , 199.656 , 199.656
0 , 0 , 199.856 , 199.856
0 , 0 , 200.026 , 200.026
0 , 0 , 200.226 , 200.226
0 , 0 , 200.426 , 200.426
0 , 0 , 200.596 , 200.596
0 , 0 , 200.796 , 200.796
0 , 0 , 200.998 , 200.998
0 , 0 , 201.198 , 201.198
0 , 0 , 201.368 , 201.368
0 , 0 , 201.57 , 201.57
0 , 0 , 201.768 , 201.768
0 , 0 , 201.968 , 201.968
0 , 0 , 202.138 , 202.138
0 , 0 , 202.338 , 202.338
0 , 0 , 202.54 , 202.54
0 , 0 , 202.708 , 202.708
0.015 , 0 , 202.908 , 202.923
0 , 0 , 203.108 , 203.108
0 , 0 , 203.308 , 203.308
0 , 0 , 203.508 , 203.508
0 , 0 , 203.705 , 203.705
0.001 , 0 , 203.9 , 203.901
0 , 0 , 204.064 , 204.064
0 , 0 , 204.264 , 204.264
0 , 0 , 204.464 , 204.464
0 , 0 , 204.664 , 204.664
0 , 0.016 , 204.834 , 204.85
0 , 0 , 205.034 , 205.034
0 , 0 , 205.234 , 205.234
0 , 0 , 205.434 , 205.434
0 , 0 , 205.634 , 205.634
0 , 0 , 205.834 , 205.834
0 , 0 , 206.002 , 206.002
0 , 0 , 206.204 , 206.204
0 , 0 , 206.404 , 206.404
0 , 0 , 206.604 , 206.604
0 , 0 , 206.806 , 206.806
0.016 , 0 , 206.974 , 206.99
0 , 0 , 207.174 , 207.174
0 , 0 , 207.376 , 207.376
0 , 0 , 207.576 , 207.576
0 , 0 , 207.776 , 207.776
0 , 0 , 207.978 , 207.978
0.016 , 0 , 208.146 , 208.162
0 , 0 , 208.348 , 208.348
0 , 0 , 208.548 , 208.548
0 , 0 , 208.748 , 208.748
0 , 0 , 208.948 , 208.948
0 , 0 , 209.15 , 209.15
0 , 0 , 209.35 , 209.35
0 , 0 , 209.55 , 209.55
0 , 0 , 209.72 , 209.72
0 , 0 , 209.92 , 209.92
0 , 0 , 210.12 , 210.12
0 , 0 , 210.32 , 210.32
0 , 0 , 210.522 , 210.522
0 , 0 , 210.722 , 210.722
0 , 0 , 210.922 , 210.922
0 , 0 , 211.124 , 211.124
0.001 , 0 , 211.32 , 211.321
0.001 , 0 , 211.518 , 211.519
0.001 , 0 , 211.72 , 211.721
0.001 , 0 , 211.922 , 211.923
0 , 0 , 212.119 , 212.119
0.001 , 0 , 212.314 , 212.315
0.015 , 0 , 212.482 , 212.497
0 , 0 , 212.682 , 212.682
0 , 0 , 212.882 , 212.882
0 , 0 , 213.082 , 213.082
0 , 0 , 213.284 , 213.284
0 , 0 , 213.484 , 213.484
0 , 0 , 213.684 , 213.684
0 , 0 , 213.884 , 213.884
0 , 0 , 214.084 , 214.084
0 , 0 , 214.286 , 214.286
0 , 0 , 214.486 , 214.486
0 , 0 , 214.686 , 214.686
0 , 0 , 214.888 , 214.888
0 , 0 , 215.088 , 215.088
0 , 0 , 215.288 , 215.288
0 , 0 , 215.488 , 215.488
0 , 0 , 215.69 , 215.69
0 , 0 , 215.89 , 215.89
0 , 0 , 216.09 , 216.09
0 , 0 , 216.29 , 216.29
0 , 0 , 216.49 , 216.49
0 , 0 , 216.692 , 216.692
0 , 0 , 216.892 , 216.892
0 , 0 , 217.092 , 217.092
0.015 , 0 , 217.264 , 217.279
0 , 0 , 217.492 , 217.492
0.016 , 0 , 217.662 , 217.678
0 , 0 , 217.894 , 217.894
0 , 0 , 218.094 , 218.094
0 , 0 , 218.294 , 218.294
0 , 0 , 218.496 , 218.496
0 , 0 , 218.696 , 218.696
0 , 0 , 218.896 , 218.896
0 , 0 , 219.096 , 219.096
0 , 0 , 219.298 , 219.298
0 , 0 , 219.498 , 219.498
0 , 0 , 219.698 , 219.698
0 , 0 , 219.898 , 219.898
0 , 0 , 220.098 , 220.098
0 , 0 , 220.298 , 220.298
0 , 0 , 220.5 , 220.5
0 , 0 , 220.7 , 220.7
0 , 0 , 220.9 , 220.9
0 , 0 , 221.1 , 221.1
0 , 0 , 221.302 , 221.302
0 , 0 , 221.502 , 221.502
0 , 0 , 221.702 , 221.702
0 , 0 , 221.904 , 221.904
0.016 , 0 , 222.104 , 222.12
0.016 , 0 , 222.304 , 222.32
0.001 , 0 , 222.538 , 222.539
0.001 , 0 , 222.744 , 222.745
0 , 0 , 222.95 , 222.95
0 , 0 , 223.15 , 223.15
0 , 0 , 223.35 , 223.35
0 , 0 , 223.552 , 223.552
0 , 0 , 223.752 , 223.752
0 , 0 , 223.952 , 223.952
0 , 0 , 224.154 , 224.154
0 , 0 , 224.354 , 224.354
0 , 0 , 224.554 , 224.554
0 , 0 , 224.756 , 224.756
0 , 0 , 224.988 , 224.988
0 , 0 , 225.188 , 225.188
0 , 0 , 225.388 , 225.388
0 , 0 , 225.59 , 225.59
0 , 0 , 225.79 , 225.79
0 , 0 , 225.99 , 225.99
0 , 0 , 226.192 , 226.192
0 , 0 , 226.422 , 226.422
0 , 0 , 226.624 , 226.624
0 , 0 , 226.824 , 226.824
0 , 0 , 227.024 , 227.024
0 , 0 , 227.224 , 227.224
0 , 0 , 227.424 , 227.424
0.015 , 0 , 227.626 , 227.641
0 , 0 , 227.858 , 227.858
0 , 0 , 228.056 , 228.056
0 , 0 , 228.258 , 228.258
0 , 0 , 228.49 , 228.49
0 , 0 , 228.69 , 228.69
0 , 0 , 228.89 , 228.89
0 , 0 , 229.09 , 229.09
0.016 , 0 , 229.29 , 229.306
0 , 0 , 229.522 , 229.522
0 , 0 , 229.724 , 229.724
0 , 0 , 229.924 , 229.924
0 , 0 , 230.158 , 230.158
0 , 0 , 230.37 , 230.37
0 , 0 , 230.57 , 230.57
0 , 0 , 230.77 , 230.77
0 , 0 , 230.972 , 230.972
0.016 , 0 , 231.172 , 231.188
0 , 0 , 231.404 , 231.404
0 , 0 , 231.604 , 231.604
0 , 0 , 231.806 , 231.806
0 , 0 , 232.038 , 232.038
0 , 0 , 232.238 , 232.238
0 , 0 , 232.438 , 232.438
0 , 0 , 232.67 , 232.67
0 , 0 , 232.872 , 232.872
0 , 0 , 233.072 , 233.072
0 , 0 , 233.272 , 233.272
0 , 0 , 233.504 , 233.504
0 , 0 , 233.704 , 233.704
0 , 0 , 233.906 , 233.906
0 , 0 , 234.138 , 234.138
0 , 0 , 234.338 , 234.338
0 , 0 , 234.538 , 234.538
0.016 , 0 , 234.74 , 234.756
0 , 0 , 234.984 , 234.984
0 , 0 , 235.186 , 235.186
0 , 0 , 235.386 , 235.386
0 , 0 , 235.616 , 235.616
0 , 0 , 235.818 , 235.818
0 , 0 , 236.018 , 236.018
0 , 0 , 236.25 , 236.25
0 , 0 , 236.45 , 236.45
0 , 0 , 236.652 , 236.652
0 , 0 , 236.882 , 236.882
0 , 0 , 237.084 , 237.084
0 , 0 , 237.306 , 237.306
0 , 0 , 237.516 , 237.516
0 , 0 , 237.716 , 237.716
0 , 0 , 237.948 , 237.948
0 , 0 , 238.148 , 238.148
0 , 0 , 238.35 , 238.35
0.001 , 0 , 238.582 , 238.583
0 , 0 , 238.792 , 238.792
0 , 0 , 238.994 , 238.994
0 , 0 , 239.226 , 239.226
0 , 0 , 239.426 , 239.426
0 , 0 , 239.658 , 239.658
0 , 0 , 239.858 , 239.858
0 , 0 , 240.09 , 240.09
0 , 0 , 240.322 , 240.322
0 , 0 , 240.554 , 240.554
0 , 0 , 240.756 , 240.756
0.001 , 0 , 240.998 , 240.999
0 , 0 , 241.2 , 241.2
0 , 0 , 241.4 , 241.4
0 , 0 , 241.632 , 241.632
0 , 0 , 241.832 , 241.832
0 , 0 , 242.064 , 242.064
0 , 0 , 242.264 , 242.264
0 , 0 , 242.481 , 242.481
0 , 0 , 242.696 , 242.696
0 , 0 , 242.898 , 242.898
0 , 0 , 243.13 , 243.13
0.016 , 0 , 243.33 , 243.346
0 , 0 , 243.562 , 243.562
0 , 0 , 243.762 , 243.762
0.001 , 0 , 244.02 , 244.021
0.001 , 0 , 244.254 , 244.255
0 , 0 , 244.444 , 244.444
0.001 , 0 , 244.686 , 244.687
0 , 0 , 244.888 , 244.888
0 , 0 , 245.12 , 245.12
0 , 0 , 245.322 , 245.322
0 , 0 , 245.552 , 245.552
0.015 , 0 , 245.754 , 245.769
0 , 0 , 245.986 , 245.986
0 , 0 , 246.218 , 246.218
0 , 0 , 246.418 , 246.418
0 , 0 , 246.65 , 246.65
0.001 , 0 , 246.886 , 246.887
0 , 0 , 247.096 , 247.096
0 , 0 , 247.326 , 247.326
0 , 0 , 247.528 , 247.528
0 , 0 , 247.758 , 247.758
0 , 0 , 247.99 , 247.99
0 , 0 , 248.222 , 248.222
0 , 0 , 248.422 , 248.422
0 , 0 , 248.654 , 248.654
0.016 , 0 , 248.856 , 248.872
0 , 0 , 249.1 , 249.1
0 , 0 , 249.3 , 249.3
0 , 0 , 249.532 , 249.532
0 , 0 , 249.764 , 249.764
0 , 0 , 249.966 , 249.966
0 , 0 , 250.196 , 250.196
0.016 , 0 , 250.396 , 250.412
0 , 0 , 250.628 , 250.628
0 , 0 , 250.86 , 250.86
0 , 0 , 251.062 , 251.062
0 , 0 , 251.306 , 251.306
0 , 0 , 251.506 , 251.506
0 , 0 , 251.738 , 251.738
0 , 0 , 251.938 , 251.938
0 , 0 , 252.17 , 252.17
0 , 0 , 252.402 , 252.402
0 , 0 , 252.632 , 252.632
0 , 0 , 252.832 , 252.832
0 , 0 , 253.064 , 253.064
0 , 0 , 253.299 , 253.299
0 , 0 , 253.51 , 253.51
0 , 0 , 253.742 , 253.742
0 , 0 , 253.974 , 253.974
0 , 0 , 254.174 , 254.174
0 , 0 , 254.406 , 254.406
0 , 0 , 254.638 , 254.638
0 , 0 , 254.838 , 254.838
0 , 0 , 255.07 , 255.07
0.001 , 0 , 255.316 , 255.317
0 , 0 , 255.549 , 255.549
0 , 0 , 255.756 , 255.756
0 , 0 , 255.988 , 255.988
0 , 0 , 256.22 , 256.22
0 , 0 , 256.452 , 256.452
0 , 0 , 256.652 , 256.652
