#Qurey Time, Memory allocation , I/O Time , Total
0 , 0 , 23.526 , 23.526
0 , 0 , 23.526 , 23.526
0 , 0 , 23.526 , 23.526
0 , 0 , 23.526 , 23.526
0 , 0 , 23.526 , 23.526
0 , 0 , 23.526 , 23.526
0.016 , 0 , 23.526 , 23.542
0 , 0 , 23.558 , 23.558
0 , 0 , 23.558 , 23.558
0 , 0 , 23.558 , 23.558
0 , 0 , 23.558 , 23.558
0 , 0 , 23.558 , 23.558
0 , 0 , 23.558 , 23.558
0 , 0 , 23.588 , 23.588
0 , 0 , 23.588 , 23.588
0 , 0 , 23.588 , 23.588
0 , 0 , 23.588 , 23.588
0 , 0 , 23.588 , 23.588
0.016 , 0 , 23.588 , 23.604
0 , 0 , 23.62 , 23.62
0 , 0 , 23.62 , 23.62
0 , 0 , 23.62 , 23.62
0 , 0 , 23.682 , 23.682
0 , 0 , 23.682 , 23.682
0 , 0 , 23.682 , 23.682
0 , 0 , 23.682 , 23.682
0 , 0 , 23.682 , 23.682
0.002 , 0.016 , 23.682 , 23.7
0 , 0 , 23.726 , 23.726
0 , 0 , 23.726 , 23.726
0 , 0 , 23.758 , 23.758
0 , 0 , 23.774 , 23.774
0 , 0 , 23.79 , 23.79
0 , 0 , 23.79 , 23.79
0 , 0 , 23.79 , 23.79
0 , 0 , 23.82 , 23.82
0 , 0 , 23.82 , 23.82
0 , 0 , 23.82 , 23.82
0 , 0 , 23.852 , 23.852
0 , 0 , 23.852 , 23.852
0 , 0 , 23.852 , 23.852
0 , 0 , 23.852 , 23.852
0 , 0 , 23.884 , 23.884
0 , 0 , 23.884 , 23.884
0 , 0 , 23.884 , 23.884
0 , 0 , 23.884 , 23.884
0.016 , 0 , 23.884 , 23.9
0.001 , 0 , 23.921 , 23.922
0 , 0 , 23.928 , 23.928
0 , 0 , 23.928 , 23.928
0 , 0 , 23.928 , 23.928
0 , 0 , 23.928 , 23.928
0 , 0 , 23.958 , 23.958
0 , 0 , 23.958 , 23.958
0 , 0 , 23.958 , 23.958
0 , 0 , 23.958 , 23.958
0 , 0 , 23.99 , 23.99
0 , 0 , 23.99 , 23.99
0 , 0 , 23.99 , 23.99
0 , 0 , 23.99 , 23.99
0 , 0 , 24.022 , 24.022
0 , 0 , 24.022 , 24.022
0 , 0 , 24.022 , 24.022
0 , 0 , 24.052 , 24.052
0 , 0 , 24.052 , 24.052
0 , 0 , 24.052 , 24.052
0 , 0 , 24.052 , 24.052
0 , 0 , 24.084 , 24.084
0 , 0 , 24.084 , 24.084
0 , 0 , 24.084 , 24.084
0 , 0.001 , 24.116 , 24.117
0.001 , 0 , 24.126 , 24.127
0 , 0 , 24.128 , 24.128
0 , 0 , 24.128 , 24.128
0 , 0 , 24.128 , 24.128
0 , 0 , 24.158 , 24.158
0 , 0 , 24.158 , 24.158
0 , 0 , 24.158 , 24.158
0 , 0 , 24.19 , 24.19
0 , 0 , 24.19 , 24.19
0 , 0 , 24.19 , 24.19
0 , 0 , 24.22 , 24.22
0 , 0 , 24.22 , 24.22
0 , 0 , 24.22 , 24.22
0 , 0 , 24.252 , 24.252
0 , 0 , 24.252 , 24.252
0.016 , 0 , 24.252 , 24.268
0 , 0 , 24.284 , 24.284
0 , 0 , 24.284 , 24.284
0 , 0.001 , 24.314 , 24.315
0.001 , 0 , 24.326 , 24.327
0.001 , 0 , 24.338 , 24.339
0 , 0.001 , 24.35 , 24.351
0.001 , 0 , 24.362 , 24.363
0.001 , 0 , 24.374 , 24.375
0.001 , 0 , 24.386 , 24.387
0.002 , 0 , 24.398 , 24.4
0.001 , 0 , 24.412 , 24.413
0.001 , 0 , 24.424 , 24.425
0.001 , 0 , 24.436 , 24.437
0.001 , 0 , 24.448 , 24.449
0.001 , 0 , 24.46 , 24.461
0.001 , 0 , 24.474 , 24.475
0.001 , 0 , 24.486 , 24.487
0.001 , 0 , 24.5 , 24.501
0.001 , 0 , 24.512 , 24.513
0.001 , 0 , 24.524 , 24.525
0.001 , 0 , 24.538 , 24.539
0.001 , 0 , 24.552 , 24.553
0.001 , 0 , 24.564 , 24.565
0.001 , 0 , 24.578 , 24.579
0.001 , 0 , 24.59 , 24.591
0.001 , 0 , 24.604 , 24.605
0.001 , 0 , 24.618 , 24.619
0.001 , 0 , 24.632 , 24.633
0.001 , 0 , 24.646 , 24.647
0.001 , 0 , 24.66 , 24.661
0 , 0.001 , 24.674 , 24.675
0.001 , 0 , 24.688 , 24.689
0.001 , 0 , 24.702 , 24.703
0.001 , 0 , 24.716 , 24.717
0.001 , 0 , 24.732 , 24.733
0.001 , 0 , 24.746 , 24.747
0.001 , 0 , 24.76 , 24.761
0 , 0.001 , 24.774 , 24.775
0.001 , 0 , 24.79 , 24.791
0.001 , 0 , 24.806 , 24.807
0 , 0.001 , 24.82 , 24.821
0.001 , 0 , 24.836 , 24.837
0 , 0.001 , 24.85 , 24.851
0 , 0.001 , 24.866 , 24.867
0.001 , 0 , 24.882 , 24.883
0 , 0.001 , 24.896 , 24.897
0.001 , 0 , 24.912 , 24.913
0.001 , 0 , 24.928 , 24.929
0.001 , 0 , 24.944 , 24.945
0 , 0.001 , 24.958 , 24.959
0.001 , 0 , 24.976 , 24.977
0.001 , 0 , 24.991 , 24.992
0.001 , 0 , 25.006 , 25.007
0.001 , 0 , 25.024 , 25.025
0.001 , 0 , 25.04 , 25.041
0.001 , 0 , 25.056 , 25.057
0.001 , 0 , 25.074 , 25.075
0.001 , 0 , 25.09 , 25.091
0.001 , 0.001 , 25.106 , 25.108
0.001 , 0 , 25.126 , 25.127
0.001 , 0 , 25.142 , 25.143
0.002 , 0 , 25.159 , 25.161
0.002 , 0 , 25.18 , 25.182
0.002 , 0 , 25.2 , 25.202
0.002 , 0 , 25.22 , 25.222
0.002 , 0 , 25.242 , 25.244
0.002 , 0 , 25.262 , 25.264
0.003 , 0 , 25.282 , 25.285
0.003 , 0 , 25.304 , 25.307
0.002 , 0 , 25.326 , 25.328
0.002 , 0 , 25.348 , 25.35
0.002 , 0.001 , 25.368 , 25.371
0.002 , 0 , 25.39 , 25.392
0.002 , 0 , 25.412 , 25.414
0.002 , 0.001 , 25.432 , 25.435
0.003 , 0 , 25.454 , 25.457
0.003 , 0.001 , 25.478 , 25.482
0.003 , 0 , 25.504 , 25.507
0.004 , 0 , 25.528 , 25.532
0.003 , 0 , 25.554 , 25.557
0.003 , 0 , 25.577 , 25.58
0.003 , 0 , 25.602 , 25.605
0.004 , 0 , 25.626 , 25.63
0.003 , 0 , 25.65 , 25.653
0.003 , 0 , 25.678 , 25.681
0.003 , 0 , 25.702 , 25.705
0.004 , 0 , 25.728 , 25.732
0.003 , 0 , 25.754 , 25.757
0.002 , 0.001 , 25.78 , 25.783
0.003 , 0 , 25.806 , 25.809
0.003 , 0 , 25.832 , 25.835
0.003 , 0 , 25.858 , 25.861
0.002 , 0 , 25.888 , 25.89
0 , 0 , 25.892 , 25.892
0 , 0 , 25.924 , 25.924
0 , 0 , 25.954 , 25.954
0 , 0 , 25.986 , 25.986
0 , 0 , 25.986 , 25.986
0 , 0 , 26.018 , 26.018
0 , 0 , 26.048 , 26.048
0.003 , 0 , 26.08 , 26.083
0.002 , 0 , 26.106 , 26.108
0.002 , 0 , 26.132 , 26.134
0.002 , 0 , 26.158 , 26.16
0.001 , 0 , 26.184 , 26.185
0.001 , 0.001 , 26.208 , 26.21
0.001 , 0 , 26.232 , 26.233
0.002 , 0 , 26.258 , 26.26
0.001 , 0.001 , 26.282 , 26.284
0.001 , 0.001 , 26.308 , 26.31
0.002 , 0 , 26.334 , 26.336
0.002 , 0 , 26.362 , 26.364
0.002 , 0 , 26.386 , 26.388
0.002 , 0 , 26.412 , 26.414
0.001 , 0.001 , 26.436 , 26.438
0.002 , 0 , 26.462 , 26.464
0.002 , 0 , 26.486 , 26.488
0.001 , 0.001 , 26.51 , 26.512
0.002 , 0 , 26.538 , 26.54
0.002 , 0 , 26.566 , 26.568
0 , 0 , 26.574 , 26.574
0 , 0 , 26.606 , 26.606
0 , 0 , 26.636 , 26.636
0 , 0 , 26.668 , 26.668
0 , 0 , 26.73 , 26.73
0.001 , 0 , 26.764 , 26.765
0 , 0 , 26.774 , 26.774
0 , 0 , 26.806 , 26.806
0 , 0 , 26.838 , 26.838
0 , 0 , 26.838 , 26.838
0 , 0 , 26.868 , 26.868
0 , 0 , 26.9 , 26.9
0 , 0 , 26.93 , 26.93
0.001 , 0 , 26.966 , 26.967
0.001 , 0 , 26.992 , 26.993
0.001 , 0 , 27.018 , 27.019
0.001 , 0 , 27.046 , 27.047
0 , 0.001 , 27.074 , 27.075
0 , 0.001 , 27.102 , 27.103
0.001 , 0 , 27.13 , 27.131
0.001 , 0 , 27.158 , 27.159
0 , 0.001 , 27.182 , 27.183
0.001 , 0 , 27.21 , 27.211
0 , 0.001 , 27.234 , 27.235
0.001 , 0 , 27.262 , 27.263
0.001 , 0 , 27.29 , 27.291
0.001 , 0 , 27.318 , 27.319
0.001 , 0 , 27.346 , 27.347
0.001 , 0 , 27.374 , 27.375
0 , 0.001 , 27.4 , 27.401
0.001 , 0.001 , 27.428 , 27.43
0.001 , 0 , 27.456 , 27.457
0.001 , 0 , 27.486 , 27.487
0.001 , 0 , 27.515 , 27.516
0.001 , 0 , 27.544 , 27.545
0.001 , 0 , 27.575 , 27.576
0.001 , 0 , 27.603 , 27.604
0.001 , 0 , 27.634 , 27.635
0.001 , 0 , 27.66 , 27.661
0.001 , 0 , 27.689 , 27.69
0.001 , 0 , 27.718 , 27.719
0.001 , 0 , 27.746 , 27.747
0.001 , 0 , 27.774 , 27.775
0.001 , 0 , 27.802 , 27.803
0.001 , 0 , 27.829 , 27.83
0.001 , 0 , 27.858 , 27.859
0.001 , 0 , 27.887 , 27.888
0 , 0.001 , 27.914 , 27.915
0.001 , 0 , 27.944 , 27.945
0.001 , 0 , 27.973 , 27.974
0.001 , 0 , 28.002 , 28.003
0.001 , 0 , 28.031 , 28.032
0.001 , 0 , 28.06 , 28.061
0 , 0.001 , 28.088 , 28.089
0.001 , 0.001 , 28.118 , 28.12
0.001 , 0 , 28.15 , 28.151
0.001 , 0.001 , 28.178 , 28.18
0.001 , 0.001 , 28.21 , 28.212
0.001 , 0 , 28.242 , 28.243
0.001 , 0.001 , 28.272 , 28.274
0.001 , 0.001 , 28.302 , 28.304
0.001 , 0 , 28.334 , 28.335
0.001 , 0 , 28.366 , 28.367
0.001 , 0 , 28.398 , 28.399
0.001 , 0 , 28.429 , 28.43
0.001 , 0 , 28.462 , 28.463
0.001 , 0 , 28.494 , 28.495
0.001 , 0 , 28.526 , 28.527
0 , 0.001 , 28.558 , 28.559
0.001 , 0 , 28.59 , 28.591
0.001 , 0 , 28.624 , 28.625
0.001 , 0 , 28.654 , 28.655
0.001 , 0 , 28.686 , 28.687
0 , 0 , 28.716 , 28.716
0.001 , 0 , 28.747 , 28.748
0.001 , 0 , 28.778 , 28.779
0.001 , 0 , 28.81 , 28.811
0.001 , 0 , 28.842 , 28.843
0.001 , 0 , 28.873 , 28.874
0 , 0.001 , 28.904 , 28.905
0.001 , 0 , 28.936 , 28.937
0.001 , 0 , 28.968 , 28.969
0 , 0.001 , 28.998 , 28.999
0 , 0.001 , 29.03 , 29.031
0.001 , 0 , 29.062 , 29.063
0.001 , 0 , 29.095 , 29.096
0.001 , 0 , 29.126 , 29.127
0 , 0 , 29.158 , 29.158
0.001 , 0 , 29.191 , 29.192
0.001 , 0 , 29.226 , 29.227
0.001 , 0 , 29.257 , 29.258
0.001 , 0 , 29.29 , 29.291
0.001 , 0 , 29.322 , 29.323
0.001 , 0 , 29.354 , 29.355
0 , 0.001 , 29.388 , 29.389
0.001 , 0 , 29.42 , 29.421
0.001 , 0 , 29.453 , 29.454
0.001 , 0 , 29.486 , 29.487
0.001 , 0 , 29.52 , 29.521
0.001 , 0 , 29.552 , 29.553
0 , 0 , 29.589 , 29.589
0.001 , 0 , 29.622 , 29.623
0.001 , 0 , 29.658 , 29.659
0 , 0 , 29.662 , 29.662
0.015 , 0 , 29.694 , 29.709
0 , 0 , 29.756 , 29.756
0 , 0 , 29.788 , 29.788
0 , 0 , 29.818 , 29.818
0.001 , 0 , 29.858 , 29.859
0 , 0 , 29.862 , 29.862
0 , 0 , 29.926 , 29.926
0 , 0 , 29.956 , 29.956
0 , 0 , 29.988 , 29.988
0 , 0 , 30.02 , 30.02
0.001 , 0 , 30.062 , 30.063
0.001 , 0 , 30.098 , 30.099
0.001 , 0 , 30.134 , 30.135
0.001 , 0 , 30.169 , 30.17
0 , 0.001 , 30.206 , 30.207
0.001 , 0 , 30.243 , 30.244
0.001 , 0 , 30.28 , 30.281
0.001 , 0 , 30.317 , 30.318
0.001 , 0 , 30.352 , 30.353
0.001 , 0 , 30.389 , 30.39
0.001 , 0 , 30.426 , 30.427
0.001 , 0 , 30.462 , 30.463
0.001 , 0 , 30.5 , 30.501
0.001 , 0 , 30.535 , 30.536
0.001 , 0 , 30.573 , 30.574
0.001 , 0 , 30.612 , 30.613
0.001 , 0 , 30.652 , 30.653
0.001 , 0 , 30.688 , 30.689
0.001 , 0 , 30.724 , 30.725
0.001 , 0 , 30.762 , 30.763
0.001 , 0 , 30.799 , 30.8
0 , 0.001 , 30.836 , 30.837
0.001 , 0 , 30.874 , 30.875
0.001 , 0 , 30.912 , 30.913
0 , 0 , 30.949 , 30.949
0.001 , 0 , 30.985 , 30.986
0.001 , 0 , 31.022 , 31.023
0.001 , 0 , 31.058 , 31.059
0.001 , 0 , 31.094 , 31.095
0.001 , 0 , 31.13 , 31.131
0.001 , 0 , 31.168 , 31.169
0 , 0.001 , 31.204 , 31.205
0 , 0.001 , 31.24 , 31.241
0.001 , 0 , 31.276 , 31.277
0.001 , 0 , 31.314 , 31.315
0.001 , 0 , 31.352 , 31.353
0.001 , 0 , 31.388 , 31.389
0 , 0 , 31.425 , 31.425
0.001 , 0 , 31.462 , 31.463
0.001 , 0 , 31.498 , 31.499
0 , 0.001 , 31.536 , 31.537
0.001 , 0 , 31.574 , 31.575
0 , 0.001 , 31.612 , 31.613
0.001 , 0 , 31.65 , 31.651
0.001 , 0 , 31.692 , 31.693
0 , 0 , 31.708 , 31.708
0 , 0 , 31.74 , 31.74
0 , 0 , 31.788 , 31.788
0 , 0 , 31.834 , 31.834
0 , 0 , 31.866 , 31.866
0 , 0.001 , 31.918 , 31.919
0.001 , 0 , 31.958 , 31.959
0.001 , 0 , 31.999 , 32
0.001 , 0 , 32.04 , 32.041
0.001 , 0 , 32.08 , 32.081
0.001 , 0 , 32.119 , 32.12
0.001 , 0.001 , 32.16 , 32.162
0.001 , 0 , 32.202 , 32.203
0.001 , 0 , 32.244 , 32.245
0.001 , 0 , 32.284 , 32.285
0.001 , 0 , 32.324 , 32.325
0.001 , 0 , 32.366 , 32.367
0.001 , 0 , 32.406 , 32.407
0.001 , 0 , 32.446 , 32.447
0.001 , 0 , 32.49 , 32.491
0 , 0.001 , 32.53 , 32.531
0.001 , 0 , 32.572 , 32.573
0.001 , 0.001 , 32.616 , 32.618
0.001 , 0 , 32.658 , 32.659
0.001 , 0 , 32.701 , 32.702
0.001 , 0 , 32.742 , 32.743
0.001 , 0 , 32.782 , 32.783
0.001 , 0 , 32.825 , 32.826
0.001 , 0 , 32.868 , 32.869
0 , 0.001 , 32.908 , 32.909
0.001 , 0 , 32.949 , 32.95
0.001 , 0 , 32.99 , 32.991
0 , 0 , 33.03 , 33.03
0.001 , 0 , 33.072 , 33.073
0.001 , 0 , 33.111 , 33.112
0.001 , 0 , 33.154 , 33.155
0.001 , 0 , 33.194 , 33.195
0.001 , 0 , 33.236 , 33.237
0.001 , 0 , 33.276 , 33.277
0.001 , 0 , 33.318 , 33.319
0.001 , 0 , 33.359 , 33.36
0.001 , 0 , 33.402 , 33.403
0.001 , 0 , 33.442 , 33.443
0 , 0 , 33.485 , 33.485
0.001 , 0 , 33.526 , 33.527
0.001 , 0 , 33.568 , 33.569
0.001 , 0 , 33.61 , 33.611
0.001 , 0 , 33.654 , 33.655
0 , 0.001 , 33.696 , 33.697
0.001 , 0 , 33.74 , 33.741
0 , 0.001 , 33.782 , 33.783
0.001 , 0 , 33.828 , 33.829
0.001 , 0 , 33.874 , 33.875
0 , 0.001 , 33.918 , 33.919
0.001 , 0 , 33.964 , 33.965
0.001 , 0 , 34.008 , 34.009
0.001 , 0 , 34.054 , 34.055
0.001 , 0 , 34.1 , 34.101
0.001 , 0 , 34.146 , 34.147
0.001 , 0 , 34.19 , 34.191
0.001 , 0.001 , 34.234 , 34.236
0.001 , 0 , 34.282 , 34.283
0.001 , 0 , 34.327 , 34.328
0.001 , 0 , 34.372 , 34.373
0.001 , 0 , 34.42 , 34.421
0.001 , 0 , 34.465 , 34.466
0.001 , 0 , 34.512 , 34.513
0.001 , 0 , 34.558 , 34.559
0.001 , 0 , 34.605 , 34.606
0.001 , 0 , 34.652 , 34.653
0 , 0.001 , 34.698 , 34.699
0.001 , 0 , 34.744 , 34.745
0.001 , 0 , 34.792 , 34.793
0.001 , 0 , 34.838 , 34.839
0 , 0.001 , 34.886 , 34.887
0.001 , 0 , 34.934 , 34.935
0.001 , 0 , 34.98 , 34.981
0.001 , 0 , 35.028 , 35.029
0.001 , 0 , 35.076 , 35.077
0.001 , 0 , 35.123 , 35.124
0.001 , 0 , 35.171 , 35.172
0.001 , 0 , 35.219 , 35.22
0.001 , 0 , 35.268 , 35.269
0.001 , 0 , 35.316 , 35.317
0.001 , 0 , 35.364 , 35.365
0 , 0.001 , 35.412 , 35.413
0.001 , 0 , 35.46 , 35.461
0 , 0.001 , 35.508 , 35.509
0.001 , 0 , 35.558 , 35.559
0.001 , 0 , 35.608 , 35.609
0.001 , 0 , 35.656 , 35.657
0.001 , 0 , 35.706 , 35.707
0.001 , 0 , 35.754 , 35.755
0.001 , 0 , 35.804 , 35.805
0.001 , 0 , 35.853 , 35.854
0.001 , 0 , 35.903 , 35.904
0.001 , 0 , 35.954 , 35.955
0.001 , 0 , 36.003 , 36.004
0.001 , 0 , 36.052 , 36.053
0.001 , 0 , 36.102 , 36.103
0.001 , 0 , 36.152 , 36.153
0.001 , 0 , 36.202 , 36.203
0.001 , 0 , 36.252 , 36.253
0.001 , 0 , 36.302 , 36.303
0.001 , 0 , 36.354 , 36.355
0.001 , 0 , 36.402 , 36.403
0.001 , 0 , 36.45 , 36.451
0.001 , 0 , 36.498 , 36.499
0 , 0.001 , 36.546 , 36.547
0.001 , 0 , 36.594 , 36.595
0.001 , 0 , 36.644 , 36.645
0 , 0.001 , 36.694 , 36.695
0.001 , 0 , 36.744 , 36.745
0.001 , 0.001 , 36.794 , 36.796
0 , 0.001 , 36.844 , 36.845
0.001 , 0 , 36.893 , 36.894
0 , 0.001 , 36.942 , 36.943
0 , 0.001 , 36.99 , 36.991
0.001 , 0 , 37.04 , 37.041
0.001 , 0 , 37.09 , 37.091
0.001 , 0 , 37.14 , 37.141
0.001 , 0 , 37.189 , 37.19
0.003 , 0.001 , 37.238 , 37.242
0.003 , 0.001 , 37.292 , 37.296
0.003 , 0 , 37.346 , 37.349
0.003 , 0 , 37.401 , 37.404
0.003 , 0 , 37.456 , 37.459
0.003 , 0 , 37.51 , 37.513
0.003 , 0.001 , 37.566 , 37.57
0.003 , 0.001 , 37.624 , 37.628
0.003 , 0 , 37.684 , 37.687
0.003 , 0.001 , 37.738 , 37.742
0.003 , 0.001 , 37.796 , 37.8
0.003 , 0 , 37.852 , 37.855
0.003 , 0 , 37.91 , 37.913
0.003 , 0 , 37.966 , 37.969
0.002 , 0.001 , 38.022 , 38.025
0.003 , 0 , 38.084 , 38.087
0.003 , 0 , 38.143 , 38.146
0.003 , 0 , 38.206 , 38.209
0.003 , 0.001 , 38.268 , 38.272
0.003 , 0 , 38.33 , 38.333
0.003 , 0 , 38.392 , 38.395
0.015 , 0 , 38.426 , 38.441
0 , 0 , 38.488 , 38.488
0 , 0 , 38.55 , 38.55
0 , 0 , 38.626 , 38.626
0 , 0 , 38.688 , 38.688
0 , 0 , 38.75 , 38.75
0.003 , 0.016 , 38.782 , 38.801
0 , 0 , 38.858 , 38.858
0 , 0 , 38.92 , 38.92
0 , 0 , 38.982 , 38.982
0.016 , 0 , 39.026 , 39.042
0 , 0 , 39.088 , 39.088
0 , 0 , 39.152 , 39.152
0 , 0 , 39.226 , 39.226
0 , 0 , 39.29 , 39.29
0 , 0 , 39.352 , 39.352
0.003 , 0.001 , 39.414 , 39.418
0 , 0 , 39.458 , 39.458
0 , 0 , 39.52 , 39.52
0 , 0 , 39.582 , 39.582
0 , 0 , 39.658 , 39.658
0 , 0 , 39.72 , 39.72
0 , 0 , 39.784 , 39.784
0 , 0 , 39.826 , 39.826
0 , 0 , 39.89 , 39.89
0 , 0 , 39.952 , 39.952
0 , 0 , 40.028 , 40.028
0 , 0 , 40.09 , 40.09
0 , 0 , 40.152 , 40.152
0.002 , 0 , 40.223 , 40.225
0.015 , 0 , 40.26 , 40.275
0 , 0 , 40.322 , 40.322
0 , 0 , 40.384 , 40.384
0 , 0 , 40.46 , 40.46
0 , 0 , 40.522 , 40.522
0 , 0 , 40.586 , 40.586
0 , 0 , 40.66 , 40.66
0 , 0 , 40.724 , 40.724
0 , 0 , 40.786 , 40.786
0 , 0 , 40.845 , 40.845
0 , 0 , 40.922 , 40.922
0 , 0 , 40.986 , 40.986
0.015 , 0 , 41.03 , 41.045
0.016 , 0 , 41.092 , 41.108
0.016 , 0 , 41.154 , 41.17
0 , 0 , 41.23 , 41.23
0 , 0 , 41.292 , 41.292
0 , 0 , 41.356 , 41.356
0 , 0 , 41.43 , 41.43
0 , 0 , 41.494 , 41.494
0 , 0 , 41.556 , 41.556
0 , 0 , 41.63 , 41.63
0 , 0 , 41.694 , 41.694
0 , 0 , 41.758 , 41.758
0 , 0.001 , 41.83 , 41.831
0 , 0 , 41.894 , 41.894
0 , 0 , 41.958 , 41.958
0.003 , 0 , 42.025 , 42.028
0.016 , 0 , 42.064 , 42.08
0 , 0 , 42.126 , 42.126
0 , 0 , 42.234 , 42.234
0 , 0 , 42.296 , 42.296
0 , 0 , 42.358 , 42.358
0 , 0 , 42.434 , 42.434
0 , 0 , 42.496 , 42.496
0 , 0 , 42.56 , 42.56
0 , 0 , 42.634 , 42.634
0 , 0 , 42.698 , 42.698
0 , 0 , 42.76 , 42.76
0 , 0 , 42.834 , 42.834
0 , 0 , 42.896 , 42.896
0.015 , 0 , 42.96 , 42.975
0 , 0 , 43.034 , 43.034
0.015 , 0 , 43.098 , 43.113
0 , 0 , 43.176 , 43.176
0 , 0 , 43.236 , 43.236
0 , 0.016 , 43.298 , 43.314
0 , 0 , 43.392 , 43.392
0 , 0 , 43.468 , 43.468
0 , 0 , 43.53 , 43.53
0 , 0 , 43.592 , 43.592
0 , 0 , 43.668 , 43.668
0 , 0 , 43.73 , 43.73
0 , 0 , 43.794 , 43.794
0 , 0 , 43.868 , 43.868
0.016 , 0 , 43.93 , 43.946
0.003 , 0 , 44.026 , 44.029
0.016 , 0 , 44.068 , 44.084
0 , 0 , 44.162 , 44.162
0.001 , 0 , 44.235 , 44.236
0 , 0 , 44.3 , 44.3
0 , 0 , 44.362 , 44.362
0 , 0 , 44.438 , 44.438
0 , 0 , 44.502 , 44.502
0.015 , 0 , 44.564 , 44.579
0 , 0 , 44.64 , 44.64
0 , 0 , 44.732 , 44.732
0 , 0 , 44.796 , 44.796
0 , 0 , 44.87 , 44.87
0 , 0 , 44.932 , 44.932
0 , 0 , 44.996 , 44.996
0 , 0 , 45.07 , 45.07
0 , 0 , 45.134 , 45.134
0.015 , 0 , 45.196 , 45.211
0 , 0 , 45.272 , 45.272
0 , 0.016 , 45.334 , 45.35
0.001 , 0.001 , 45.434 , 45.436
0 , 0 , 45.502 , 45.502
0 , 0 , 45.564 , 45.564
0 , 0 , 45.638 , 45.638
0 , 0 , 45.7 , 45.7
0 , 0 , 45.764 , 45.764
0 , 0 , 45.84 , 45.84
0 , 0 , 45.902 , 45.902
0 , 0 , 45.996 , 45.996
0.016 , 0 , 46.04 , 46.056
0 , 0 , 46.134 , 46.134
0 , 0 , 46.196 , 46.196
0 , 0 , 46.272 , 46.272
0 , 0 , 46.334 , 46.334
0 , 0 , 46.396 , 46.396
0 , 0 , 46.472 , 46.472
0 , 0.016 , 46.534 , 46.55
0.001 , 0 , 46.637 , 46.638
0 , 0 , 46.704 , 46.704
0 , 0 , 46.766 , 46.766
0 , 0 , 46.842 , 46.842
0 , 0 , 46.904 , 46.904
0 , 0 , 46.998 , 46.998
0 , 0 , 47.074 , 47.074
0 , 0 , 47.136 , 47.136
0 , 0 , 47.2 , 47.2
0 , 0 , 47.274 , 47.274
0 , 0 , 47.353 , 47.353
0 , 0.001 , 47.442 , 47.443
0 , 0 , 47.506 , 47.506
0 , 0 , 47.568 , 47.568
0 , 0 , 47.644 , 47.644
0 , 0 , 47.738 , 47.738
0 , 0 , 47.8 , 47.8
0 , 0 , 47.876 , 47.876
0 , 0 , 47.938 , 47.938
0.002 , 0 , 48.038 , 48.04
0 , 0 , 48.108 , 48.108
0 , 0 , 48.17 , 48.17
0 , 0 , 48.246 , 48.246
0.015 , 0 , 48.308 , 48.323
0 , 0 , 48.402 , 48.402
0 , 0 , 48.478 , 48.478
0 , 0 , 48.54 , 48.54
0.001 , 0 , 48.641 , 48.642
0 , 0 , 48.708 , 48.708
0 , 0 , 48.772 , 48.772
0 , 0 , 48.846 , 48.846
0 , 0 , 48.94 , 48.94
0 , 0 , 49.002 , 49.002
0 , 0 , 49.078 , 49.078
0 , 0 , 49.172 , 49.172
0 , 0 , 49.246 , 49.246
0 , 0 , 49.31 , 49.31
0 , 0 , 49.404 , 49.404
0 , 0 , 49.478 , 49.478
0 , 0 , 49.542 , 49.542
0.002 , 0 , 49.638 , 49.64
0 , 0 , 49.71 , 49.71
0 , 0 , 49.772 , 49.772
0 , 0 , 49.848 , 49.848
0 , 0 , 49.942 , 49.942
0 , 0 , 50.004 , 50.004
0 , 0 , 50.08 , 50.08
0 , 0 , 50.174 , 50.174
0 , 0 , 50.25 , 50.25
0.016 , 0 , 50.312 , 50.328
0 , 0 , 50.406 , 50.406
0 , 0 , 50.482 , 50.482
0.016 , 0 , 50.544 , 50.56
0 , 0 , 50.65 , 50.65
0 , 0 , 50.714 , 50.714
0 , 0 , 50.808 , 50.808
0 , 0 , 50.882 , 50.882
0 , 0 , 50.946 , 50.946
0.001 , 0 , 51.043 , 51.044
0 , 0 , 51.114 , 51.114
0 , 0 , 51.176 , 51.176
0 , 0 , 51.252 , 51.252
0 , 0 , 51.346 , 51.346
0 , 0 , 51.408 , 51.408
0 , 0 , 51.484 , 51.484
0 , 0 , 51.578 , 51.578
0 , 0 , 51.654 , 51.654
0 , 0 , 51.74 , 51.74
0 , 0 , 51.804 , 51.804
0 , 0 , 51.884 , 51.884
0 , 0 , 51.978 , 51.978
0 , 0 , 52.054 , 52.054
0.016 , 0 , 52.116 , 52.132
0 , 0 , 52.21 , 52.21
0 , 0 , 52.286 , 52.286
0 , 0 , 52.38 , 52.38
0 , 0 , 52.456 , 52.456
0 , 0 , 52.518 , 52.518
0 , 0 , 52.612 , 52.612
0 , 0 , 52.688 , 52.688
0 , 0 , 52.78 , 52.78
0 , 0 , 52.856 , 52.856
0 , 0 , 52.95 , 52.95
0 , 0 , 53.012 , 53.012
0 , 0 , 53.088 , 53.088
0 , 0 , 53.182 , 53.182
0 , 0 , 53.258 , 53.258
0 , 0 , 53.352 , 53.352
0 , 0 , 53.414 , 53.414
0 , 0 , 53.52 , 53.52
0 , 0 , 53.584 , 53.584
0 , 0 , 53.658 , 53.658
0 , 0 , 53.752 , 53.752
0.001 , 0 , 53.852 , 53.853
0 , 0 , 53.922 , 53.922
0 , 0 , 54.016 , 54.016
0 , 0 , 54.09 , 54.09
0 , 0 , 54.152 , 54.152
0 , 0 , 54.26 , 54.26
0 , 0 , 54.322 , 54.322
0 , 0 , 54.416 , 54.416
0 , 0 , 54.492 , 54.492
0 , 0 , 54.586 , 54.586
0 , 0 , 54.66 , 54.66
0 , 0 , 54.754 , 54.754
0 , 0 , 54.818 , 54.818
0 , 0 , 54.924 , 54.924
0 , 0 , 54.986 , 54.986
0.016 , 0 , 55.062 , 55.078
0 , 0 , 55.156 , 55.156
0.001 , 0 , 55.258 , 55.259
0 , 0 , 55.326 , 55.326
0 , 0 , 55.42 , 55.42
0 , 0 , 55.494 , 55.494
0 , 0 , 55.588 , 55.588
0 , 0 , 55.664 , 55.664
0 , 0.016 , 55.726 , 55.742
0 , 0 , 55.82 , 55.82
0 , 0 , 55.926 , 55.926
0 , 0 , 55.99 , 55.99
0 , 0 , 56.096 , 56.096
0 , 0 , 56.158 , 56.158
0 , 0 , 56.266 , 56.266
0 , 0 , 56.328 , 56.328
0 , 0 , 56.422 , 56.422
0 , 0 , 56.498 , 56.498
0 , 0 , 56.592 , 56.592
0 , 0 , 56.666 , 56.666
0 , 0 , 56.76 , 56.76
0.001 , 0 , 56.858 , 56.859
0 , 0 , 56.93 , 56.93
0 , 0 , 57.024 , 57.024
0 , 0 , 57.1 , 57.1
0 , 0 , 57.194 , 57.194
0 , 0 , 57.268 , 57.268
0 , 0 , 57.362 , 57.362
0 , 0 , 57.426 , 57.426
0 , 0 , 57.532 , 57.532
0 , 0 , 57.594 , 57.594
0 , 0 , 57.702 , 57.702
0 , 0 , 57.796 , 57.796
0 , 0 , 57.87 , 57.87
0 , 0 , 57.964 , 57.964
0 , 0 , 58.028 , 58.028
0 , 0 , 58.134 , 58.134
0 , 0 , 58.196 , 58.196
0 , 0 , 58.304 , 58.304
0.015 , 0 , 58.366 , 58.381
0 , 0 , 58.472 , 58.472
0 , 0 , 58.566 , 58.566
0 , 0 , 58.628 , 58.628
0 , 0 , 58.736 , 58.736
0.016 , 0 , 58.798 , 58.814
0 , 0 , 58.906 , 58.906
0 , 0 , 58.998 , 58.998
0 , 0 , 59.074 , 59.074
0 , 0 , 59.168 , 59.168
0.016 , 0 , 59.23 , 59.246
0 , 0 , 59.338 , 59.338
0 , 0 , 59.432 , 59.432
0 , 0 , 59.508 , 59.508
0 , 0 , 59.6 , 59.6
0 , 0 , 59.676 , 59.676
0 , 0 , 59.77 , 59.77
0.001 , 0 , 59.87 , 59.871
0 , 0 , 59.938 , 59.938
0 , 0 , 60.032 , 60.032
0 , 0 , 60.108 , 60.108
0 , 0 , 60.202 , 60.202
0.015 , 0 , 60.278 , 60.293
0 , 0 , 60.372 , 60.372
0 , 0 , 60.478 , 60.478
0 , 0 , 60.54 , 60.54
0 , 0 , 60.634 , 60.634
0 , 0 , 60.742 , 60.742
0 , 0 , 60.834 , 60.834
0 , 0 , 60.91 , 60.91
0 , 0 , 61.004 , 61.004
0 , 0 , 61.08 , 61.08
0 , 0 , 61.174 , 61.174
0.001 , 0 , 61.276 , 61.277
0 , 0 , 61.344 , 61.344
0 , 0 , 61.436 , 61.436
0 , 0 , 61.512 , 61.512
0 , 0 , 61.606 , 61.606
0.001 , 0 , 61.717 , 61.718
0.001 , 0 , 61.812 , 61.813
0.001 , 0 , 61.904 , 61.905
0.001 , 0 , 61.996 , 61.997
0.001 , 0 , 62.09 , 62.091
0.001 , 0 , 62.182 , 62.183
0.001 , 0 , 62.274 , 62.275
0.001 , 0 , 62.368 , 62.369
0.001 , 0 , 62.462 , 62.463
0.001 , 0 , 62.554 , 62.555
0.001 , 0 , 62.648 , 62.649
0 , 0.001 , 62.742 , 62.743
0.001 , 0 , 62.838 , 62.839
0 , 0.001 , 62.928 , 62.929
0.001 , 0 , 63.02 , 63.021
0.001 , 0 , 63.114 , 63.115
0 , 0.001 , 63.206 , 63.207
0.001 , 0 , 63.3 , 63.301
0.001 , 0 , 63.394 , 63.395
0.001 , 0 , 63.488 , 63.489
0.001 , 0 , 63.58 , 63.581
0.001 , 0 , 63.674 , 63.675
0.016 , 0 , 63.738 , 63.754
0 , 0 , 63.832 , 63.832
0 , 0 , 63.938 , 63.938
0 , 0 , 64.032 , 64.032
0 , 0 , 64.108 , 64.108
0 , 0 , 64.202 , 64.202
0 , 0 , 64.308 , 64.308
0 , 0 , 64.402 , 64.402
0.001 , 0 , 64.498 , 64.499
0 , 0 , 64.572 , 64.572
0 , 0 , 64.666 , 64.666
0 , 0 , 64.772 , 64.772
0 , 0 , 64.866 , 64.866
0 , 0 , 64.94 , 64.94
0 , 0 , 65.034 , 65.034
0 , 0 , 65.142 , 65.142
0 , 0 , 65.236 , 65.236
0 , 0 , 65.31 , 65.31
0 , 0 , 65.404 , 65.404
0.001 , 0 , 65.51 , 65.511
0 , 0 , 65.574 , 65.574
0 , 0 , 65.668 , 65.668
0 , 0 , 65.774 , 65.774
0 , 0 , 65.868 , 65.868
0.016 , 0 , 65.944 , 65.96
0 , 0 , 66.038 , 66.038
0 , 0 , 66.144 , 66.144
0 , 0 , 66.238 , 66.238
0 , 0 , 66.314 , 66.314
0 , 0 , 66.408 , 66.408
0 , 0 , 66.514 , 66.514
0 , 0 , 66.608 , 66.608
0.001 , 0 , 66.712 , 66.713
0 , 0 , 66.778 , 66.778
0.015 , 0 , 66.872 , 66.887
0 , 0 , 66.978 , 66.978
0 , 0 , 67.072 , 67.072
0 , 0 , 67.18 , 67.18
0 , 0 , 67.272 , 67.272
0 , 0 , 67.348 , 67.348
0 , 0 , 67.442 , 67.442
0 , 0 , 67.55 , 67.55
0 , 0 , 67.642 , 67.642
0 , 0 , 67.718 , 67.718
0 , 0 , 67.812 , 67.812
0 , 0 , 67.92 , 67.92
0 , 0 , 68.012 , 68.012
0 , 0 , 68.12 , 68.12
0 , 0 , 68.214 , 68.214
0.001 , 0 , 68.308 , 68.309
0 , 0 , 68.382 , 68.382
0 , 0 , 68.476 , 68.476
0 , 0 , 68.584 , 68.584
0 , 0 , 68.676 , 68.676
0.016 , 0 , 68.752 , 68.768
0 , 0 , 68.878 , 68.878
0 , 0 , 68.954 , 68.954
0 , 0 , 69.046 , 69.046
0 , 0 , 69.154 , 69.154
0 , 0 , 69.248 , 69.248
0.015 , 0 , 69.324 , 69.339
0.016 , 0 , 69.416 , 69.432
0 , 0 , 69.524 , 69.524
0 , 0 , 69.618 , 69.618
0 , 0 , 69.724 , 69.724
0 , 0 , 69.818 , 69.818
0 , 0 , 69.924 , 69.924
0 , 0 , 70.018 , 70.018
0.001 , 0 , 70.121 , 70.122
0 , 0 , 70.188 , 70.188
0 , 0 , 70.282 , 70.282
0 , 0 , 70.388 , 70.388
