#Qurey Time, Memory allocation , I/O Time , Total
0 , 0 , 0 , 0
0.021566 , 0.082 , 21.566 , 21.669566
0.02289 , 0.133 , 21.89 , 22.04589
0.02226 , 0.153 , 22.26 , 22.43526
0.022692 , 0.1 , 22.692 , 22.814692
0.022998 , 0.062 , 22.998 , 23.082998
0.023228 , 0.047 , 23.228 , 23.298228
0.02343 , 0.1 , 23.43 , 23.55343
0.023722 , 0.053 , 23.722 , 23.798722
0.023966 , 0.147 , 23.966 , 24.136966
0.024368 , 0.115 , 24.368 , 24.507368
0.024692 , 0.069 , 24.692 , 24.785692
0.024966 , 0.063 , 24.966 , 25.053966
0.025198 , 0.116 , 25.198 , 25.339198
0.025524 , 0.101 , 25.524 , 25.650524
0.025926 , 0.068 , 25.926 , 26.019926
0.026168 , 0.079 , 26.168 , 26.273168
0.026432 , 0.116 , 26.432 , 26.574432
0.02677 , 0.132 , 26.77 , 26.92877
0.027128 , 0.138 , 27.128 , 27.293128
0.027496 , 0.054 , 27.496 , 27.577496
0.027696 , 0.054 , 27.696 , 27.777696
0.027898 , 0.1 , 27.898 , 28.025898
0.028202 , 0.047 , 28.202 , 28.277202
0.028402 , 0.101 , 28.402 , 28.531402
0.028698 , 0.053 , 28.698 , 28.779698
0.028896 , 0.069 , 28.896 , 28.993896
0.029128 , 0.069 , 29.128 , 29.226128
0.02936 , 0.069 , 29.36 , 29.45836
0.029572 , 0.063 , 29.572 , 29.664572
0.029804 , 0.063 , 29.804 , 29.896804
0.030036 , 0.084 , 30.036 , 30.150036
0.030298 , 0.069 , 30.298 , 30.397298
0.03053 , 0.069 , 30.53 , 30.62953
0.030765 , 0.104 , 30.765 , 30.899765
0.031038 , 0.116 , 31.038 , 31.185038
0.031332 , 0.099 , 31.332 , 31.462332
0.031608 , 0.083 , 31.608 , 31.722608
0.031838 , 0.116 , 31.838 , 31.985838
0.047132 , 0.122 , 32.132 , 32.301132
0.048468 , 0.116 , 32.468 , 32.632468
0.032806 , 0.116 , 32.806 , 32.954806
0.033132 , 0.084 , 33.132 , 33.249132
0.033376 , 0.078 , 33.376 , 33.487376
0.049608 , 0.084 , 33.608 , 33.741608
0.033872 , 0.084 , 33.872 , 33.989872
0.034134 , 0.117 , 34.134 , 34.285134
0.03441 , 0.1 , 34.41 , 34.54441
0.034688 , 0.085 , 34.688 , 34.807688
0.034936 , 0.1 , 34.936 , 35.070936
0.03521 , 0.085 , 35.21 , 35.33021
0.035442 , 0.085 , 35.442 , 35.562442
0.035706 , 0.084 , 35.706 , 35.825706
0.035972 , 0.082 , 35.972 , 36.089972
0.036212 , 0.085 , 36.212 , 36.333212
0.036476 , 0.084 , 36.476 , 36.596476
0.036738 , 0.084 , 36.738 , 36.858738
0.036982 , 0.078 , 36.982 , 37.096982
0.053244 , 0.069 , 37.244 , 37.366244
0.037476 , 0.085 , 37.476 , 37.598476
0.037738 , 0.084 , 37.738 , 37.859738
0.037982 , 0.078 , 37.982 , 38.097982
0.038214 , 0.084 , 38.214 , 38.336214
0.038476 , 0.084 , 38.476 , 38.598476
0.038708 , 0.1 , 38.708 , 38.846708
0.038984 , 0.096 , 38.984 , 39.118984
0.039246 , 0.084 , 39.246 , 39.369246
0.039476 , 0.101 , 39.476 , 39.616476
0.03974 , 0.1 , 39.74 , 39.87974
0.040014 , 0.101 , 40.014 , 40.155014
0.040278 , 0.1 , 40.278 , 40.418278
0.04054 , 0.1 , 40.54 , 40.68054
0.040816 , 0.085 , 40.816 , 40.941816
0.041078 , 0.085 , 41.078 , 41.204078
0.04131 , 0.1 , 41.31 , 41.45131
0.042586 , 0.097 , 41.586 , 41.725586
0.041816 , 0.101 , 41.816 , 41.958816
0.04208 , 0.1 , 42.08 , 42.22208
0.042342 , 0.1 , 42.342 , 42.484342
0.042618 , 0.1 , 42.618 , 42.760618
0.042882 , 0.1 , 42.882 , 43.024882
0.043144 , 0.1 , 43.144 , 43.287144
0.043388 , 0.1 , 43.388 , 43.531388
0.04365 , 0.085 , 43.65 , 43.77865
0.043914 , 0.1 , 43.914 , 44.057914
0.04419 , 0.1 , 44.19 , 44.33419
0.044452 , 0.101 , 44.452 , 44.597452
0.044716 , 0.1 , 44.716 , 44.860716
0.04499 , 0.101 , 44.99 , 45.13599
0.045254 , 0.1 , 45.254 , 45.399254
0.045516 , 0.1 , 45.516 , 45.661516
0.047792 , 0.095 , 45.792 , 45.934792
0.046024 , 0.1 , 46.024 , 46.170024
0.046316 , 0.086 , 46.316 , 46.448316
0.04655 , 0.099 , 46.55 , 46.69555
0.046824 , 0.1 , 46.824 , 46.970824
0.047086 , 0.116 , 47.086 , 47.249086
0.047392 , 0.099 , 47.392 , 47.538392
0.047656 , 0.132 , 47.656 , 47.835656
0.047994 , 0.1 , 47.994 , 48.141994
0.048256 , 0.101 , 48.256 , 48.405256
0.04852 , 0.099 , 48.52 , 48.66752
0.048792 , 0.1 , 48.792 , 48.940792
0.049056 , 0.1 , 49.056 , 49.205056
0.049318 , 0.1 , 49.318 , 49.467318
0.05059 , 0.1 , 49.59 , 49.74059
0.049856 , 0.1 , 49.856 , 50.005856
0.050118 , 0.116 , 50.118 , 50.284118
0.050424 , 0.148 , 50.424 , 50.622424
0.050794 , 0.1 , 50.794 , 50.944794
0.051058 , 0.116 , 51.058 , 51.225058
0.051352 , 0.1 , 51.352 , 51.503352
0.05163 , 0.098 , 51.63 , 51.77963
0.05192 , 0.101 , 51.92 , 52.07292
0.053196 , 0.097 , 52.196 , 52.346196
0.052458 , 0.084 , 52.458 , 52.594458
0.052688 , 0.101 , 52.688 , 52.841688
0.052952 , 0.1 , 52.952 , 53.104952
0.053228 , 0.084 , 53.228 , 53.365228
0.05349 , 0.085 , 53.49 , 53.62849
0.053722 , 0.1 , 53.722 , 53.875722
0.053996 , 0.1 , 53.996 , 54.149996
0.05426 , 0.1 , 54.26 , 54.41426
0.054524 , 0.1 , 54.524 , 54.678524
0.054794 , 0.099 , 54.794 , 54.947794
0.05503 , 0.1 , 55.03 , 55.18503
0.055292 , 0.116 , 55.292 , 55.463292
0.055588 , 0.101 , 55.588 , 55.744588
0.055832 , 0.115 , 55.832 , 56.002832
0.056124 , 0.101 , 56.124 , 56.281124
0.056398 , 0.1 , 56.398 , 56.554398
0.056662 , 0.101 , 56.662 , 56.819662
0.056926 , 0.116 , 56.926 , 57.098926
0.057202 , 0.115 , 57.202 , 57.374202
0.057494 , 0.101 , 57.494 , 57.652494
0.057758 , 0.1 , 57.758 , 57.915758
0.058034 , 0.115 , 58.034 , 58.207034
0.058326 , 0.101 , 58.326 , 58.485326
0.058596 , 0.081 , 58.596 , 58.735596
0.058834 , 0.1 , 58.834 , 58.992834
0.059096 , 0.101 , 59.096 , 59.256096
0.05936 , 0.1 , 59.36 , 59.51936
0.059634 , 0.085 , 59.634 , 59.778634
0.059898 , 0.1 , 59.898 , 60.057898
0.07616 , 0.084 , 60.16 , 60.32016
0.060404 , 0.098 , 60.404 , 60.562404
0.060666 , 0.085 , 60.666 , 60.811666
0.060898 , 0.1 , 60.898 , 61.058898
0.06116 , 0.085 , 61.16 , 61.30616
0.061404 , 0.1 , 61.404 , 61.565404
0.061668 , 0.084 , 61.668 , 61.813668
0.061914 , 0.085 , 61.914 , 62.060914
0.062162 , 0.1 , 62.162 , 62.324162
0.062406 , 0.1 , 62.406 , 62.568406
0.06267 , 0.1 , 62.67 , 62.83267
0.062932 , 0.085 , 62.932 , 63.079932
0.063201 , 0.103 , 63.201 , 63.367201
0.06347 , 0.1 , 63.47 , 63.63347
0.063732 , 0.1 , 63.732 , 63.895732
0.065008 , 0.098 , 64.008 , 64.171008
0.064272 , 0.084 , 64.272 , 64.420272
0.064534 , 0.085 , 64.534 , 64.683534
0.064798 , 0.084 , 64.798 , 64.946798
0.065042 , 0.1 , 65.042 , 65.207042
0.065304 , 0.101 , 65.304 , 65.470304
0.065568 , 0.1 , 65.568 , 65.733568
0.065844 , 0.1 , 65.844 , 66.009844
0.066106 , 0.1 , 66.106 , 66.272106
0.066368 , 0.117 , 66.368 , 66.551368
0.066644 , 0.115 , 66.644 , 66.825644
0.066938 , 0.1 , 66.938 , 67.104938
0.067214 , 0.1 , 67.214 , 67.381214
0.067476 , 0.101 , 67.476 , 67.644476
0.06777 , 0.084 , 67.77 , 67.92177
0.068014 , 0.1 , 68.014 , 68.182014
0.068278 , 0.1 , 68.278 , 68.446278
0.06854 , 0.1 , 68.54 , 68.70854
0.069814 , 0.097 , 68.814 , 68.980814
0.069078 , 0.084 , 69.078 , 69.231078
0.06934 , 0.085 , 69.34 , 69.49434
0.069612 , 0.102 , 69.612 , 69.783612
0.06991 , 0.085 , 69.91 , 70.06491
0.070174 , 0.085 , 70.174 , 70.329174
0.070418 , 0.1 , 70.418 , 70.588418
0.070682 , 0.084 , 70.682 , 70.836682
0.070944 , 0.085 , 70.944 , 71.099944
0.071176 , 0.1 , 71.176 , 71.347176
0.07145 , 0.09 , 71.45 , 71.61145
0.071692 , 0.095 , 71.692 , 71.858692
0.071944 , 0.1 , 71.944 , 72.115944
0.07222 , 0.1 , 72.22 , 72.39222
0.072482 , 0.085 , 72.482 , 72.639482
0.072714 , 0.1 , 72.714 , 72.886714
0.072976 , 0.1 , 72.976 , 73.148976
0.073252 , 0.1 , 73.252 , 73.425252
0.073516 , 0.099 , 73.516 , 73.688516
0.073778 , 0.099 , 73.778 , 73.950778
0.074052 , 0.085 , 74.052 , 74.211052
0.074286 , 0.1 , 74.286 , 74.460286
0.074548 , 0.1 , 74.548 , 74.722548
0.074822 , 0.1 , 74.822 , 74.996822
0.075086 , 0.1 , 75.086 , 75.261086
0.075348 , 0.084 , 75.348 , 75.507348
0.07558 , 0.099 , 75.58 , 75.75458
0.075854 , 0.101 , 75.854 , 76.030854
0.076118 , 0.1 , 76.118 , 76.294118
0.07638 , 0.101 , 76.38 , 76.55738
0.076624 , 0.1 , 76.624 , 76.800624
0.076886 , 0.1 , 76.886 , 77.062886
0.07715 , 0.099 , 77.15 , 77.32615
0.077424 , 0.1 , 77.424 , 77.601424
0.077686 , 0.101 , 77.686 , 77.864686
0.07795 , 0.1 , 77.95 , 78.12795
0.078218 , 0.098 , 78.218 , 78.394218
0.078456 , 0.101 , 78.456 , 78.635456
0.07872 , 0.084 , 78.72 , 78.88272
0.079016 , 0.083 , 79.016 , 79.178016
0.079258 , 0.1 , 79.258 , 79.437258
0.079552 , 0.085 , 79.552 , 79.716552
0.079824 , 0.101 , 79.824 , 80.004824
0.080122 , 0.1 , 80.122 , 80.302122
0.080384 , 0.084 , 80.384 , 80.548384
0.080628 , 0.1 , 80.628 , 80.808628
0.08089 , 0.1 , 80.89 , 81.07089
0.081152 , 0.101 , 81.152 , 81.334152
0.081428 , 0.1 , 81.428 , 81.609428
0.081692 , 0.099 , 81.692 , 81.872692
0.081954 , 0.1 , 81.954 , 82.135954
0.082226 , 0.095 , 82.226 , 82.403226
0.08246 , 0.1 , 82.46 , 82.64246
0.082722 , 0.1 , 82.722 , 82.904722
0.082986 , 0.1 , 82.986 , 83.168986
0.08326 , 0.101 , 83.26 , 83.44426
0.098524 , 0.085 , 83.524 , 83.707524
0.083788 , 0.084 , 83.788 , 83.955788
0.084032 , 0.1 , 84.032 , 84.216032
0.084294 , 0.101 , 84.294 , 84.479294
0.084558 , 0.1 , 84.558 , 84.742558
0.085832 , 0.098 , 84.832 , 85.015832
0.100096 , 0.084 , 85.096 , 85.280096
0.101358 , 0.084 , 85.358 , 85.543358
0.085626 , 0.081 , 85.626 , 85.792626
0.085866 , 0.1 , 85.866 , 86.051866
0.086128 , 0.1 , 86.128 , 86.314128
0.08639 , 0.084 , 86.39 , 86.56039
0.086634 , 0.1 , 86.634 , 86.820634
0.086898 , 0.115 , 86.898 , 87.099898
0.08719 , 0.085 , 87.19 , 87.36219
0.087434 , 0.1 , 87.434 , 87.621434
0.087698 , 0.1 , 87.698 , 87.885698
0.08796 , 0.085 , 87.96 , 88.13296
0.088224 , 0.084 , 88.224 , 88.396224
0.088466 , 0.085 , 88.466 , 88.639466
0.08873 , 0.084 , 88.73 , 88.90273
0.088992 , 0.084 , 88.992 , 89.164992
0.089236 , 0.1 , 89.236 , 89.425236
0.08953 , 0.084 , 89.53 , 89.70353
0.089792 , 0.085 , 89.792 , 89.966792
0.090036 , 0.101 , 90.036 , 90.227036
0.0903 , 0.1 , 90.3 , 90.4903
0.090562 , 0.1 , 90.562 , 90.752562
0.090838 , 0.099 , 90.838 , 91.027838
0.0911 , 0.085 , 91.1 , 91.2761
0.091334 , 0.1 , 91.334 , 91.525334
0.091598 , 0.083 , 91.598 , 91.772598
0.09184 , 0.078 , 91.84 , 92.00984
0.09207 , 0.1 , 92.07 , 92.26207
0.092334 , 0.084 , 92.334 , 92.510334
0.092596 , 0.084 , 92.596 , 92.772596
0.09384 , 0.095 , 92.84 , 93.02884
0.093072 , 0.1 , 93.072 , 93.265072
0.093334 , 0.1 , 93.334 , 93.527334
0.093596 , 0.1 , 93.596 , 93.789596
0.09384 , 0.101 , 93.84 , 94.03484
0.094104 , 0.084 , 94.104 , 94.282104
0.094334 , 0.101 , 94.334 , 94.529334
0.094598 , 0.1 , 94.598 , 94.792598
0.094856 , 0.153 , 94.856 , 95.103856
0.095336 , 0.085 , 95.336 , 95.516336
0.095568 , 0.1 , 95.568 , 95.763568
0.095844 , 0.1 , 95.844 , 96.039844
0.096106 , 0.085 , 96.106 , 96.287106
0.096338 , 0.085 , 96.338 , 96.519338
0.1116 , 0.085 , 96.6 , 96.7966
0.096844 , 0.101 , 96.844 , 97.041844
0.097108 , 0.1 , 97.108 , 97.305108
0.097374 , 0.083 , 97.374 , 97.554374
0.097634 , 0.083 , 97.634 , 97.814634
0.097878 , 0.1 , 97.878 , 98.075878
0.09814 , 0.085 , 98.14 , 98.32314
0.098404 , 0.084 , 98.404 , 98.586404
0.098648 , 0.1 , 98.648 , 98.846648
0.09891 , 0.1 , 98.91 , 99.10891
0.115172 , 0.085 , 99.172 , 99.372172
0.099448 , 0.095 , 99.448 , 99.642448
0.099712 , 0.083 , 99.712 , 99.894712
0.099972 , 0.085 , 99.972 , 100.156972
0.10024 , 0.082 , 100.24 , 100.42224
0.10048 , 0.1 , 100.48 , 100.68048
0.100744 , 0.084 , 100.744 , 100.928744
0.101006 , 0.085 , 101.006 , 101.192006
0.10125 , 0.1 , 101.25 , 101.45125
0.101512 , 0.085 , 101.512 , 101.698512
0.101744 , 0.085 , 101.744 , 101.930744
0.102008 , 0.084 , 102.008 , 102.194008
0.10225 , 0.1 , 102.25 , 102.45225
0.102512 , 0.101 , 102.512 , 102.715512
0.118776 , 0.084 , 102.776 , 102.978776
0.103023 , 0.085 , 103.023 , 103.211023
0.103284 , 0.084 , 103.284 , 103.471284
0.103514 , 0.1 , 103.514 , 103.717514
0.103778 , 0.084 , 103.778 , 103.965778
0.104008 , 0.1 , 104.008 , 104.212008
0.104284 , 0.085 , 104.284 , 104.473284
0.104516 , 0.084 , 104.516 , 104.704516
0.104778 , 0.085 , 104.778 , 104.967778
0.10501 , 0.1 , 105.01 , 105.21501
0.105254 , 0.1 , 105.254 , 105.459254
0.105516 , 0.085 , 105.516 , 105.706516
0.105748 , 0.1 , 105.748 , 105.953748
0.106012 , 0.099 , 106.012 , 106.217012
0.106254 , 0.101 , 106.254 , 106.461254
0.106518 , 0.084 , 106.518 , 106.708518
0.106748 , 0.1 , 106.748 , 106.954748
0.107012 , 0.084 , 107.012 , 107.203012
0.108256 , 0.095 , 107.256 , 107.459256
0.107486 , 0.1 , 107.486 , 107.693486
0.10775 , 0.084 , 107.75 , 107.94175
0.10798 , 0.101 , 107.98 , 108.18898
0.108246 , 0.083 , 108.246 , 108.437246
0.108488 , 0.084 , 108.488 , 108.680488
0.108718 , 0.085 , 108.718 , 108.911718
0.10895 , 0.1 , 108.95 , 109.15895
0.109214 , 0.084 , 109.214 , 109.407214
0.124456 , 0.079 , 109.456 , 109.659456
0.109688 , 0.085 , 109.688 , 109.882688
0.10992 , 0.101 , 109.92 , 110.13092
0.110184 , 0.085 , 110.184 , 110.379184
0.110416 , 0.1 , 110.416 , 110.626416
0.11069 , 0.085 , 110.69 , 110.88569
0.110922 , 0.1 , 110.922 , 111.132922
0.111186 , 0.084 , 111.186 , 111.381186
0.111432 , 0.085 , 111.432 , 111.628432
0.111692 , 0.084 , 111.692 , 111.887692
0.111922 , 0.1 , 111.922 , 112.133922
0.112186 , 0.084 , 112.186 , 112.382186
0.112416 , 0.1 , 112.416 , 112.628416
0.11266 , 0.1 , 112.66 , 112.87266
0.112922 , 0.084 , 112.922 , 113.118922
0.113154 , 0.084 , 113.154 , 113.351154
0.113386 , 0.084 , 113.386 , 113.583386
0.113654 , 0.08 , 113.654 , 113.847654
0.113892 , 0.084 , 113.892 , 114.089892
0.114122 , 0.084 , 114.122 , 114.320122
0.114354 , 0.1 , 114.354 , 114.568354
0.114616 , 0.085 , 114.616 , 114.815616
0.11486 , 0.078 , 114.86 , 115.05286
0.115092 , 0.084 , 115.092 , 115.291092
0.115324 , 0.084 , 115.324 , 115.523324
0.115586 , 0.085 , 115.586 , 115.786586
0.115818 , 0.084 , 115.818 , 116.017818
0.11606 , 0.096 , 116.06 , 116.27206
0.116292 , 0.1 , 116.292 , 116.508292
0.116554 , 0.085 , 116.554 , 116.755554
0.116818 , 0.084 , 116.818 , 117.018818
0.11706 , 0.097 , 117.06 , 117.27406
0.117294 , 0.1 , 117.294 , 117.511294
0.117556 , 0.085 , 117.556 , 117.758556
0.117788 , 0.099 , 117.788 , 118.004788
0.118055 , 0.081 , 118.055 , 118.254055
0.118294 , 0.085 , 118.294 , 118.497294
0.118526 , 0.1 , 118.526 , 118.744526
0.118788 , 0.085 , 118.788 , 118.991788
0.11902 , 0.085 , 119.02 , 119.22402
0.119264 , 0.079 , 119.264 , 119.462264
0.119496 , 0.085 , 119.496 , 119.700496
0.119728 , 0.1 , 119.728 , 119.947728
0.120022 , 0.122 , 120.022 , 120.264022
0.120345 , 0.085 , 120.345 , 120.550345
0.120592 , 0.085 , 120.592 , 120.797592
0.120824 , 0.084 , 120.824 , 121.028824
0.121068 , 0.097 , 121.068 , 121.286068
0.1213 , 0.1 , 121.3 , 121.5213
0.121562 , 0.084 , 121.562 , 121.767562
0.121794 , 0.099 , 121.794 , 122.014794
0.122024 , 0.1 , 122.024 , 122.246024
0.122268 , 0.1 , 122.268 , 122.490268
0.122532 , 0.1 , 122.532 , 122.754532
0.122794 , 0.131 , 122.794 , 123.047794
0.1231 , 0.1 , 123.1 , 123.3231
0.123364 , 0.084 , 123.364 , 123.571364
0.123594 , 0.101 , 123.594 , 123.818594
0.123858 , 0.083 , 123.858 , 124.064858
0.12407 , 0.1 , 124.07 , 124.29407
0.124334 , 0.084 , 124.334 , 124.542334
0.124564 , 0.1 , 124.564 , 124.788564
0.124828 , 0.084 , 124.828 , 125.036828
0.12507 , 0.078 , 125.07 , 125.27307
0.125302 , 0.085 , 125.302 , 125.512302
0.125534 , 0.1 , 125.534 , 125.759534
0.125798 , 0.084 , 125.798 , 126.007798
0.12603 , 0.099 , 126.03 , 126.25503
0.126272 , 0.1 , 126.272 , 126.498272
0.126538 , 0.083 , 126.538 , 126.747538
0.126766 , 0.1 , 126.766 , 126.992766
0.12703 , 0.085 , 127.03 , 127.24203
0.127274 , 0.078 , 127.274 , 127.479274
0.127506 , 0.084 , 127.506 , 127.717506
0.127736 , 0.1 , 127.736 , 127.963736
0.128 , 0.084 , 128 , 128.212
0.128232 , 0.084 , 128.232 , 128.444232
0.128476 , 0.078 , 128.476 , 128.682476
0.128708 , 0.084 , 128.708 , 128.920708
0.12894 , 0.084 , 128.94 , 129.15294
0.12917 , 0.085 , 129.17 , 129.38417
0.129402 , 0.085 , 129.402 , 129.616402
0.129634 , 0.084 , 129.634 , 129.847634
0.129876 , 0.079 , 129.876 , 130.084876
0.130108 , 0.085 , 130.108 , 130.323108
0.14534 , 0.085 , 130.34 , 130.57034
0.130587 , 0.085 , 130.587 , 130.802587
0.130834 , 0.084 , 130.834 , 131.048834
0.131073 , 0.08 , 131.073 , 131.284073
0.131308 , 0.085 , 131.308 , 131.524308
0.13154 , 0.085 , 131.54 , 131.75654
0.131772 , 0.085 , 131.772 , 131.988772
0.132004 , 0.084 , 132.004 , 132.220004
0.132234 , 0.085 , 132.234 , 132.451234
0.132478 , 0.078 , 132.478 , 132.688478
0.13271 , 0.084 , 132.71 , 132.92671
0.132942 , 0.084 , 132.942 , 133.158942
0.133172 , 0.085 , 133.172 , 133.390172
0.133404 , 0.085 , 133.404 , 133.622404
0.133636 , 0.084 , 133.636 , 133.853636
0.14888 , 0.079 , 133.88 , 134.10788
0.134112 , 0.084 , 134.112 , 134.330112
0.134344 , 0.084 , 134.344 , 134.562344
0.134574 , 0.1 , 134.574 , 134.808574
0.134838 , 0.084 , 134.838 , 135.056838
0.135078 , 0.079 , 135.078 , 135.292078
0.135312 , 0.084 , 135.312 , 135.531312
0.135544 , 0.084 , 135.544 , 135.763544
0.135774 , 0.085 , 135.774 , 135.994774
0.136006 , 0.1 , 136.006 , 136.242006
0.136276 , 0.081 , 136.276 , 136.493276
0.136512 , 0.085 , 136.512 , 136.733512
0.136744 , 0.101 , 136.744 , 136.981744
0.137008 , 0.085 , 137.008 , 137.230008
0.13724 , 0.1 , 137.24 , 137.47724
0.137484 , 0.099 , 137.484 , 137.720484
0.137746 , 0.085 , 137.746 , 137.968746
0.137978 , 0.085 , 137.978 , 138.200978
0.13821 , 0.1 , 138.21 , 138.44821
0.13844 , 0.1 , 138.44 , 138.67844
0.139684 , 0.099 , 138.684 , 138.922684
0.138916 , 0.1 , 138.916 , 139.154916
0.139178 , 0.085 , 139.178 , 139.402178
0.13941 , 0.085 , 139.41 , 139.63441
0.139642 , 0.084 , 139.642 , 139.865642
0.140886 , 0.095 , 139.886 , 140.121886
0.156118 , 0.084 , 140.118 , 140.358118
0.14035 , 0.1 , 140.35 , 140.59035
0.140612 , 0.085 , 140.612 , 140.837612
0.140844 , 0.084 , 140.844 , 141.068844
0.141088 , 0.078 , 141.088 , 141.307088
0.14132 , 0.085 , 141.32 , 141.54632
0.141552 , 0.084 , 141.552 , 141.777552
0.141784 , 0.084 , 141.784 , 142.009784
0.142016 , 0.099 , 142.016 , 142.257016
0.142277 , 0.084 , 142.277 , 142.503277
0.14249 , 0.1 , 142.49 , 142.73249
0.142752 , 0.084 , 142.752 , 142.978752
0.142984 , 0.084 , 142.984 , 143.210984
0.143216 , 0.084 , 143.216 , 143.443216
0.143446 , 0.084 , 143.446 , 143.673446
0.14369 , 0.078 , 143.69 , 143.91169
0.143922 , 0.084 , 143.922 , 144.149922
0.144152 , 0.085 , 144.152 , 144.381152
0.144384 , 0.085 , 144.384 , 144.613384
0.144616 , 0.085 , 144.616 , 144.845616
0.144848 , 0.084 , 144.848 , 145.076848
0.145092 , 0.078 , 145.092 , 145.315092
0.145324 , 0.084 , 145.324 , 145.553324
0.145554 , 0.084 , 145.554 , 145.783554
0.145784 , 0.085 , 145.784 , 146.014784
0.146016 , 0.1 , 146.016 , 146.262016
0.146284 , 0.086 , 146.284 , 146.516284
0.147492 , 0.099 , 146.492 , 146.738492
0.146722 , 0.101 , 146.722 , 146.969722
0.146986 , 0.085 , 146.986 , 147.217986
0.147218 , 0.084 , 147.218 , 147.449218
0.14745 , 0.084 , 147.45 , 147.68145
0.147694 , 0.078 , 147.694 , 147.919694
0.147926 , 0.084 , 147.926 , 148.157926
0.148156 , 0.085 , 148.156 , 148.389156
0.148388 , 0.085 , 148.388 , 148.621388
0.14862 , 0.099 , 148.62 , 148.86762
0.148888 , 0.081 , 148.888 , 149.117888
0.149094 , 0.084 , 149.094 , 149.327094
0.149358 , 0.084 , 149.358 , 149.591358
0.149588 , 0.085 , 149.588 , 149.822588
0.14982 , 0.084 , 149.82 , 150.05382
0.150052 , 0.084 , 150.052 , 150.286052
0.150296 , 0.078 , 150.296 , 150.524296
0.150528 , 0.084 , 150.528 , 150.762528
0.150758 , 0.1 , 150.758 , 151.008758
0.151022 , 0.084 , 151.022 , 151.257022
0.151252 , 0.085 , 151.252 , 151.488252
0.151496 , 0.08 , 151.496 , 151.727496
0.15173 , 0.084 , 151.73 , 151.96573
0.151962 , 0.1 , 151.962 , 152.213962
0.152224 , 0.085 , 152.224 , 152.461224
0.152456 , 0.085 , 152.456 , 152.693456
0.1527 , 0.078 , 152.7 , 152.9307
0.152932 , 0.084 , 152.932 , 153.168932
0.153164 , 0.084 , 153.164 , 153.401164
0.153394 , 0.1 , 153.394 , 153.647394
0.153658 , 0.084 , 153.658 , 153.895658
0.153894 , 0.081 , 153.894 , 154.128894
0.154132 , 0.085 , 154.132 , 154.371132
0.154364 , 0.084 , 154.364 , 154.602364
0.154594 , 0.085 , 154.594 , 154.833594
0.154826 , 0.1 , 154.826 , 155.080826
0.155096 , 0.08 , 155.096 , 155.331096
0.155334 , 0.084 , 155.334 , 155.573334
0.155566 , 0.084 , 155.566 , 155.805566
0.155796 , 0.1 , 155.796 , 156.051796
0.15606 , 0.084 , 156.06 , 156.30006
0.156302 , 0.078 , 156.302 , 156.536302
0.156534 , 0.084 , 156.534 , 156.774534
0.156766 , 0.084 , 156.766 , 157.006766
0.156998 , 0.084 , 156.998 , 157.238998
0.15723 , 0.099 , 157.23 , 157.48623
0.157496 , 0.081 , 157.496 , 157.734496
0.157704 , 0.084 , 157.704 , 157.945704
0.157966 , 0.085 , 157.966 , 158.208966
0.158198 , 0.085 , 158.198 , 158.441198
0.15843 , 0.1 , 158.43 , 158.68843
0.158692 , 0.084 , 158.692 , 158.934692
0.158904 , 0.101 , 158.904 , 159.163904
0.159168 , 0.084 , 159.168 , 159.411168
0.1594 , 0.084 , 159.4 , 159.6434
0.15963 , 0.085 , 159.63 , 159.87463
0.159862 , 0.084 , 159.862 , 160.105862
0.160106 , 0.094 , 160.106 , 160.360106
0.160336 , 0.085 , 160.336 , 160.581336
0.160568 , 0.084 , 160.568 , 160.812568
0.16083 , 0.085 , 160.83 , 161.07583
0.161062 , 0.084 , 161.062 , 161.307062
0.161306 , 0.078 , 161.306 , 161.545306
0.161536 , 0.085 , 161.536 , 161.782536
0.161768 , 0.085 , 161.768 , 162.014768
0.162 , 0.085 , 162 , 162.247
0.162232 , 0.084 , 162.232 , 162.478232
0.162462 , 0.102 , 162.462 , 162.726462
0.162706 , 0.1 , 162.706 , 162.968706
0.162938 , 0.101 , 162.938 , 163.201938
0.163202 , 0.084 , 163.202 , 163.449202
0.163432 , 0.085 , 163.432 , 163.680432
0.163664 , 0.084 , 163.664 , 163.911664
0.163908 , 0.097 , 163.908 , 164.168908
0.16414 , 0.1 , 164.14 , 164.40414
0.164402 , 0.085 , 164.402 , 164.651402
0.164634 , 0.084 , 164.634 , 164.882634
0.164866 , 0.084 , 164.866 , 165.114866
0.16511 , 0.078 , 165.11 , 165.35311
0.165342 , 0.084 , 165.342 , 165.591342
0.165572 , 0.1 , 165.572 , 165.837572
0.165834 , 0.085 , 165.834 , 166.084834
0.16611 , 0.116 , 166.11 , 166.39211
0.166404 , 0.085 , 166.404 , 166.655404
0.166636 , 0.084 , 166.636 , 166.886636
0.166868 , 0.1 , 166.868 , 167.134868
0.16711 , 0.099 , 167.11 , 167.37611
0.167342 , 0.084 , 167.342 , 167.593342
0.167604 , 0.085 , 167.604 , 167.856604
0.167836 , 0.085 , 167.836 , 168.088836
0.168068 , 0.084 , 168.068 , 168.320068
0.16831 , 0.079 , 168.31 , 168.55731
0.168544 , 0.084 , 168.544 , 168.796544
0.168776 , 0.084 , 168.776 , 169.028776
0.169006 , 0.085 , 169.006 , 169.260006
0.169238 , 0.085 , 169.238 , 169.492238
0.16947 , 0.1 , 169.47 , 169.73947
0.169714 , 0.1 , 169.714 , 169.983714
0.169978 , 0.084 , 169.978 , 170.231978
0.17021 , 0.084 , 170.21 , 170.46421
0.170442 , 0.084 , 170.442 , 170.696442
0.170674 , 0.084 , 170.674 , 170.928674
0.170916 , 0.079 , 170.916 , 171.165916
0.17115 , 0.085 , 171.15 , 171.40615
0.171382 , 0.084 , 171.382 , 171.637382
0.171616 , 0.099 , 171.616 , 171.886616
0.171876 , 0.084 , 171.876 , 172.131876
0.17212 , 0.078 , 172.12 , 172.37012
0.172352 , 0.084 , 172.352 , 172.608352
0.172584 , 0.084 , 172.584 , 172.840584
0.172814 , 0.085 , 172.814 , 173.071814
0.189046 , 0.084 , 173.046 , 173.319046
0.173308 , 0.085 , 173.308 , 173.566308
0.17352 , 0.1 , 173.52 , 173.79352
0.173752 , 0.085 , 173.752 , 174.010752
0.174016 , 0.085 , 174.016 , 174.275016
0.174248 , 0.084 , 174.248 , 174.506248
0.174478 , 0.085 , 174.478 , 174.737478
0.174722 , 0.078 , 174.722 , 174.974722
0.174954 , 0.085 , 174.954 , 175.213954
0.175186 , 0.099 , 175.186 , 175.460186
0.175446 , 0.085 , 175.446 , 175.706446
0.175678 , 0.085 , 175.678 , 175.938678
0.175922 , 0.079 , 175.922 , 176.176922
0.176156 , 0.084 , 176.156 , 176.416156
0.176388 , 0.084 , 176.388 , 176.648388
0.176618 , 0.084 , 176.618 , 176.878618
0.17685 , 0.099 , 176.85 , 177.12585
0.177116 , 0.082 , 177.116 , 177.375116
0.177354 , 0.085 , 177.354 , 177.616354
0.177586 , 0.084 , 177.586 , 177.847586
0.177818 , 0.084 , 177.818 , 178.079818
0.17805 , 0.099 , 178.05 , 178.32705
0.178314 , 0.083 , 178.314 , 178.575314
0.178554 , 0.085 , 178.554 , 178.817554
0.178786 , 0.085 , 178.786 , 179.049786
0.179018 , 0.085 , 179.018 , 179.282018
0.17925 , 0.084 , 179.25 , 179.51325
0.19448 , 0.085 , 179.48 , 179.75948
0.180724 , 0.097 , 179.724 , 180.001724
0.195956 , 0.084 , 179.956 , 180.235956
0.180188 , 0.085 , 180.188 , 180.453188
0.18045 , 0.085 , 180.45 , 180.71545
0.180682 , 0.084 , 180.682 , 180.946682
0.180924 , 0.096 , 180.924 , 181.200924
0.181158 , 0.099 , 181.158 , 181.438158
0.18142 , 0.086 , 181.42 , 181.68742
0.181654 , 0.083 , 181.654 , 181.918654
0.181882 , 0.084 , 181.882 , 182.147882
0.182126 , 0.078 , 182.126 , 182.386126
0.182358 , 0.084 , 182.358 , 182.624358
0.18259 , 0.084 , 182.59 , 182.85659
0.18282 , 0.085 , 182.82 , 183.08782
0.183084 , 0.084 , 183.084 , 183.351084
0.183322 , 0.081 , 183.322 , 183.586322
0.183558 , 0.085 , 183.558 , 183.826558
0.18379 , 0.085 , 183.79 , 184.05879
0.184022 , 0.084 , 184.022 , 184.290022
0.184252 , 0.101 , 184.252 , 184.537252
0.184524 , 0.079 , 184.524 , 184.787524
0.18476 , 0.085 , 184.76 , 185.02976
0.184992 , 0.085 , 184.992 , 185.261992
0.185224 , 0.084 , 185.224 , 185.493224
0.185456 , 0.084 , 185.456 , 185.725456
0.185686 , 0.085 , 185.686 , 185.956686
0.18593 , 0.078 , 185.93 , 186.19393
0.186162 , 0.085 , 186.162 , 186.433162
0.186394 , 0.084 , 186.394 , 186.664394
0.186624 , 0.085 , 186.624 , 186.895624
0.186856 , 0.1 , 186.856 , 187.142856
0.187122 , 0.082 , 187.122 , 187.391122
0.18833 , 0.096 , 187.33 , 187.61433
0.187564 , 0.084 , 187.564 , 187.835564
0.203794 , 0.084 , 187.794 , 188.081794
0.188041 , 0.085 , 188.041 , 188.314041
0.188288 , 0.084 , 188.288 , 188.560288
0.188524 , 0.082 , 188.524 , 188.794524
0.188732 , 0.1 , 188.732 , 189.020732
0.188996 , 0.084 , 188.996 , 189.268996
0.189226 , 0.085 , 189.226 , 189.500226
0.189458 , 0.085 , 189.458 , 189.732458
0.18969 , 0.085 , 189.69 , 189.96469
0.190934 , 0.094 , 189.934 , 190.218934
0.190166 , 0.085 , 190.166 , 190.441166
0.190398 , 0.085 , 190.398 , 190.673398
0.19063 , 0.084 , 190.63 , 190.90463
0.19086 , 0.084 , 190.86 , 191.13486
0.191092 , 0.084 , 191.092 , 191.367092
0.191334 , 0.079 , 191.334 , 191.604334
0.191566 , 0.085 , 191.566 , 191.842566
0.191798 , 0.085 , 191.798 , 192.074798
0.19203 , 0.085 , 192.03 , 192.30703
0.192262 , 0.1 , 192.262 , 192.554262
0.192492 , 0.085 , 192.492 , 192.769492
0.192736 , 0.1 , 192.736 , 193.028736
0.192968 , 0.085 , 192.968 , 193.245968
0.2092 , 0.084 , 193.2 , 193.4932
0.20943 , 0.085 , 193.43 , 193.72443
0.193662 , 0.084 , 193.662 , 193.939662
0.193892 , 0.101 , 193.892 , 194.186892
0.194136 , 0.095 , 194.136 , 194.425136
0.194368 , 0.084 , 194.368 , 194.646368
0.1946 , 0.1 , 194.6 , 194.8946
0.194862 , 0.085 , 194.862 , 195.141862
0.195094 , 0.085 , 195.094 , 195.374094
0.195332 , 0.081 , 195.332 , 195.608332
0.195568 , 0.085 , 195.568 , 195.848568
0.1958 , 0.085 , 195.8 , 196.0808
0.196032 , 0.084 , 196.032 , 196.312032
0.196264 , 0.084 , 196.264 , 196.544264
0.196494 , 0.085 , 196.494 , 196.775494
0.196738 , 0.078 , 196.738 , 197.012738
0.19697 , 0.084 , 196.97 , 197.25097
0.1972 , 0.085 , 197.2 , 197.4822
0.197432 , 0.084 , 197.432 , 197.713432
0.197664 , 0.084 , 197.664 , 197.945664
0.197894 , 0.085 , 197.894 , 198.176894
0.198138 , 0.078 , 198.138 , 198.414138
0.19837 , 0.085 , 198.37 , 198.65337
0.198602 , 0.085 , 198.602 , 198.885602
0.198834 , 0.085 , 198.834 , 199.117834
0.199066 , 0.084 , 199.066 , 199.349066
0.199298 , 0.084 , 199.298 , 199.581298
0.19954 , 0.079 , 199.54 , 199.81854
0.199772 , 0.085 , 199.772 , 200.056772
0.200004 , 0.085 , 200.004 , 200.289004
0.200236 , 0.085 , 200.236 , 200.521236
0.200468 , 0.084 , 200.468 , 200.752468
0.2007 , 0.084 , 200.7 , 200.9847
0.200942 , 0.078 , 200.942 , 201.220942
0.201174 , 0.085 , 201.174 , 201.460174
0.201406 , 0.084 , 201.406 , 201.691406
0.20164 , 0.083 , 201.64 , 201.92464
0.201868 , 0.084 , 201.868 , 202.153868
0.2021 , 0.084 , 202.1 , 202.3861
0.202342 , 0.079 , 202.342 , 202.623342
0.202576 , 0.084 , 202.576 , 202.862576
0.202806 , 0.085 , 202.806 , 203.093806
0.203038 , 0.085 , 203.038 , 203.326038
0.20327 , 0.084 , 203.27 , 203.55727
0.2035 , 0.085 , 203.5 , 203.7885
0.203744 , 0.078 , 203.744 , 204.025744
0.204976 , 0.083 , 203.976 , 204.263976
0.204206 , 0.085 , 204.206 , 204.495206
0.204438 , 0.085 , 204.438 , 204.727438
0.20467 , 0.085 , 204.67 , 204.95967
0.204902 , 0.084 , 204.902 , 205.190902
0.205146 , 0.078 , 205.146 , 205.429146
0.205378 , 0.085 , 205.378 , 205.668378
0.20561 , 0.1 , 205.61 , 205.91561
0.205872 , 0.084 , 205.872 , 206.161872
0.206104 , 0.084 , 206.104 , 206.394104
0.206346 , 0.078 , 206.346 , 206.630346
0.207578 , 0.083 , 206.578 , 206.868578
0.20681 , 0.084 , 206.81 , 207.10081
0.207042 , 0.084 , 207.042 , 207.333042
0.207274 , 0.084 , 207.274 , 207.565274
0.207504 , 0.085 , 207.504 , 207.796504
0.207744 , 0.08 , 207.744 , 208.031744
0.20798 , 0.085 , 207.98 , 208.27298
0.208212 , 0.084 , 208.212 , 208.504212
0.208444 , 0.084 , 208.444 , 208.736444
0.208676 , 0.084 , 208.676 , 208.968676
0.208908 , 0.084 , 208.908 , 209.200908
0.209149 , 0.079 , 209.149 , 209.437149
0.209382 , 0.084 , 209.382 , 209.675382
0.209612 , 0.085 , 209.612 , 209.906612
0.209844 , 0.085 , 209.844 , 210.138844
0.210076 , 0.085 , 210.076 , 210.371076
0.210308 , 0.085 , 210.308 , 210.603308
0.210552 , 0.078 , 210.552 , 210.840552
0.210784 , 0.084 , 210.784 , 211.078784
0.211016 , 0.069 , 211.016 , 211.296016
0.211216 , 0.084 , 211.216 , 211.511216
0.211446 , 0.086 , 211.446 , 211.743446
0.21168 , 0.083 , 211.68 , 211.97468
0.211947 , 0.08 , 211.947 , 212.238947
0.212152 , 0.099 , 212.152 , 212.463152
0.212384 , 0.084 , 212.384 , 212.680384
0.212614 , 0.1 , 212.614 , 212.926614
0.212876 , 0.085 , 212.876 , 213.173876
0.213108 , 0.085 , 213.108 , 213.406108
0.213342 , 0.083 , 213.342 , 213.638342
0.213552 , 0.078 , 213.552 , 213.843552
0.213784 , 0.085 , 213.784 , 214.082784
0.214016 , 0.084 , 214.016 , 214.314016
0.214248 , 0.084 , 214.248 , 214.546248
0.21448 , 0.084 , 214.48 , 214.77848
0.21471 , 0.085 , 214.71 , 215.00971
0.214954 , 0.079 , 214.954 , 215.247954
0.215186 , 0.085 , 215.186 , 215.486186
0.215418 , 0.085 , 215.418 , 215.718418
0.21565 , 0.085 , 215.65 , 215.95065
0.215882 , 0.084 , 215.882 , 216.181882
0.216114 , 0.084 , 216.114 , 216.414114
0.216355 , 0.079 , 216.355 , 216.650355
0.216556 , 0.101 , 216.556 , 216.873556
0.216788 , 0.084 , 216.788 , 217.088788
0.21702 , 0.084 , 217.02 , 217.32102
0.217252 , 0.084 , 217.252 , 217.553252
0.217482 , 0.085 , 217.482 , 217.784482
0.217714 , 0.138 , 217.714 , 218.069714
0.218054 , 0.084 , 218.054 , 218.356054
0.218284 , 0.085 , 218.284 , 218.587284
0.218516 , 0.085 , 218.516 , 218.819516
0.218756 , 0.079 , 218.756 , 219.053756
0.21896 , 0.1 , 218.96 , 219.27896
0.219224 , 0.084 , 219.224 , 219.527224
0.219424 , 0.068 , 219.424 , 219.711424
0.219654 , 0.085 , 219.654 , 219.958654
0.219886 , 0.084 , 219.886 , 220.189886
0.220116 , 0.085 , 220.116 , 220.421116
0.22036 , 0.079 , 220.36 , 220.65936
0.220594 , 0.084 , 220.594 , 220.898594
0.220824 , 0.085 , 220.824 , 221.129824
0.221056 , 0.085 , 221.056 , 221.362056
0.237288 , 0.069 , 221.288 , 221.594288
0.22152 , 0.085 , 221.52 , 221.82652
0.221754 , 0.083 , 221.754 , 222.058754
0.221964 , 0.078 , 221.964 , 222.263964
0.222194 , 0.085 , 222.194 , 222.501194
0.222426 , 0.084 , 222.426 , 222.732426
0.222658 , 0.084 , 222.658 , 222.964658
0.22289 , 0.084 , 222.89 , 223.19689
0.22312 , 0.084 , 223.12 , 223.42712
0.223364 , 0.078 , 223.364 , 223.665364
0.223596 , 0.084 , 223.596 , 223.903596
0.223828 , 0.084 , 223.828 , 224.135828
0.224058 , 0.085 , 224.058 , 224.367058
0.22429 , 0.085 , 224.29 , 224.59929
0.224522 , 0.084 , 224.522 , 224.830522
0.224764 , 0.079 , 224.764 , 225.067764
0.224998 , 0.084 , 224.998 , 225.306998
0.22523 , 0.084 , 225.23 , 225.53923
0.225462 , 0.084 , 225.462 , 225.771462
0.225694 , 0.084 , 225.694 , 226.003694
0.225924 , 0.084 , 225.924 , 226.233924
0.226168 , 0.078 , 226.168 , 226.472168
0.227368 , 0.097 , 226.368 , 226.692368
0.2266 , 0.084 , 226.6 , 226.9106
0.226832 , 0.084 , 226.832 , 227.142832
0.227064 , 0.084 , 227.064 , 227.375064
0.227294 , 0.085 , 227.294 , 227.606294
0.227526 , 0.084 , 227.526 , 227.837526
0.22777 , 0.078 , 227.77 , 228.07577
0.227985 , 0.085 , 227.985 , 228.297985
0.228232 , 0.085 , 228.232 , 228.545232
0.228464 , 0.085 , 228.464 , 228.777464
0.228696 , 0.084 , 228.696 , 229.008696
0.228926 , 0.069 , 228.926 , 229.223926
0.229126 , 0.085 , 229.126 , 229.440126
0.22937 , 0.079 , 229.37 , 229.67837
0.230602 , 0.081 , 229.602 , 229.913602
0.229802 , 0.084 , 229.802 , 230.115802
0.230034 , 0.084 , 230.034 , 230.348034
0.230264 , 0.085 , 230.264 , 230.579264
0.230496 , 0.084 , 230.496 , 230.810496
0.230726 , 0.085 , 230.726 , 231.041726
0.23097 , 0.078 , 230.97 , 231.27897
0.231202 , 0.084 , 231.202 , 231.517202
0.231434 , 0.084 , 231.434 , 231.749434
0.231666 , 0.084 , 231.666 , 231.981666
0.231896 , 0.069 , 231.896 , 232.196896
0.232098 , 0.084 , 232.098 , 232.414098
0.232328 , 0.084 , 232.328 , 232.644328
0.232572 , 0.078 , 232.572 , 232.882572
0.232804 , 0.084 , 232.804 , 233.120804
0.233036 , 0.084 , 233.036 , 233.353036
0.233266 , 0.085 , 233.266 , 233.584266
0.233498 , 0.085 , 233.498 , 233.816498
0.23373 , 0.084 , 233.73 , 234.04773
0.233974 , 0.078 , 233.974 , 234.285974
0.235174 , 0.099 , 234.174 , 234.508174
0.234436 , 0.085 , 234.436 , 234.755436
0.234668 , 0.068 , 234.668 , 234.970668
0.234866 , 0.101 , 234.866 , 235.201866
0.23513 , 0.069 , 235.13 , 235.43413
0.23533 , 0.084 , 235.33 , 235.64933
0.235572 , 0.079 , 235.572 , 235.886572
0.235804 , 0.085 , 235.804 , 236.124804
0.236036 , 0.085 , 236.036 , 236.357036
0.236268 , 0.084 , 236.268 , 236.588268
0.2365 , 0.084 , 236.5 , 236.8205
0.23673 , 0.084 , 236.73 , 237.05073
0.236972 , 0.079 , 236.972 , 237.287972
0.237174 , 0.078 , 237.174 , 237.489174
0.237404 , 0.084 , 237.404 , 237.725404
0.237636 , 0.085 , 237.636 , 237.958636
0.237868 , 0.084 , 237.868 , 238.189868
0.2381 , 0.084 , 238.1 , 238.4221
0.23833 , 0.085 , 238.33 , 238.65333
0.238574 , 0.079 , 238.574 , 238.891574
0.238806 , 0.081 , 238.806 , 239.125806
0.239006 , 0.084 , 239.006 , 239.329006
0.239238 , 0.084 , 239.238 , 239.561238
0.239468 , 0.085 , 239.468 , 239.792468
0.2397 , 0.085 , 239.7 , 240.0247
0.239932 , 0.085 , 239.932 , 240.256932
0.240174 , 0.079 , 240.174 , 240.493174
0.240378 , 0.095 , 240.378 , 240.713378
0.24061 , 0.084 , 240.61 , 240.93461
0.24084 , 0.085 , 240.84 , 241.16584
0.241072 , 0.084 , 241.072 , 241.397072
0.241304 , 0.084 , 241.304 , 241.629304
0.241534 , 0.086 , 241.534 , 241.861534
0.241775 , 0.079 , 241.775 , 242.095775
0.24201 , 0.081 , 242.01 , 242.33301
0.24221 , 0.085 , 242.21 , 242.53721
0.242442 , 0.085 , 242.442 , 242.769442
0.242674 , 0.084 , 242.674 , 243.000674
0.242906 , 0.069 , 242.906 , 243.217906
0.243106 , 0.084 , 243.106 , 243.433106
0.243368 , 0.068 , 243.368 , 243.679368
0.243582 , 0.078 , 243.582 , 243.903582
0.243814 , 0.084 , 243.814 , 244.141814
0.244044 , 0.085 , 244.044 , 244.373044
0.244276 , 0.085 , 244.276 , 244.605276
0.244508 , 0.084 , 244.508 , 244.836508
0.244738 , 0.069 , 244.738 , 245.051738
0.24497 , 0.073 , 244.97 , 245.28797
0.245182 , 0.078 , 245.182 , 245.505182
0.245414 , 0.084 , 245.414 , 245.743414
0.245644 , 0.085 , 245.644 , 245.974644
0.245876 , 0.069 , 245.876 , 246.190876
0.246092 , 0.069 , 246.092 , 246.407092
0.246308 , 0.084 , 246.308 , 246.638308
0.24654 , 0.084 , 246.54 , 246.87054
0.246782 , 0.079 , 246.782 , 247.107782
0.247016 , 0.081 , 247.016 , 247.344016
0.247216 , 0.084 , 247.216 , 247.547216
0.247448 , 0.084 , 247.448 , 247.779448
0.247678 , 0.085 , 247.678 , 248.010678
0.24791 , 0.085 , 247.91 , 248.24291
0.248142 , 0.084 , 248.142 , 248.474142
0.248378 , 0.065 , 248.378 , 248.691378
0.248584 , 0.079 , 248.584 , 248.911584
0.248818 , 0.084 , 248.818 , 249.150818
0.265048 , 0.069 , 249.048 , 249.382048
0.26528 , 0.068 , 249.28 , 249.61328
0.249494 , 0.069 , 249.494 , 249.812494
0.24971 , 0.085 , 249.71 , 250.04471
0.249942 , 0.084 , 249.942 , 250.275942
0.250184 , 0.079 , 250.184 , 250.513184
0.250384 , 0.078 , 250.384 , 250.712384
0.250616 , 0.085 , 250.616 , 250.951616
0.250848 , 0.085 , 250.848 , 251.183848
0.25108 , 0.069 , 251.08 , 251.40008
0.25128 , 0.101 , 251.28 , 251.63228
0.251546 , 0.073 , 251.546 , 251.870546
0.251773 , 0.069 , 251.773 , 252.093773
0.251988 , 0.078 , 251.988 , 252.317988
0.252218 , 0.083 , 252.218 , 252.553218
0.252418 , 0.085 , 252.418 , 252.755418
0.25265 , 0.085 , 252.65 , 252.98765
0.252882 , 0.084 , 252.882 , 253.218882
0.253112 , 0.085 , 253.112 , 253.450112
0.253344 , 0.069 , 253.344 , 253.666344
0.253544 , 0.085 , 253.544 , 253.882544
0.253788 , 0.078 , 253.788 , 254.119788
0.25402 , 0.084 , 254.02 , 254.35802
0.254252 , 0.084 , 254.252 , 254.590252
0.254484 , 0.068 , 254.484 , 254.806484
0.254682 , 0.085 , 254.682 , 255.021682
0.254914 , 0.085 , 254.914 , 255.253914
0.255146 , 0.068 , 255.146 , 255.469146
0.255346 , 0.084 , 255.346 , 255.685346
0.255588 , 0.079 , 255.588 , 255.922588
0.25579 , 0.078 , 255.79 , 256.12379
0.256022 , 0.085 , 256.022 , 256.363022
0.256254 , 0.085 , 256.254 , 256.595254
0.256486 , 0.069 , 256.486 , 256.811486
0.256702 , 0.069 , 256.702 , 257.027702
0.256918 , 0.084 , 256.918 , 257.258918
0.257148 , 0.069 , 257.148 , 257.474148
0.25738 , 0.084 , 257.38 , 257.72138
0.257592 , 0.078 , 257.592 , 257.927592
0.257824 , 0.084 , 257.824 , 258.165824
0.258054 , 0.069 , 258.054 , 258.381054
0.258256 , 0.084 , 258.256 , 258.598256
0.258488 , 0.084 , 258.488 , 258.830488
0.25872 , 0.084 , 258.72 , 259.06272
0.25895 , 0.069 , 258.95 , 259.27795
0.25915 , 0.084 , 259.15 , 259.49315
0.259392 , 0.079 , 259.392 , 259.730392
0.259626 , 0.082 , 259.626 , 259.967626
0.259856 , 0.069 , 259.856 , 260.184856
0.260056 , 0.084 , 260.056 , 260.400056
0.260286 , 0.085 , 260.286 , 260.631286
0.260518 , 0.084 , 260.518 , 260.862518
0.26075 , 0.068 , 260.75 , 261.07875
0.260948 , 0.085 , 260.948 , 261.293948
0.261192 , 0.078 , 261.192 , 261.531192
0.261392 , 0.078 , 261.392 , 261.731392
0.261628 , 0.083 , 261.628 , 261.972628
0.261856 , 0.084 , 261.856 , 262.201856
0.262088 , 0.069 , 262.088 , 262.419088
0.262288 , 0.069 , 262.288 , 262.619288
0.26252 , 0.084 , 262.52 , 262.86652
0.26275 , 0.085 , 262.75 , 263.09775
0.262986 , 0.067 , 262.986 , 263.315986
0.263196 , 0.078 , 263.196 , 263.537196
0.264428 , 0.082 , 263.428 , 263.774428
0.263658 , 0.069 , 263.658 , 263.990658
0.263858 , 0.085 , 263.858 , 264.206858
0.26409 , 0.085 , 264.09 , 264.43909
0.264322 , 0.084 , 264.322 , 264.670322
0.264552 , 0.069 , 264.552 , 264.885552
0.264752 , 0.084 , 264.752 , 265.100752
0.264996 , 0.078 , 264.996 , 265.338996
0.265196 , 0.078 , 265.196 , 265.539196
0.265428 , 0.085 , 265.428 , 265.778428
0.26566 , 0.085 , 265.66 , 266.01066
0.265892 , 0.084 , 265.892 , 266.241892
0.266124 , 0.084 , 266.124 , 266.474124
0.266354 , 0.069 , 266.354 , 266.689354
0.266554 , 0.085 , 266.554 , 266.905554
0.266798 , 0.078 , 266.798 , 267.142798
0.267 , 0.063 , 267 , 267.33
0.267232 , 0.084 , 267.232 , 267.583232
0.267464 , 0.069 , 267.464 , 267.800464
0.267664 , 0.085 , 267.664 , 268.016664
0.267896 , 0.084 , 267.896 , 268.247896
0.268126 , 0.069 , 268.126 , 268.463126
0.268326 , 0.085 , 268.326 , 268.679326
0.268558 , 0.084 , 268.558 , 268.910558
0.268791 , 0.067 , 268.791 , 269.126791
0.269002 , 0.078 , 269.002 , 269.349002
0.269202 , 0.078 , 269.202 , 269.549202
0.269434 , 0.081 , 269.434 , 269.784434
0.269632 , 0.085 , 269.632 , 269.986632
0.269864 , 0.085 , 269.864 , 270.218864
0.270096 , 0.069 , 270.096 , 270.435096
0.270296 , 0.084 , 270.296 , 270.650296
0.270528 , 0.084 , 270.528 , 270.882528
0.270758 , 0.069 , 270.758 , 271.097758
0.270958 , 0.084 , 270.958 , 271.312958
0.271202 , 0.078 , 271.202 , 271.551202
0.271402 , 0.078 , 271.402 , 271.751402
0.271634 , 0.084 , 271.634 , 271.989634
0.271866 , 0.068 , 271.866 , 272.205866
0.272066 , 0.084 , 272.066 , 272.422066
0.272296 , 0.069 , 272.296 , 272.637296
0.272496 , 0.085 , 272.496 , 272.853496
0.272728 , 0.084 , 272.728 , 273.084728
0.27296 , 0.068 , 272.96 , 273.30096
0.27316 , 0.084 , 273.16 , 273.51716
0.273402 , 0.079 , 273.402 , 273.754402
0.273602 , 0.078 , 273.602 , 273.953602
0.273836 , 0.084 , 273.836 , 274.193836
0.274066 , 0.07 , 274.066 , 274.410066
0.274268 , 0.084 , 274.268 , 274.626268
0.2745 , 0.084 , 274.5 , 274.8585
0.27473 , 0.07 , 274.73 , 275.07473
0.274932 , 0.084 , 274.932 , 275.290932
0.275162 , 0.101 , 275.162 , 275.538162
0.275438 , 0.081 , 275.438 , 275.794438
0.27564 , 0.083 , 275.64 , 275.99864
0.27587 , 0.085 , 275.87 , 276.23087
0.276102 , 0.068 , 276.102 , 276.446102
0.276302 , 0.084 , 276.302 , 276.662302
0.276536 , 0.083 , 276.536 , 276.895536
0.276764 , 0.069 , 276.764 , 277.109764
0.276964 , 0.085 , 276.964 , 277.325964
0.277204 , 0.064 , 277.204 , 277.545204
0.277408 , 0.078 , 277.408 , 277.763408
0.278622 , 0.078 , 277.622 , 277.978622
0.277838 , 0.084 , 277.838 , 278.199838
0.27807 , 0.085 , 278.07 , 278.43307
0.278302 , 0.069 , 278.302 , 278.649302
0.278502 , 0.085 , 278.502 , 278.865502
0.278734 , 0.084 , 278.734 , 279.096734
0.278964 , 0.069 , 278.964 , 279.311964
0.279164 , 0.085 , 279.164 , 279.528164
0.2794 , 0.067 , 279.4 , 279.7464
0.279608 , 0.079 , 279.608 , 279.966608
0.27981 , 0.08 , 279.81 , 280.16981
0.281042 , 0.08 , 280.042 , 280.403042
0.280242 , 0.084 , 280.242 , 280.606242
0.280472 , 0.069 , 280.472 , 280.821472
0.280674 , 0.084 , 280.674 , 281.038674
0.280906 , 0.068 , 280.906 , 281.254906
0.281106 , 0.084 , 281.106 , 281.471106
0.281338 , 0.069 , 281.338 , 281.688338
0.281538 , 0.084 , 281.538 , 281.903538
0.281768 , 0.085 , 281.768 , 282.134768
0.282 , 0.068 , 282 , 282.35
0.282214 , 0.062 , 282.214 , 282.558214
0.282414 , 0.078 , 282.414 , 282.774414
0.282644 , 0.078 , 282.644 , 283.004644
0.282846 , 0.084 , 282.846 , 283.212846
0.283076 , 0.069 , 283.076 , 283.428076
0.283276 , 0.069 , 283.276 , 283.628276
0.283508 , 0.069 , 283.508 , 283.860508
0.283708 , 0.085 , 283.708 , 284.076708
0.28394 , 0.069 , 283.94 , 284.29294
0.28414 , 0.1 , 284.14 , 284.52414
0.284416 , 0.078 , 284.416 , 284.778416
0.284648 , 0.081 , 284.648 , 285.013648
0.284848 , 0.084 , 284.848 , 285.216848
0.28508 , 0.069 , 285.08 , 285.43408
0.28528 , 0.068 , 285.28 , 285.63328
0.285512 , 0.068 , 285.512 , 285.865512
0.28571 , 0.085 , 285.71 , 286.08071
0.285942 , 0.069 , 285.942 , 286.296942
0.286142 , 0.084 , 286.142 , 286.512142
0.286374 , 0.069 , 286.374 , 286.729374
0.286574 , 0.084 , 286.574 , 286.944574
0.286816 , 0.063 , 286.816 , 287.165816
0.287018 , 0.078 , 287.018 , 287.383018
0.287218 , 0.078 , 287.218 , 287.583218
0.28745 , 0.081 , 287.45 , 287.81845
0.28765 , 0.085 , 287.65 , 288.02265
0.287882 , 0.069 , 287.882 , 288.238882
0.288082 , 0.084 , 288.082 , 288.454082
0.288314 , 0.084 , 288.314 , 288.686314
0.288546 , 0.069 , 288.546 , 288.903546
0.288746 , 0.084 , 288.746 , 289.118746
0.288976 , 0.069 , 288.976 , 289.333976
0.289176 , 0.07 , 289.176 , 289.535176
0.289378 , 0.084 , 289.378 , 289.751378
0.28962 , 0.063 , 289.62 , 289.97262
0.289822 , 0.078 , 289.822 , 290.189822
0.290052 , 0.079 , 290.052 , 290.421052
0.290254 , 0.083 , 290.254 , 290.627254
0.290484 , 0.069 , 290.484 , 290.843484
0.290684 , 0.069 , 290.684 , 291.043684
0.305886 , 0.069 , 290.886 , 291.260886
0.291118 , 0.068 , 291.118 , 291.477118
0.291318 , 0.068 , 291.318 , 291.677318
0.291518 , 0.084 , 291.518 , 291.893518
0.29175 , 0.069 , 291.75 , 292.11075
0.30695 , 0.069 , 291.95 , 292.32595
0.292182 , 0.069 , 292.182 , 292.543182
0.292382 , 0.069 , 292.382 , 292.743382
0.292582 , 0.084 , 292.582 , 292.958582
0.292818 , 0.067 , 292.818 , 293.177818
0.293026 , 0.063 , 293.026 , 293.382026
0.293228 , 0.078 , 293.228 , 293.599228
0.293428 , 0.078 , 293.428 , 293.799428
0.293664 , 0.064 , 293.664 , 294.021664
0.29386 , 0.084 , 293.86 , 294.23786
0.294092 , 0.069 , 294.092 , 294.455092
0.294292 , 0.069 , 294.292 , 294.655292
0.294492 , 0.084 , 294.492 , 294.870492
0.294724 , 0.069 , 294.724 , 295.087724
0.294924 , 0.069 , 294.924 , 295.287924
0.295154 , 0.07 , 295.154 , 295.519154
0.295356 , 0.069 , 295.356 , 295.720356
0.295556 , 0.069 , 295.556 , 295.920556
0.295756 , 0.084 , 295.756 , 296.135756
0.295988 , 0.069 , 295.988 , 296.352988
0.296188 , 0.069 , 296.188 , 296.553188
0.296428 , 0.101 , 296.428 , 296.825428
0.296694 , 0.069 , 296.694 , 297.059694
0.296896 , 0.068 , 296.896 , 297.260896
0.297094 , 0.085 , 297.094 , 297.476094
0.297326 , 0.069 , 297.326 , 297.692326
0.297526 , 0.069 , 297.526 , 297.892526
0.297758 , 0.069 , 297.758 , 298.124758
0.297958 , 0.069 , 297.958 , 298.324958
0.298158 , 0.084 , 298.158 , 298.540158
0.29839 , 0.069 , 298.39 , 298.75739
0.29859 , 0.069 , 298.59 , 298.95759
0.29879 , 0.084 , 298.79 , 299.17279
0.299027 , 0.065 , 299.027 , 299.391027
0.299234 , 0.062 , 299.234 , 299.595234
0.299434 , 0.078 , 299.434 , 299.811434
0.299632 , 0.079 , 299.632 , 300.010632
0.299864 , 0.063 , 299.864 , 300.226864
0.300066 , 0.081 , 300.066 , 300.447066
0.300266 , 0.085 , 300.266 , 300.651266
0.300498 , 0.069 , 300.498 , 300.867498
0.300698 , 0.069 , 300.698 , 301.067698
0.300898 , 0.084 , 300.898 , 301.282898
0.30113 , 0.069 , 301.13 , 301.50013
0.30133 , 0.068 , 301.33 , 301.69933
0.30153 , 0.084 , 301.53 , 301.91553
0.30176 , 0.069 , 301.76 , 302.13076
0.30196 , 0.069 , 301.96 , 302.33096
0.302176 , 0.068 , 302.176 , 302.546176
0.302392 , 0.069 , 302.392 , 302.763392
0.302592 , 0.069 , 302.592 , 302.963592
0.302792 , 0.069 , 302.792 , 303.163792
0.30303 , 0.065 , 303.03 , 303.39803
0.303234 , 0.063 , 303.234 , 303.600234
0.303436 , 0.078 , 303.436 , 303.817436
0.303634 , 0.079 , 303.634 , 304.016634
0.303866 , 0.08 , 303.866 , 304.249866
0.304068 , 0.085 , 304.068 , 304.457068
0.3043 , 0.069 , 304.3 , 304.6733
0.3045 , 0.069 , 304.5 , 304.8735
0.3047 , 0.085 , 304.7 , 305.0897
0.304932 , 0.069 , 304.932 , 305.305932
0.305132 , 0.069 , 305.132 , 305.506132
0.305332 , 0.085 , 305.332 , 305.722332
0.305564 , 0.069 , 305.564 , 305.938564
0.305764 , 0.068 , 305.764 , 306.137764
0.305962 , 0.085 , 305.962 , 306.352962
0.306194 , 0.069 , 306.194 , 306.569194
0.306396 , 0.068 , 306.396 , 306.770396
0.306594 , 0.085 , 306.594 , 306.985594
0.30683 , 0.066 , 306.83 , 307.20283
0.307038 , 0.063 , 307.038 , 307.408038
0.307238 , 0.078 , 307.238 , 307.623238
0.30744 , 0.078 , 307.44 , 307.82544
0.307638 , 0.079 , 307.638 , 308.024638
0.30787 , 0.063 , 307.87 , 308.24087
0.30807 , 0.078 , 308.07 , 308.45607
0.308272 , 0.083 , 308.272 , 308.663272
0.308502 , 0.068 , 308.502 , 308.878502
0.308702 , 0.069 , 308.702 , 309.079702
0.308902 , 0.069 , 308.902 , 309.279902
0.309102 , 0.069 , 309.102 , 309.480102
0.309334 , 0.069 , 309.334 , 309.712334
0.309534 , 0.068 , 309.534 , 309.911534
0.309732 , 0.069 , 309.732 , 310.110732
0.309932 , 0.085 , 309.932 , 310.326932
0.310164 , 0.069 , 310.164 , 310.543164
0.310364 , 0.069 , 310.364 , 310.743364
0.310596 , 0.068 , 310.596 , 310.974596
0.310796 , 0.068 , 310.796 , 311.174796
0.311028 , 0.068 , 311.028 , 311.407028
0.31124 , 0.062 , 311.24 , 311.61324
0.31144 , 0.063 , 311.44 , 311.81444
0.31164 , 0.078 , 311.64 , 312.02964
0.311872 , 0.062 , 311.872 , 312.245872
0.312072 , 0.082 , 312.072 , 312.466072
0.312272 , 0.085 , 312.272 , 312.669272
0.312504 , 0.069 , 312.504 , 312.885504
0.312704 , 0.069 , 312.704 , 313.085704
0.312906 , 0.068 , 312.906 , 313.286906
0.313106 , 0.084 , 313.106 , 313.503106
0.313338 , 0.068 , 313.338 , 313.719338
0.313536 , 0.069 , 313.536 , 313.918536
0.313736 , 0.085 , 313.736 , 314.134736
0.313968 , 0.069 , 313.968 , 314.350968
0.314168 , 0.069 , 314.168 , 314.551168
0.314368 , 0.069 , 314.368 , 314.751368
0.330568 , 0.069 , 314.568 , 314.967568
0.314768 , 0.069 , 314.768 , 315.151768
0.315 , 0.069 , 315 , 315.384
0.3152 , 0.069 , 315.2 , 315.5842
0.3154 , 0.069 , 315.4 , 315.7844
0.3156 , 0.069 , 315.6 , 315.9846
0.3158 , 0.084 , 315.8 , 316.1998
0.316037 , 0.065 , 316.037 , 316.418037
0.316242 , 0.063 , 316.242 , 316.621242
0.316444 , 0.062 , 316.444 , 316.822444
0.316644 , 0.062 , 316.644 , 317.022644
0.316844 , 0.078 , 316.844 , 317.238844
0.317044 , 0.078 , 317.044 , 317.439044
0.317276 , 0.062 , 317.276 , 317.655276
0.317476 , 0.062 , 317.476 , 317.855476
0.317676 , 0.062 , 317.676 , 318.055676
0.317876 , 0.08 , 317.876 , 318.273876
0.318078 , 0.083 , 318.078 , 318.479078
0.318308 , 0.069 , 318.308 , 318.695308
0.318508 , 0.069 , 318.508 , 318.895508
0.318708 , 0.069 , 318.708 , 319.095708
0.318908 , 0.069 , 318.908 , 319.295908
0.31911 , 0.084 , 319.11 , 319.51311
0.31934 , 0.069 , 319.34 , 319.72834
0.319542 , 0.069 , 319.542 , 319.930542
0.319742 , 0.069 , 319.742 , 320.130742
0.319942 , 0.069 , 319.942 , 320.330942
0.320142 , 0.069 , 320.142 , 320.531142
0.320342 , 0.084 , 320.342 , 320.746342
0.320574 , 0.068 , 320.574 , 320.962574
0.320774 , 0.068 , 320.774 , 321.162774
0.320974 , 0.069 , 320.974 , 321.363974
0.321174 , 0.069 , 321.174 , 321.564174
0.321374 , 0.068 , 321.374 , 321.763374
0.321574 , 0.068 , 321.574 , 321.963574
0.321774 , 0.069 , 321.774 , 322.164774
0.321974 , 0.069 , 321.974 , 322.364974
0.322174 , 0.084 , 322.174 , 322.580174
0.322404 , 0.07 , 322.404 , 322.796404
0.322606 , 0.069 , 322.606 , 322.997606
0.322806 , 0.068 , 322.806 , 323.196806
0.323006 , 0.069 , 323.006 , 323.398006
0.323206 , 0.069 , 323.206 , 323.598206
0.323406 , 0.068 , 323.406 , 323.797406
0.323606 , 0.068 , 323.606 , 323.997606
0.338806 , 0.069 , 323.806 , 324.213806
0.32404 , 0.067 , 324.04 , 324.43104
0.32424 , 0.066 , 324.24 , 324.63024
0.32445 , 0.062 , 324.45 , 324.83645
0.32465 , 0.062 , 324.65 , 325.03665
0.32485 , 0.062 , 324.85 , 325.23685
0.32505 , 0.062 , 325.05 , 325.43705
0.32525 , 0.063 , 325.25 , 325.63825
0.32545 , 0.063 , 325.45 , 325.83845
0.32565 , 0.063 , 325.65 , 326.03865
0.32585 , 0.078 , 325.85 , 326.25385
0.32605 , 0.078 , 326.05 , 326.45405
0.32625 , 0.078 , 326.25 , 326.65425
0.32645 , 0.079 , 326.45 , 326.85545
0.326682 , 0.062 , 326.682 , 327.070682
0.326882 , 0.084 , 326.882 , 327.292882
0.327114 , 0.069 , 327.114 , 327.510114
0.327314 , 0.069 , 327.314 , 327.710314
0.327516 , 0.084 , 327.516 , 327.927516
0.327748 , 0.068 , 327.748 , 328.143748
0.327946 , 0.069 , 327.946 , 328.342946
0.328146 , 0.069 , 328.146 , 328.543146
0.328346 , 0.069 , 328.346 , 328.743346
0.328546 , 0.069 , 328.546 , 328.943546
0.328748 , 0.068 , 328.748 , 329.144748
0.328946 , 0.069 , 328.946 , 329.343946
0.329146 , 0.069 , 329.146 , 329.544146
0.329346 , 0.069 , 329.346 , 329.744346
0.329546 , 0.069 , 329.546 , 329.944546
0.329748 , 0.069 , 329.748 , 330.146748
0.329963 , 0.069 , 329.963 , 330.361963
0.330178 , 0.053 , 330.178 , 330.561178
0.330378 , 0.069 , 330.378 , 330.777378
0.33058 , 0.069 , 330.58 , 330.97958
0.33078 , 0.069 , 330.78 , 331.17978
0.33098 , 0.069 , 330.98 , 331.37998
0.33118 , 0.069 , 331.18 , 331.58018
0.33138 , 0.069 , 331.38 , 331.78038
0.33158 , 0.069 , 331.58 , 331.98058
0.33178 , 0.069 , 331.78 , 332.18078
0.33198 , 0.069 , 331.98 , 332.38098
0.332182 , 0.068 , 332.182 , 332.582182
0.332382 , 0.069 , 332.382 , 332.783382
0.332582 , 0.069 , 332.582 , 332.983582
0.332782 , 0.069 , 332.782 , 333.183782
0.332982 , 0.069 , 332.982 , 333.383982
0.333184 , 0.068 , 333.184 , 333.585184
0.333384 , 0.069 , 333.384 , 333.786384
0.333584 , 0.069 , 333.584 , 333.986584
0.333784 , 0.069 , 333.784 , 334.186784
0.333984 , 0.069 , 333.984 , 334.386984
0.334184 , 0.069 , 334.184 , 334.587184
0.334384 , 0.07 , 334.384 , 334.788384
0.334586 , 0.053 , 334.586 , 334.973586
0.334754 , 0.07 , 334.754 , 335.158754
0.334956 , 0.054 , 334.956 , 335.344956
0.335156 , 0.069 , 335.156 , 335.560156
0.335356 , 0.069 , 335.356 , 335.760356
0.335588 , 0.1 , 335.588 , 336.023588
0.335862 , 0.063 , 335.862 , 336.260862
0.337094 , 0.079 , 336.094 , 336.510094
0.336296 , 0.062 , 336.296 , 336.694296
0.336496 , 0.062 , 336.496 , 336.894496
0.336696 , 0.063 , 336.696 , 337.095696
0.336896 , 0.063 , 336.896 , 337.295896
0.337096 , 0.063 , 337.096 , 337.496096
0.337296 , 0.063 , 337.296 , 337.696296
0.337496 , 0.063 , 337.496 , 337.896496
0.33768 , 0.062 , 337.68 , 338.07968
0.337896 , 0.062 , 337.896 , 338.295896
0.338064 , 0.079 , 338.064 , 338.481064
0.338264 , 0.078 , 338.264 , 338.680264
0.338464 , 0.078 , 338.464 , 338.880464
0.338664 , 0.079 , 338.664 , 339.081664
0.338896 , 0.063 , 338.896 , 339.297896
0.339064 , 0.079 , 339.064 , 339.482064
0.339264 , 0.078 , 339.264 , 339.681264
0.354464 , 0.063 , 339.464 , 339.881464
0.339696 , 0.1 , 339.696 , 340.135696
0.339958 , 0.069 , 339.958 , 340.366958
0.34019 , 0.084 , 340.19 , 340.61419
0.34042 , 0.069 , 340.42 , 340.82942
0.34062 , 0.069 , 340.62 , 341.02962
0.34082 , 0.069 , 340.82 , 341.22982
0.341022 , 0.069 , 341.022 , 341.432022
0.341222 , 0.068 , 341.222 , 341.631222
0.341422 , 0.069 , 341.422 , 341.832422
0.341624 , 0.067 , 341.624 , 342.032624
0.341822 , 0.053 , 341.822 , 342.216822
0.342006 , 0.053 , 342.006 , 342.401006
0.342192 , 0.068 , 342.192 , 342.602192
0.34239 , 0.07 , 342.39 , 342.80239
0.342592 , 0.068 , 342.592 , 343.002592
0.342792 , 0.069 , 342.792 , 343.203792
0.342992 , 0.069 , 342.992 , 343.403992
0.343192 , 0.069 , 343.192 , 343.604192
0.343362 , 0.069 , 343.362 , 343.774362
0.343562 , 0.069 , 343.562 , 343.974562
0.343762 , 0.069 , 343.762 , 344.174762
0.343962 , 0.069 , 343.962 , 344.374962
0.344162 , 0.069 , 344.162 , 344.575162
0.344332 , 0.068 , 344.332 , 344.744332
0.344532 , 0.068 , 344.532 , 344.944532
0.34473 , 0.069 , 344.73 , 345.14373
0.34493 , 0.069 , 344.93 , 345.34393
0.34513 , 0.068 , 345.13 , 345.54313
0.3453 , 0.08 , 345.3 , 345.7253
0.345502 , 0.062 , 345.502 , 345.909502
0.345702 , 0.062 , 345.702 , 346.109702
0.345902 , 0.062 , 345.902 , 346.309902
0.34607 , 0.078 , 346.07 , 346.49407
0.34627 , 0.078 , 346.27 , 346.69427
0.34647 , 0.078 , 346.47 , 346.89447
0.34667 , 0.063 , 346.67 , 347.07967
0.34687 , 0.062 , 346.87 , 347.27887
0.34707 , 0.065 , 347.07 , 347.48207
0.347264 , 0.065 , 347.264 , 347.676264
0.347458 , 0.053 , 347.458 , 347.858458
0.347626 , 0.069 , 347.626 , 348.042626
0.347826 , 0.069 , 347.826 , 348.242826
0.348026 , 0.069 , 348.026 , 348.443026
0.348211 , 0.053 , 348.211 , 348.612211
0.348396 , 0.068 , 348.396 , 348.812396
0.348596 , 0.069 , 348.596 , 349.013596
0.348796 , 0.069 , 348.796 , 349.213796
0.348996 , 0.069 , 348.996 , 349.413996
0.349198 , 0.053 , 349.198 , 349.600198
0.349366 , 0.069 , 349.366 , 349.784366
0.349566 , 0.069 , 349.566 , 349.984566
0.349766 , 0.069 , 349.766 , 350.184766
0.349966 , 0.053 , 349.966 , 350.368966
0.350136 , 0.069 , 350.136 , 350.555136
0.350336 , 0.069 , 350.336 , 350.755336
0.350536 , 0.069 , 350.536 , 350.955536
0.351736 , 0.066 , 350.736 , 351.153736
0.350904 , 0.079 , 350.904 , 351.333904
0.351106 , 0.062 , 351.106 , 351.519106
0.351304 , 0.063 , 351.304 , 351.718304
0.351504 , 0.064 , 351.504 , 351.919504
0.351672 , 0.063 , 351.672 , 352.086672
0.351874 , 0.062 , 351.874 , 352.287874
0.352074 , 0.063 , 352.074 , 352.489074
0.352274 , 0.063 , 352.274 , 352.689274
0.352474 , 0.063 , 352.474 , 352.889474
0.352669 , 0.049 , 352.669 , 353.070669
0.35283 , 0.069 , 352.83 , 353.25183
0.35303 , 0.07 , 353.03 , 353.45303
0.353232 , 0.068 , 353.232 , 353.653232
0.353432 , 0.053 , 353.432 , 353.838432
0.3536 , 0.069 , 353.6 , 354.0226
0.3538 , 0.07 , 353.8 , 354.2238
0.354002 , 0.053 , 354.002 , 354.409002
0.35417 , 0.07 , 354.17 , 354.59417
0.354372 , 0.069 , 354.372 , 354.795372
0.354572 , 0.068 , 354.572 , 354.994572
0.354772 , 0.053 , 354.772 , 355.179772
0.354942 , 0.068 , 354.942 , 355.364942
0.355142 , 0.068 , 355.142 , 355.565142
0.356342 , 0.064 , 355.342 , 355.762342
0.35551 , 0.063 , 355.51 , 355.92851
0.35571 , 0.063 , 355.71 , 356.12871
0.355878 , 0.078 , 355.878 , 356.311878
0.356078 , 0.063 , 356.078 , 356.497078
0.35628 , 0.062 , 356.28 , 356.69828
0.35648 , 0.063 , 356.48 , 356.89948
0.356676 , 0.064 , 356.676 , 357.096676
0.356869 , 0.052 , 356.869 , 357.277869
0.357036 , 0.069 , 357.036 , 357.462036
0.357238 , 0.053 , 357.238 , 357.648238
0.357406 , 0.069 , 357.406 , 357.832406
0.357606 , 0.069 , 357.606 , 358.032606
0.357806 , 0.054 , 357.806 , 358.217806
0.357976 , 0.053 , 357.976 , 358.386976
0.358176 , 0.069 , 358.176 , 358.603176
0.358378 , 0.068 , 358.378 , 358.804378
0.358576 , 0.053 , 358.576 , 358.987576
0.358746 , 0.069 , 358.746 , 359.173746
0.358946 , 0.069 , 358.946 , 359.373946
0.359146 , 0.063 , 359.146 , 359.568146
0.359314 , 0.063 , 359.314 , 359.736314
0.359516 , 0.062 , 359.516 , 359.937516
0.359684 , 0.062 , 359.684 , 360.105684
0.359884 , 0.062 , 359.884 , 360.305884
0.360082 , 0.062 , 360.082 , 360.504082
0.360274 , 0.051 , 360.274 , 360.685274
0.36044 , 0.069 , 360.44 , 360.86944
0.36064 , 0.054 , 360.64 , 361.05464
0.36081 , 0.068 , 360.81 , 361.23881
0.36101 , 0.069 , 361.01 , 361.44001
0.36121 , 0.054 , 361.21 , 361.62521
0.36138 , 0.069 , 361.38 , 361.81038
0.36158 , 0.053 , 361.58 , 361.99458
0.36175 , 0.069 , 361.75 , 362.18075
0.36195 , 0.069 , 361.95 , 362.38095
0.36215 , 0.066 , 362.15 , 362.57815
0.36232 , 0.062 , 362.32 , 362.74432
0.36252 , 0.063 , 362.52 , 362.94552
0.36269 , 0.062 , 362.69 , 363.11469
0.36289 , 0.062 , 362.89 , 363.31489
0.36309 , 0.063 , 363.09 , 363.51609
0.363288 , 0.047 , 363.288 , 363.698288
0.363446 , 0.068 , 363.446 , 363.877446
0.363644 , 0.07 , 363.644 , 364.077644
0.363846 , 0.053 , 363.846 , 364.262846
0.364014 , 0.069 , 364.014 , 364.447014
0.364216 , 0.053 , 364.216 , 364.633216
0.364384 , 0.069 , 364.384 , 364.817384
0.364586 , 0.068 , 364.586 , 365.018586
0.364769 , 0.054 , 364.769 , 365.187769
0.364954 , 0.069 , 364.954 , 365.387954
0.365154 , 0.067 , 365.154 , 365.586154
0.365322 , 0.063 , 365.322 , 365.750322
0.365524 , 0.062 , 365.524 , 365.951524
0.365692 , 0.062 , 365.692 , 366.119692
0.36589 , 0.063 , 365.89 , 366.31889
0.366082 , 0.051 , 366.082 , 366.499082
0.366248 , 0.069 , 366.248 , 366.683248
0.366448 , 0.053 , 366.448 , 366.867448
0.366618 , 0.068 , 366.618 , 367.052618
0.366816 , 0.054 , 366.816 , 367.236816
0.366986 , 0.069 , 366.986 , 367.421986
0.367186 , 0.069 , 367.186 , 367.622186
0.367386 , 0.053 , 367.386 , 367.806386
0.367554 , 0.069 , 367.554 , 367.990554
0.368754 , 0.064 , 367.754 , 368.186754
0.367924 , 0.062 , 367.924 , 368.353924
0.368122 , 0.047 , 368.122 , 368.537122
0.368292 , 0.062 , 368.292 , 368.722292
0.368492 , 0.063 , 368.492 , 368.923492
0.368682 , 0.052 , 368.682 , 369.102682
0.368848 , 0.069 , 368.848 , 369.285848
0.369016 , 0.069 , 369.016 , 369.454016
0.369216 , 0.07 , 369.216 , 369.655216
0.369418 , 0.053 , 369.418 , 369.840418
0.369586 , 0.069 , 369.586 , 370.024586
0.385786 , 0.053 , 369.786 , 370.224786
0.369954 , 0.053 , 369.954 , 370.376954
0.370156 , 0.068 , 370.156 , 370.594156
0.385324 , 0.063 , 370.324 , 370.772324
0.370524 , 0.063 , 370.524 , 370.957524
0.370724 , 0.063 , 370.724 , 371.157724
0.370894 , 0.062 , 370.894 , 371.326894
0.371094 , 0.063 , 371.094 , 371.528094
0.371288 , 0.05 , 371.288 , 371.709288
0.371452 , 0.071 , 371.452 , 371.894452
0.371632 , 0.063 , 371.632 , 372.066632
0.37182 , 0.069 , 371.82 , 372.26082
0.372022 , 0.053 , 372.022 , 372.447022
0.37219 , 0.069 , 372.19 , 372.63119
0.37239 , 0.054 , 372.39 , 372.81639
0.37256 , 0.069 , 372.56 , 373.00156
0.37276 , 0.064 , 372.76 , 373.19676
0.37293 , 0.062 , 372.93 , 373.36493
0.37313 , 0.062 , 373.13 , 373.56513
0.373298 , 0.063 , 373.298 , 373.734298
0.373498 , 0.063 , 373.498 , 373.934498
0.373688 , 0.052 , 373.688 , 374.113688
0.373854 , 0.069 , 373.854 , 374.296854
0.374054 , 0.053 , 374.054 , 374.481054
0.374222 , 0.069 , 374.222 , 374.665222
0.374422 , 0.054 , 374.422 , 374.850422
0.374592 , 0.069 , 374.592 , 375.035592
0.374792 , 0.054 , 374.792 , 375.220792
0.374962 , 0.068 , 374.962 , 375.404962
0.37516 , 0.068 , 375.16 , 375.60316
0.37533 , 0.062 , 375.33 , 375.76733
0.37553 , 0.062 , 375.53 , 375.96753
0.375698 , 0.063 , 375.698 , 376.136698
0.375898 , 0.063 , 375.898 , 376.336898
0.376092 , 0.051 , 376.092 , 376.519092
0.376256 , 0.068 , 376.256 , 376.700256
0.376456 , 0.055 , 376.456 , 376.887456
0.376628 , 0.067 , 376.628 , 377.071628
0.376826 , 0.068 , 376.826 , 377.270826
0.377026 , 0.053 , 377.026 , 377.456026
0.377194 , 0.069 , 377.194 , 377.640194
0.377394 , 0.054 , 377.394 , 377.825394
0.377564 , 0.069 , 377.564 , 378.010564
0.377764 , 0.047 , 377.764 , 378.188764
0.377934 , 0.062 , 377.934 , 378.373934
0.378102 , 0.063 , 378.102 , 378.543102
0.378302 , 0.063 , 378.302 , 378.743302
0.378502 , 0.063 , 378.502 , 378.943502
0.378693 , 0.051 , 378.693 , 379.122693
0.37886 , 0.053 , 378.86 , 379.29186
0.379028 , 0.053 , 379.028 , 379.460028
0.394228 , 0.054 , 379.228 , 379.676228
0.379398 , 0.069 , 379.398 , 379.846398
0.379598 , 0.053 , 379.598 , 380.030598
0.379766 , 0.069 , 379.766 , 380.214766
0.380966 , 0.066 , 379.966 , 380.412966
0.380134 , 0.063 , 380.134 , 380.577134
0.380334 , 0.063 , 380.334 , 380.777334
0.380504 , 0.063 , 380.504 , 380.947504
0.396704 , 0.047 , 380.704 , 381.147704
0.38086 , 0.069 , 380.86 , 381.30986
0.38106 , 0.069 , 381.06 , 381.51006
0.38126 , 0.053 , 381.26 , 381.69426
0.396428 , 0.054 , 381.428 , 381.878428
0.381632 , 0.052 , 381.632 , 382.065632
0.381798 , 0.069 , 381.798 , 382.248798
0.381998 , 0.053 , 381.998 , 382.432998
0.382168 , 0.069 , 382.168 , 382.619168
0.382368 , 0.064 , 382.368 , 382.814368
0.382568 , 0.084 , 382.568 , 383.034568
0.382798 , 0.069 , 382.798 , 383.249798
0.382998 , 0.054 , 382.998 , 383.434998
0.383168 , 0.068 , 383.168 , 383.619168
0.383336 , 0.063 , 383.336 , 383.782336
0.383538 , 0.062 , 383.538 , 383.983538
0.38372 , 0.047 , 383.72 , 384.15072
0.383906 , 0.063 , 383.906 , 384.352906
0.384103 , 0.048 , 384.103 , 384.535103
0.384262 , 0.069 , 384.262 , 384.715262
0.384462 , 0.054 , 384.462 , 384.900462
0.384632 , 0.069 , 384.632 , 385.085632
0.384832 , 0.053 , 384.832 , 385.269832
0.385002 , 0.069 , 385.002 , 385.456002
0.385202 , 0.068 , 385.202 , 385.655202
0.3854 , 0.054 , 385.4 , 385.8394
0.38557 , 0.069 , 385.57 , 386.02457
0.38677 , 0.067 , 385.77 , 386.22377
0.38594 , 0.062 , 385.94 , 386.38794
0.38614 , 0.063 , 386.14 , 386.58914
0.38634 , 0.063 , 386.34 , 386.78934
0.386508 , 0.063 , 386.508 , 386.957508
0.38671 , 0.062 , 386.71 , 387.15871
0.386908 , 0.063 , 386.908 , 387.357908
0.387104 , 0.064 , 387.104 , 387.555104
0.387298 , 0.051 , 387.298 , 387.736298
0.387466 , 0.068 , 387.466 , 387.921466
0.403664 , 0.069 , 387.664 , 388.136664
0.387896 , 0.068 , 387.896 , 388.351896
0.388106 , 0.063 , 388.106 , 388.557106
0.38831 , 0.078 , 388.31 , 388.77631
0.38954 , 0.082 , 388.54 , 389.01154
0.38874 , 0.084 , 388.74 , 389.21274
0.389002 , 0.084 , 389.002 , 389.475002
0.389234 , 0.084 , 389.234 , 389.707234
0.389466 , 0.084 , 389.466 , 389.939466
0.390708 , 0.098 , 389.708 , 390.196708
0.38994 , 0.101 , 389.94 , 390.43094
0.390204 , 0.1 , 390.204 , 390.694204
0.390434 , 0.084 , 390.434 , 390.908434
0.3907 , 0.082 , 390.7 , 391.1727
0.39091 , 0.1 , 390.91 , 391.40091
0.391172 , 0.085 , 391.172 , 391.648172
0.391404 , 0.084 , 391.404 , 391.879404
0.391638 , 0.083 , 391.638 , 392.112638
0.391866 , 0.085 , 391.866 , 392.342866
0.39211 , 0.078 , 392.11 , 392.58011
0.392344 , 0.084 , 392.344 , 392.820344
0.392576 , 0.084 , 392.576 , 393.052576
0.392808 , 0.084 , 392.808 , 393.284808
0.393038 , 0.084 , 393.038 , 393.515038
0.393268 , 0.085 , 393.268 , 393.746268
0.408502 , 0.069 , 393.502 , 393.979502
0.393714 , 0.078 , 393.714 , 394.185714
0.393946 , 0.085 , 393.946 , 394.424946
0.394178 , 0.084 , 394.178 , 394.656178
0.39441 , 0.084 , 394.41 , 394.88841
0.39464 , 0.084 , 394.64 , 395.11864
0.394872 , 0.084 , 394.872 , 395.350872
0.395108 , 0.081 , 395.108 , 395.584108
0.395316 , 0.1 , 395.316 , 395.811316
0.39558 , 0.084 , 395.58 , 396.05958
0.39581 , 0.084 , 395.81 , 396.28981
0.396042 , 0.084 , 396.042 , 396.522042
0.396272 , 0.085 , 396.272 , 396.753272
0.396518 , 0.078 , 396.518 , 396.992518
0.39675 , 0.084 , 396.75 , 397.23075
0.396982 , 0.084 , 396.982 , 397.462982
0.397214 , 0.084 , 397.214 , 397.695214
0.397444 , 0.084 , 397.444 , 397.925444
0.397714 , 0.08 , 397.714 , 398.191714
0.397952 , 0.084 , 397.952 , 398.433952
0.398184 , 0.084 , 398.184 , 398.666184
0.398416 , 0.084 , 398.416 , 398.898416
0.398646 , 0.084 , 398.646 , 399.128646
0.398878 , 0.084 , 398.878 , 399.360878
0.39912 , 0.079 , 399.12 , 399.59812
0.399352 , 0.085 , 399.352 , 399.836352
0.399584 , 0.085 , 399.584 , 400.068584
0.399816 , 0.1 , 399.816 , 400.315816
0.400046 , 0.085 , 400.046 , 400.531046
0.40031 , 0.084 , 400.31 , 400.79431
0.400522 , 0.099 , 400.522 , 401.021522
0.416754 , 0.084 , 400.754 , 401.254754
0.400984 , 0.085 , 400.984 , 401.469984
0.401216 , 0.085 , 401.216 , 401.702216
0.401448 , 0.086 , 401.448 , 401.935448
0.401682 , 0.083 , 401.682 , 402.166682
0.401924 , 0.078 , 401.924 , 402.403924
0.402156 , 0.085 , 402.156 , 402.643156
0.402388 , 0.084 , 402.388 , 402.874388
0.402618 , 0.085 , 402.618 , 403.105618
0.40285 , 0.085 , 402.85 , 403.33785
0.403082 , 0.068 , 403.082 , 403.553082
0.403282 , 0.084 , 403.282 , 403.769282
0.403526 , 0.078 , 403.526 , 404.007526
0.403758 , 0.084 , 403.758 , 404.245758
0.40399 , 0.083 , 403.99 , 404.47699
0.40422 , 0.069 , 404.22 , 404.69322
0.40442 , 0.085 , 404.42 , 404.90942
0.404652 , 0.085 , 404.652 , 405.141652
0.404884 , 0.084 , 404.884 , 405.372884
0.405128 , 0.078 , 405.128 , 405.611128
0.405328 , 0.078 , 405.328 , 405.811328
0.40556 , 0.085 , 405.56 , 406.05056
0.405792 , 0.084 , 405.792 , 406.281792
0.406024 , 0.084 , 406.024 , 406.514024
0.406256 , 0.084 , 406.256 , 406.746256
0.406486 , 0.069 , 406.486 , 406.961486
0.406686 , 0.085 , 406.686 , 407.177686
0.406932 , 0.078 , 406.932 , 407.416932
0.407162 , 0.084 , 407.162 , 407.653162
0.407362 , 0.085 , 407.362 , 407.854362
0.407594 , 0.085 , 407.594 , 408.086594
0.407826 , 0.084 , 407.826 , 408.317826
0.408056 , 0.085 , 408.056 , 408.549056
0.40829 , 0.084 , 408.29 , 408.78229
0.408524 , 0.067 , 408.524 , 408.999524
0.408734 , 0.079 , 408.734 , 409.221734
0.408966 , 0.084 , 408.966 , 409.458966
0.409166 , 0.068 , 409.166 , 409.643166
0.409398 , 0.084 , 409.398 , 409.891398
0.409628 , 0.084 , 409.628 , 410.121628
0.40986 , 0.069 , 409.86 , 410.33886
0.41006 , 0.085 , 410.06 , 410.55506
0.410292 , 0.085 , 410.292 , 410.787292
0.410529 , 0.066 , 410.529 , 411.005529
0.410736 , 0.079 , 410.736 , 411.225736
0.410968 , 0.085 , 410.968 , 411.463968
0.41117 , 0.069 , 411.17 , 411.65017
0.411402 , 0.084 , 411.402 , 411.897402
0.411636 , 0.083 , 411.636 , 412.130636
0.411849 , 0.069 , 411.849 , 412.329849
0.412064 , 0.085 , 412.064 , 412.561064
0.412296 , 0.085 , 412.296 , 412.793296
0.412532 , 0.067 , 412.532 , 413.011532
0.412742 , 0.078 , 412.742 , 413.232742
0.412972 , 0.081 , 412.972 , 413.465972
0.413174 , 0.084 , 413.174 , 413.671174
0.413404 , 0.084 , 413.404 , 413.901404
0.413636 , 0.069 , 413.636 , 414.118636
0.413836 , 0.084 , 413.836 , 414.333836
0.414066 , 0.07 , 414.066 , 414.550066
0.414268 , 0.084 , 414.268 , 414.766268
0.4145 , 0.084 , 414.5 , 414.9985
0.414736 , 0.067 , 414.736 , 415.217736
0.414946 , 0.078 , 414.946 , 415.438946
0.415176 , 0.079 , 415.176 , 415.670176
0.415376 , 0.084 , 415.376 , 415.875376
0.415608 , 0.084 , 415.608 , 416.107608
0.415808 , 0.069 , 415.808 , 416.292808
0.41604 , 0.084 , 416.04 , 416.54004
0.41627 , 0.085 , 416.27 , 416.77127
0.416502 , 0.068 , 416.502 , 416.986502
0.416702 , 0.084 , 416.702 , 417.202702
0.416946 , 0.078 , 416.946 , 417.440946
0.417146 , 0.078 , 417.146 , 417.641146
0.417378 , 0.084 , 417.378 , 417.879378
0.41761 , 0.084 , 417.61 , 418.11161
0.41784 , 0.084 , 417.84 , 418.34184
0.418072 , 0.084 , 418.072 , 418.574072
0.418302 , 0.069 , 418.302 , 418.789302
0.433502 , 0.085 , 418.502 , 419.020502
0.418746 , 0.079 , 418.746 , 419.243746
0.418978 , 0.084 , 418.978 , 419.480978
0.41921 , 0.084 , 419.21 , 419.71321
0.419442 , 0.084 , 419.442 , 419.945442
0.419672 , 0.085 , 419.672 , 420.176672
0.419904 , 0.085 , 419.904 , 420.408904
0.420142 , 0.08 , 420.142 , 420.642142
0.420348 , 0.095 , 420.348 , 420.863348
0.42058 , 0.085 , 420.58 , 421.08558
0.420812 , 0.084 , 420.812 , 421.316812
0.421042 , 0.084 , 421.042 , 421.547042
0.421274 , 0.085 , 421.274 , 421.780274
0.436506 , 0.07 , 421.506 , 422.012506
0.437738 , 0.067 , 421.738 , 422.242738
0.421948 , 0.079 , 421.948 , 422.448948
0.422182 , 0.084 , 422.182 , 422.688182
0.422412 , 0.085 , 422.412 , 422.919412
0.422644 , 0.084 , 422.644 , 423.150644
0.422874 , 0.085 , 422.874 , 423.381874
0.423106 , 0.085 , 423.106 , 423.614106
0.42334 , 0.067 , 423.34 , 423.83034
0.423552 , 0.078 , 423.552 , 424.053552
0.423768 , 0.081 , 423.768 , 424.272768
0.423984 , 0.085 , 423.984 , 424.492984
0.424216 , 0.085 , 424.216 , 424.725216
0.424448 , 0.085 , 424.448 , 424.957448
0.42468 , 0.069 , 424.68 , 425.17368
0.42488 , 0.084 , 424.88 , 425.38888
0.42511 , 0.085 , 425.11 , 425.62011
0.42535 , 0.081 , 425.35 , 425.85635
0.425556 , 0.078 , 425.556 , 426.059556
0.425788 , 0.084 , 425.788 , 426.297788
0.42602 , 0.068 , 426.02 , 426.51402
0.426218 , 0.085 , 426.218 , 426.729218
0.42645 , 0.086 , 426.45 , 426.96245
0.426684 , 0.067 , 426.684 , 427.177684
0.42688 , 0.085 , 426.88 , 427.39188
0.427112 , 0.085 , 427.112 , 427.624112
0.427356 , 0.078 , 427.356 , 427.861356
0.427556 , 0.078 , 427.556 , 428.061556
0.427788 , 0.084 , 427.788 , 428.299788
0.42802 , 0.068 , 428.02 , 428.51602
0.42822 , 0.084 , 428.22 , 428.73222
0.42845 , 0.084 , 428.45 , 428.96245
0.428682 , 0.069 , 428.682 , 429.179682
0.428882 , 0.088 , 428.882 , 429.398882
0.42912 , 0.081 , 429.12 , 429.63012
0.429345 , 0.068 , 429.345 , 429.842345
0.429556 , 0.079 , 429.556 , 430.064556
0.430788 , 0.083 , 429.788 , 430.301788
0.429988 , 0.084 , 429.988 , 430.501988
0.43022 , 0.084 , 430.22 , 430.73422
0.43045 , 0.069 , 430.45 , 430.94945
0.430652 , 0.084 , 430.652 , 431.166652
0.430882 , 0.084 , 430.882 , 431.396882
0.431114 , 0.069 , 431.114 , 431.614114
0.431314 , 0.085 , 431.314 , 431.830314
0.431552 , 0.07 , 431.552 , 432.053552
0.43176 , 0.078 , 431.76 , 432.26976
0.43196 , 0.095 , 431.96 , 432.48696
0.43219 , 0.085 , 432.19 , 432.70719
0.432422 , 0.084 , 432.422 , 432.938422
0.432654 , 0.069 , 432.654 , 433.155654
0.432854 , 0.084 , 432.854 , 433.370854
0.433084 , 0.085 , 433.084 , 433.602084
0.433316 , 0.084 , 433.316 , 433.833316
0.433546 , 0.068 , 433.546 , 434.047546
0.43376 , 0.078 , 433.76 , 434.27176
0.43396 , 0.078 , 433.96 , 434.47196
0.434192 , 0.084 , 434.192 , 434.710192
0.434424 , 0.068 , 434.424 , 434.926424
0.434624 , 0.068 , 434.624 , 435.126624
0.434822 , 0.085 , 434.822 , 435.341822
0.435054 , 0.069 , 435.054 , 435.558054
0.435254 , 0.069 , 435.254 , 435.758254
0.435454 , 0.085 , 435.454 , 435.974454
0.435686 , 0.069 , 435.686 , 436.190686
0.435886 , 0.069 , 435.886 , 436.390886
0.436086 , 0.085 , 436.086 , 436.607086
0.436318 , 0.069 , 436.318 , 436.823318
0.43652 , 0.084 , 436.52 , 437.04052
0.436758 , 0.065 , 436.758 , 437.259758
0.436964 , 0.078 , 436.964 , 437.478964
0.438196 , 0.083 , 437.196 , 437.717196
0.437396 , 0.084 , 437.396 , 437.917396
0.437626 , 0.085 , 437.626 , 438.148626
0.437858 , 0.069 , 437.858 , 438.364858
0.438058 , 0.084 , 438.058 , 438.580058
0.43829 , 0.069 , 438.29 , 438.79729
0.43849 , 0.084 , 438.49 , 439.01249
0.45472 , 0.069 , 438.72 , 439.24372
0.438954 , 0.068 , 438.954 , 439.460954
0.439166 , 0.078 , 439.166 , 439.683166
0.439366 , 0.078 , 439.366 , 439.883366
0.440596 , 0.083 , 439.596 , 440.119596
0.439796 , 0.084 , 439.796 , 440.319796
0.440028 , 0.069 , 440.028 , 440.537028
0.440228 , 0.084 , 440.228 , 440.752228
0.44046 , 0.068 , 440.46 , 440.96846
0.44069 , 0.069 , 440.69 , 441.19969
0.44089 , 0.085 , 440.89 , 441.41589
0.441122 , 0.069 , 441.122 , 441.632122
0.441322 , 0.085 , 441.322 , 441.848322
0.441564 , 0.065 , 441.564 , 442.070564
0.441766 , 0.078 , 441.766 , 442.285766
0.441966 , 0.079 , 441.966 , 442.486966
0.442198 , 0.085 , 442.198 , 442.725198
0.44243 , 0.069 , 442.43 , 442.94143
0.44263 , 0.085 , 442.63 , 443.15763
0.442862 , 0.069 , 442.862 , 443.373862
0.443064 , 0.084 , 443.064 , 443.591064
0.443294 , 0.069 , 443.294 , 443.806294
0.443494 , 0.085 , 443.494 , 444.022494
0.443726 , 0.069 , 443.726 , 444.238726
0.443958 , 0.069 , 443.958 , 444.470958
0.44417 , 0.063 , 444.17 , 444.67717
0.44437 , 0.079 , 444.37 , 444.89337
0.444602 , 0.063 , 444.602 , 445.109602
0.444804 , 0.081 , 444.804 , 445.329804
0.445004 , 0.083 , 445.004 , 445.532004
0.445234 , 0.069 , 445.234 , 445.748234
0.445434 , 0.085 , 445.434 , 445.964434
0.445666 , 0.069 , 445.666 , 446.180666
0.445868 , 0.069 , 445.868 , 446.382868
0.446068 , 0.084 , 446.068 , 446.598068
0.446298 , 0.069 , 446.298 , 446.813298
0.446498 , 0.085 , 446.498 , 447.029498
0.44673 , 0.069 , 446.73 , 447.24573
0.44693 , 0.069 , 446.93 , 447.44593
0.44713 , 0.085 , 447.13 , 447.66213
0.447365 , 0.067 , 447.365 , 447.879365
0.447574 , 0.063 , 447.574 , 448.084574
0.447776 , 0.062 , 447.776 , 448.285776
0.447976 , 0.063 , 447.976 , 448.486976
0.448178 , 0.078 , 448.178 , 448.704178
0.448376 , 0.079 , 448.376 , 448.903376
0.448608 , 0.062 , 448.608 , 449.118608
0.448808 , 0.063 , 448.808 , 449.319808
0.449008 , 0.082 , 449.008 , 449.539008
0.449208 , 0.084 , 449.208 , 449.741208
0.44944 , 0.069 , 449.44 , 449.95844
0.44964 , 0.069 , 449.64 , 450.15864
0.44984 , 0.084 , 449.84 , 450.37384
0.45007 , 0.069 , 450.07 , 450.58907
0.45027 , 0.069 , 450.27 , 450.78927
0.45047 , 0.069 , 450.47 , 450.98947
0.450672 , 0.084 , 450.672 , 451.206672
0.450902 , 0.07 , 450.902 , 451.422902
0.451104 , 0.068 , 451.104 , 451.623104
0.451304 , 0.069 , 451.304 , 451.824304
0.451504 , 0.07 , 451.504 , 452.025504
0.451706 , 0.084 , 451.706 , 452.241706
0.451936 , 0.068 , 451.936 , 452.455936
0.452136 , 0.069 , 452.136 , 452.657136
0.452336 , 0.069 , 452.336 , 452.857336
0.452536 , 0.085 , 452.536 , 453.073536
0.452772 , 0.067 , 452.772 , 453.291772
0.452974 , 0.065 , 452.974 , 453.491974
0.453179 , 0.063 , 453.179 , 453.695179
0.453382 , 0.062 , 453.382 , 453.897382
0.453582 , 0.078 , 453.582 , 454.113582
0.453782 , 0.078 , 453.782 , 454.313782
0.453982 , 0.063 , 453.982 , 454.498982
0.454214 , 0.063 , 454.214 , 454.731214
0.454414 , 0.079 , 454.414 , 454.947414
0.454614 , 0.081 , 454.614 , 455.149614
0.454814 , 0.083 , 454.814 , 455.351814
0.455014 , 0.085 , 455.014 , 455.554014
0.455246 , 0.068 , 455.246 , 455.769246
0.455446 , 0.068 , 455.446 , 455.969446
0.455646 , 0.069 , 455.646 , 456.170646
0.455846 , 0.069 , 455.846 , 456.370846
0.471046 , 0.069 , 456.046 , 456.586046
0.456278 , 0.068 , 456.278 , 456.802278
0.456478 , 0.069 , 456.478 , 457.003478
0.456678 , 0.069 , 456.678 , 457.203678
0.456878 , 0.069 , 456.878 , 457.403878
0.473078 , 0.069 , 457.078 , 457.620078
0.45728 , 0.084 , 457.28 , 457.82128
0.457512 , 0.069 , 457.512 , 458.038512
0.457712 , 0.068 , 457.712 , 458.237712
0.45791 , 0.07 , 457.91 , 458.43791
0.458112 , 0.069 , 458.112 , 458.639112
0.458312 , 0.069 , 458.312 , 458.839312
0.458512 , 0.084 , 458.512 , 459.054512
0.458712 , 0.084 , 458.712 , 459.254712
0.458944 , 0.068 , 458.944 , 459.470944
0.459144 , 0.069 , 459.144 , 459.672144
0.459344 , 0.069 , 459.344 , 459.872344
0.459544 , 0.069 , 459.544 , 460.072544
0.459744 , 0.069 , 459.744 , 460.272744
0.459944 , 0.07 , 459.944 , 460.473944
0.460146 , 0.069 , 460.146 , 460.675146
0.460346 , 0.069 , 460.346 , 460.875346
0.460546 , 0.084 , 460.546 , 461.090546
0.460784 , 0.065 , 460.784 , 461.309784
0.46099 , 0.063 , 460.99 , 461.51399
0.46119 , 0.062 , 461.19 , 461.71319
0.46139 , 0.063 , 461.39 , 461.91439
0.46159 , 0.064 , 461.59 , 462.11559
0.46179 , 0.063 , 461.79 , 462.31479
0.46199 , 0.063 , 461.99 , 462.51499
0.46219 , 0.063 , 462.19 , 462.71519
0.46239 , 0.063 , 462.39 , 462.91539
0.46259 , 0.063 , 462.59 , 463.11559
0.462792 , 0.062 , 462.792 , 463.316792
0.46299 , 0.063 , 462.99 , 463.51599
0.463192 , 0.062 , 463.192 , 463.717192
0.463392 , 0.063 , 463.392 , 463.918392
0.463592 , 0.063 , 463.592 , 464.118592
0.463792 , 0.063 , 463.792 , 464.318792
0.463992 , 0.063 , 463.992 , 464.518992
0.464194 , 0.062 , 464.194 , 464.720194
0.464394 , 0.063 , 464.394 , 464.921394
0.464594 , 0.062 , 464.594 , 465.120594
0.464794 , 0.062 , 464.794 , 465.320794
0.464992 , 0.063 , 464.992 , 465.519992
0.465194 , 0.063 , 465.194 , 465.722194
0.465394 , 0.063 , 465.394 , 465.922394
0.465596 , 0.078 , 465.596 , 466.139596
0.465794 , 0.079 , 465.794 , 466.338794
0.465996 , 0.078 , 465.996 , 466.539996
0.466196 , 0.079 , 466.196 , 466.741196
0.466396 , 0.078 , 466.396 , 466.940396
0.466596 , 0.078 , 466.596 , 467.140596
0.466796 , 0.078 , 466.796 , 467.340796
0.466996 , 0.079 , 466.996 , 467.541996
0.467196 , 0.078 , 467.196 , 467.741196
0.467396 , 0.078 , 467.396 , 467.941396
0.467596 , 0.078 , 467.596 , 468.141596
0.467796 , 0.078 , 467.796 , 468.341796
0.467996 , 0.078 , 467.996 , 468.541996
0.468196 , 0.078 , 468.196 , 468.742196
0.468394 , 0.063 , 468.394 , 468.925394
0.468626 , 0.063 , 468.626 , 469.157626
0.468826 , 0.063 , 468.826 , 469.357826
0.46903 , 0.065 , 469.03 , 469.56403
0.469226 , 0.063 , 469.226 , 469.758226
0.469426 , 0.063 , 469.426 , 469.958426
0.469626 , 0.063 , 469.626 , 470.158626
0.469828 , 0.062 , 469.828 , 470.359828
0.470028 , 0.062 , 470.028 , 470.560028
0.470226 , 0.08 , 470.226 , 470.776226
0.471426 , 0.08 , 470.426 , 470.977426
0.470626 , 0.081 , 470.626 , 471.177626
0.471826 , 0.082 , 470.826 , 471.379826
0.471026 , 0.079 , 471.026 , 471.576026
0.471226 , 0.079 , 471.226 , 471.776226
0.471426 , 0.063 , 471.426 , 471.960426
0.471628 , 0.062 , 471.628 , 472.161628
0.471828 , 0.062 , 471.828 , 472.361828
0.472028 , 0.063 , 472.028 , 472.563028
0.47223 , 0.062 , 472.23 , 472.76423
0.47243 , 0.062 , 472.43 , 472.96443
0.47263 , 0.062 , 472.63 , 473.16463
0.47283 , 0.062 , 472.83 , 473.36483
0.47303 , 0.062 , 473.03 , 473.56503
0.47323 , 0.062 , 473.23 , 473.76523
0.47343 , 0.062 , 473.43 , 473.96543
0.473628 , 0.063 , 473.628 , 474.164628
0.47383 , 0.062 , 473.83 , 474.36583
0.47403 , 0.062 , 474.03 , 474.56603
0.47423 , 0.062 , 474.23 , 474.76623
0.474428 , 0.063 , 474.428 , 474.965428
0.47463 , 0.062 , 474.63 , 475.16663
0.47483 , 0.062 , 474.83 , 475.36683
0.47503 , 0.062 , 475.03 , 475.56703
0.47523 , 0.062 , 475.23 , 475.76723
0.47543 , 0.062 , 475.43 , 475.96743
0.47563 , 0.062 , 475.63 , 476.16763
0.47583 , 0.062 , 475.83 , 476.36783
0.47603 , 0.062 , 476.03 , 476.56803
0.47623 , 0.062 , 476.23 , 476.76823
0.47643 , 0.062 , 476.43 , 476.96843
0.476598 , 0.079 , 476.598 , 477.153598
0.476798 , 0.078 , 476.798 , 477.352798
0.476998 , 0.062 , 476.998 , 477.536998
0.477228 , 0.063 , 477.228 , 477.768228
0.477428 , 0.063 , 477.428 , 477.968428
0.47763 , 0.062 , 477.63 , 478.16963
0.47783 , 0.063 , 477.83 , 478.37083
0.49403 , 0.062 , 478.03 , 478.58603
0.479228 , 0.081 , 478.228 , 478.788228
0.47943 , 0.083 , 478.43 , 478.99243
0.47863 , 0.069 , 478.63 , 479.17763
0.47886 , 0.069 , 478.86 , 479.40786
0.479062 , 0.068 , 479.062 , 479.609062
0.47926 , 0.069 , 479.26 , 479.80826
0.47946 , 0.069 , 479.46 , 480.00846
0.47966 , 0.069 , 479.66 , 480.20866
0.47986 , 0.069 , 479.86 , 480.40886
0.48006 , 0.069 , 480.06 , 480.60906
0.48026 , 0.069 , 480.26 , 480.80926
0.48046 , 0.085 , 480.46 , 481.02546
0.480692 , 0.069 , 480.692 , 481.241692
0.480892 , 0.069 , 480.892 , 481.441892
0.481092 , 0.069 , 481.092 , 481.642092
0.481292 , 0.084 , 481.292 , 481.857292
0.481522 , 0.069 , 481.522 , 482.072522
0.481722 , 0.069 , 481.722 , 482.272722
0.481922 , 0.069 , 481.922 , 482.472922
0.482122 , 0.084 , 482.122 , 482.688122
0.482352 , 0.069 , 482.352 , 482.903352
0.482522 , 0.084 , 482.522 , 483.088522
0.482752 , 0.069 , 482.752 , 483.303752
0.482952 , 0.07 , 482.952 , 483.504952
0.483154 , 0.084 , 483.154 , 483.721154
0.48339 , 0.066 , 483.39 , 483.93939
0.483598 , 0.063 , 483.598 , 484.144598
0.483798 , 0.079 , 483.798 , 484.360798
0.483998 , 0.078 , 483.998 , 484.559998
0.484198 , 0.078 , 484.198 , 484.760198
0.48443 , 0.062 , 484.43 , 484.97643
0.48463 , 0.081 , 484.63 , 485.19563
0.48483 , 0.084 , 484.83 , 485.39883
0.48506 , 0.069 , 485.06 , 485.61406
0.485262 , 0.068 , 485.262 , 485.815262
0.48546 , 0.085 , 485.46 , 486.03046
0.485692 , 0.069 , 485.692 , 486.246692
0.485892 , 0.069 , 485.892 , 486.446892
0.486094 , 0.069 , 486.094 , 486.649094
0.486294 , 0.084 , 486.294 , 486.864294
0.486526 , 0.068 , 486.526 , 487.080526
0.486724 , 0.07 , 486.724 , 487.280724
0.486926 , 0.068 , 486.926 , 487.480926
0.487126 , 0.084 , 487.126 , 487.697126
Total GPU = 548816.523983999