#Qurey Time, Memory allocation , I/O Time , Total
0 , 0 , 0 , 0
0.02226 , 0.1 , 22.26 , 22.38226
0.022618 , 0.116 , 22.618 , 22.756618
0.023924 , 0.083 , 22.924 , 23.030924
0.023156 , 0.131 , 23.156 , 23.310156
0.023494 , 0.084 , 23.494 , 23.601494
0.023788 , 0.084 , 23.788 , 23.895788
0.02405 , 0.085 , 24.05 , 24.15905
0.024326 , 0.101 , 24.326 , 24.451326
0.02462 , 0.069 , 24.62 , 24.71362
0.024852 , 0.069 , 24.852 , 24.945852
0.025096 , 0.063 , 25.096 , 25.184096
0.025296 , 0.078 , 25.296 , 25.399296
0.025542 , 0.069 , 25.542 , 25.636542
0.02579 , 0.099 , 25.79 , 25.91479
0.026052 , 0.068 , 26.052 , 26.146052
0.026296 , 0.098 , 26.296 , 26.420296
0.026558 , 0.1 , 26.558 , 26.684558
0.026884 , 0.083 , 26.884 , 26.993884
0.02713 , 0.13 , 27.13 , 27.28713
0.027487 , 0.104 , 27.487 , 27.618487
0.02779 , 0.085 , 27.79 , 27.90279
0.028054 , 0.099 , 28.054 , 28.181054
0.028328 , 0.1 , 28.328 , 28.456328
0.028622 , 0.1 , 28.622 , 28.750622
0.028896 , 0.101 , 28.896 , 29.025896
0.02916 , 0.1 , 29.16 , 29.28916
0.029422 , 0.1 , 29.422 , 29.551422
0.029698 , 0.1 , 29.698 , 29.827698
0.029992 , 0.1 , 29.992 , 30.121992
0.03029 , 0.103 , 30.29 , 30.42329
0.030592 , 0.116 , 30.592 , 30.738592
0.0309 , 0.115 , 30.9 , 31.0459
0.031224 , 0.116 , 31.224 , 31.371224
0.03153 , 0.116 , 31.53 , 31.67753
0.031826 , 0.115 , 31.826 , 31.972826
0.03213 , 0.116 , 32.13 , 32.27813
0.032426 , 0.115 , 32.426 , 32.573426
0.032732 , 0.131 , 32.732 , 32.895732
0.033056 , 0.138 , 33.056 , 33.227056
0.034426 , 0.132 , 33.426 , 33.592426
0.033748 , 0.115 , 33.748 , 33.896748
0.034056 , 0.122 , 34.056 , 34.212056
0.034394 , 0.116 , 34.394 , 34.544394
0.034702 , 0.13 , 34.702 , 34.866702
0.035026 , 0.137 , 35.026 , 35.198026
0.035362 , 0.132 , 35.362 , 35.529362
0.035702 , 0.115 , 35.702 , 35.852702
0.035994 , 0.132 , 35.994 , 36.161994
0.036332 , 0.132 , 36.332 , 36.500332
0.036658 , 0.138 , 36.658 , 36.832658
0.036996 , 0.117 , 36.996 , 37.149996
0.037334 , 0.116 , 37.334 , 37.487334
0.03766 , 0.122 , 37.66 , 37.81966
0.037966 , 0.132 , 37.966 , 38.135966
0.038304 , 0.132 , 38.304 , 38.474304
0.03863 , 0.116 , 38.63 , 38.78463
0.038936 , 0.132 , 38.936 , 39.106936
0.039262 , 0.122 , 39.262 , 39.423262
0.0396 , 0.132 , 39.6 , 39.7716
0.039938 , 0.116 , 39.938 , 40.093938
0.040264 , 0.122 , 40.264 , 40.426264
0.04057 , 0.132 , 40.57 , 40.74257
0.040908 , 0.132 , 40.908 , 41.080908
0.041234 , 0.116 , 41.234 , 41.391234
0.04154 , 0.132 , 41.54 , 41.71354
0.041866 , 0.122 , 41.866 , 42.029866
0.042204 , 0.131 , 42.204 , 42.377204
0.042542 , 0.115 , 42.542 , 42.699542
0.043836 , 0.132 , 42.836 , 43.011836
0.043174 , 0.115 , 43.174 , 43.332174
0.0435 , 0.121 , 43.5 , 43.6645
0.043804 , 0.132 , 43.804 , 43.979804
0.044142 , 0.132 , 44.142 , 44.318142
0.044468 , 0.122 , 44.468 , 44.634468
0.044838 , 0.132 , 44.838 , 45.014838
0.045176 , 0.131 , 45.176 , 45.352176
0.045508 , 0.118 , 45.508 , 45.671508
0.045838 , 0.134 , 45.838 , 46.017838
0.046176 , 0.131 , 46.176 , 46.353176
0.046512 , 0.132 , 46.512 , 46.690512
0.046838 , 0.155 , 46.838 , 47.039838
0.04721 , 0.13 , 47.21 , 47.38721
0.047554 , 0.112 , 47.554 , 47.713554
0.04787 , 0.122 , 47.87 , 48.03987
0.048208 , 0.116 , 48.208 , 48.372208
0.048514 , 0.131 , 48.514 , 48.693514
0.04887 , 0.122 , 48.87 , 49.04087
0.049208 , 0.116 , 49.208 , 49.373208
0.049514 , 0.131 , 49.514 , 49.694514
0.04984 , 0.138 , 49.84 , 50.02784
0.050178 , 0.131 , 50.178 , 50.359178
0.050514 , 0.132 , 50.514 , 50.696514
0.05084 , 0.132 , 50.84 , 51.02284
0.051146 , 0.116 , 51.146 , 51.313146
0.051472 , 0.137 , 51.472 , 51.660472
0.05181 , 0.131 , 51.81 , 51.99281
0.052148 , 0.116 , 52.148 , 52.316148
0.052474 , 0.122 , 52.474 , 52.648474
0.052812 , 0.115 , 52.812 , 52.979812
0.053118 , 0.131 , 53.118 , 53.302118
0.054472 , 0.121 , 53.472 , 53.647472
0.053778 , 0.116 , 53.778 , 53.947778
0.054115 , 0.132 , 54.115 , 54.301115
0.054442 , 0.137 , 54.442 , 54.633442
0.05478 , 0.116 , 54.78 , 54.95078
0.055106 , 0.121 , 55.106 , 55.282106
0.055412 , 0.131 , 55.412 , 55.598412
0.05575 , 0.131 , 55.75 , 55.93675
0.056074 , 0.138 , 56.074 , 56.268074
0.056412 , 0.132 , 56.412 , 56.600412
0.05675 , 0.132 , 56.75 , 56.93875
0.057076 , 0.137 , 57.076 , 57.270076
0.057444 , 0.116 , 57.444 , 57.617444
0.057752 , 0.131 , 57.752 , 57.940752
0.058076 , 0.122 , 58.076 , 58.256076
0.058414 , 0.116 , 58.414 , 58.588414
0.05872 , 0.132 , 58.72 , 58.91072
0.059046 , 0.138 , 59.046 , 59.243046
0.075384 , 0.116 , 59.384 , 59.575384
0.059722 , 0.116 , 59.722 , 59.897722
0.060048 , 0.133 , 60.048 , 60.241048
0.060384 , 0.116 , 60.384 , 60.560384
0.060678 , 0.122 , 60.678 , 60.860678
0.061 , 0.116 , 61 , 61.177
0.061322 , 0.131 , 61.322 , 61.514322
0.061678 , 0.122 , 61.678 , 61.861678
0.062016 , 0.133 , 62.016 , 62.211016
0.062354 , 0.116 , 62.354 , 62.532354
0.06268 , 0.122 , 62.68 , 62.86468
0.062986 , 0.131 , 62.986 , 63.179986
0.063324 , 0.116 , 63.324 , 63.503324
0.06365 , 0.116 , 63.65 , 63.82965
0.063956 , 0.132 , 63.956 , 64.151956
0.064314 , 0.121 , 64.314 , 64.499314
0.06462 , 0.132 , 64.62 , 64.81662
0.064958 , 0.132 , 64.958 , 65.154958
0.065284 , 0.122 , 65.284 , 65.471284
0.065622 , 0.132 , 65.622 , 65.819622
0.06596 , 0.132 , 65.96 , 66.15796
0.066286 , 0.137 , 66.286 , 66.489286
0.066622 , 0.132 , 66.622 , 66.820622
0.06693 , 0.131 , 66.93 , 67.12793
0.067286 , 0.137 , 67.286 , 67.490286
0.067624 , 0.131 , 67.624 , 67.822624
0.067992 , 0.116 , 67.992 , 68.175992
0.06832 , 0.121 , 68.32 , 68.50932
0.068624 , 0.116 , 68.624 , 68.808624
0.068932 , 0.131 , 68.932 , 69.131932
0.070258 , 0.131 , 69.258 , 69.459258
0.069564 , 0.115 , 69.564 , 69.748564
0.06989 , 0.122 , 69.89 , 70.08189
0.070196 , 0.116 , 70.196 , 70.382196
0.07053 , 0.118 , 70.53 , 70.71853
0.085828 , 0.116 , 70.828 , 71.029828
0.071134 , 0.131 , 71.134 , 71.336134
0.07146 , 0.134 , 71.46 , 71.66546
0.071798 , 0.116 , 71.798 , 71.985798
0.072092 , 0.138 , 72.092 , 72.302092
0.07243 , 0.116 , 72.43 , 72.61843
0.072736 , 0.131 , 72.736 , 72.939736
0.07306 , 0.138 , 73.06 , 73.27106
0.0884 , 0.116 , 73.4 , 73.6044
0.073735 , 0.116 , 73.735 , 73.924735
0.090062 , 0.116 , 74.062 , 74.268062
0.0904 , 0.115 , 74.4 , 74.6054
0.074736 , 0.116 , 74.736 , 74.926736
0.075032 , 0.131 , 75.032 , 75.238032
0.07537 , 0.115 , 75.37 , 75.56037
0.076662 , 0.136 , 75.662 , 75.874662
0.076 , 0.116 , 76 , 76.192
0.076333 , 0.118 , 76.333 , 76.527333
0.076632 , 0.132 , 76.632 , 76.840632
0.07697 , 0.128 , 76.97 , 77.17497
0.077288 , 0.125 , 77.288 , 77.490288
0.077632 , 0.132 , 77.632 , 77.841632
0.07797 , 0.116 , 77.97 , 78.16397
0.078296 , 0.122 , 78.296 , 78.496296
0.078634 , 0.116 , 78.634 , 78.828634
0.07894 , 0.132 , 78.94 , 79.15094
0.079266 , 0.138 , 79.266 , 79.483266
0.079636 , 0.115 , 79.636 , 79.830636
0.079974 , 0.116 , 79.974 , 80.169974
0.0803 , 0.121 , 80.3 , 80.5013
0.080636 , 0.131 , 80.636 , 80.847636
0.080974 , 0.147 , 80.974 , 81.201974
0.08134 , 0.116 , 81.34 , 81.53734
0.081668 , 0.138 , 81.668 , 81.887668
0.082006 , 0.131 , 82.006 , 82.219006
0.082344 , 0.116 , 82.344 , 82.542344
0.082668 , 0.116 , 82.668 , 82.866668
0.082976 , 0.132 , 82.976 , 83.190976
0.083302 , 0.138 , 83.302 , 83.523302
0.08364 , 0.131 , 83.64 , 83.85464
0.083978 , 0.132 , 83.978 , 84.193978
0.084336 , 0.122 , 84.336 , 84.542336
0.084674 , 0.137 , 84.674 , 84.895674
0.085012 , 0.131 , 85.012 , 85.228012
0.08535 , 0.131 , 85.35 , 85.56635
0.085674 , 0.138 , 85.674 , 85.897674
0.086044 , 0.132 , 86.044 , 86.262044
0.086382 , 0.132 , 86.382 , 86.600382
0.086742 , 0.135 , 86.742 , 86.963742
0.087078 , 0.137 , 87.078 , 87.302078
0.087446 , 0.132 , 87.446 , 87.665446
0.087784 , 0.132 , 87.784 , 88.003784
0.088142 , 0.12 , 88.142 , 88.350142
0.089478 , 0.135 , 88.478 , 88.702478
0.088816 , 0.132 , 88.816 , 89.036816
0.089154 , 0.116 , 89.154 , 89.359154
0.089478 , 0.116 , 89.478 , 89.683478
0.089786 , 0.131 , 89.786 , 90.006786
0.090112 , 0.137 , 90.112 , 90.339112
0.090448 , 0.132 , 90.448 , 90.670448
0.090786 , 0.132 , 90.786 , 91.008786
0.091112 , 0.122 , 91.112 , 91.325112
0.091418 , 0.132 , 91.418 , 91.641418
0.091756 , 0.132 , 91.756 , 91.979756
0.092082 , 0.138 , 92.082 , 92.312082
0.09242 , 0.132 , 92.42 , 92.64442
0.092758 , 0.116 , 92.758 , 92.966758
0.093084 , 0.116 , 93.084 , 93.293084
0.093422 , 0.116 , 93.422 , 93.631422
0.093756 , 0.118 , 93.756 , 93.967756
0.094054 , 0.131 , 94.054 , 94.279054
0.094392 , 0.131 , 94.392 , 94.617392
0.094718 , 0.137 , 94.718 , 94.949718
0.095056 , 0.131 , 95.056 , 95.282056
0.095394 , 0.116 , 95.394 , 95.605394
0.09572 , 0.115 , 95.72 , 95.93072
0.096026 , 0.115 , 96.026 , 96.237026
0.096354 , 0.12 , 96.354 , 96.570354
0.096656 , 0.132 , 96.656 , 96.884656
0.096996 , 0.131 , 96.996 , 97.223996
0.09732 , 0.122 , 97.32 , 97.53932
0.097626 , 0.132 , 97.626 , 97.855626
0.097966 , 0.147 , 97.966 , 98.210966
0.098322 , 0.122 , 98.322 , 98.542322
0.09866 , 0.116 , 98.66 , 98.87466
0.098966 , 0.132 , 98.966 , 99.196966
0.099324 , 0.122 , 99.324 , 99.545324
0.099662 , 0.132 , 99.662 , 99.893662
0.100002 , 0.131 , 100.002 , 100.233002
0.100326 , 0.121 , 100.326 , 100.547326
0.100662 , 0.116 , 100.662 , 100.878662
0.10097 , 0.131 , 100.97 , 101.20197
0.101294 , 0.138 , 101.294 , 101.533294
0.101632 , 0.132 , 101.632 , 101.865632
0.10197 , 0.131 , 101.97 , 102.20297
0.102296 , 0.137 , 102.296 , 102.535296
0.102634 , 0.131 , 102.634 , 102.867634
0.10297 , 0.132 , 102.97 , 103.20497
0.103296 , 0.116 , 103.296 , 103.515296
0.103602 , 0.131 , 103.602 , 103.836602
0.103967 , 0.133 , 103.967 , 104.203967
0.104298 , 0.137 , 104.298 , 104.539298
0.104634 , 0.132 , 104.634 , 104.870634
0.104972 , 0.132 , 104.972 , 105.208972
0.105298 , 0.138 , 105.298 , 105.541298
0.121636 , 0.131 , 105.636 , 105.888636
0.105972 , 0.131 , 105.972 , 106.208972
0.106298 , 0.116 , 106.298 , 106.520298
0.106606 , 0.131 , 106.606 , 106.843606
0.10693 , 0.138 , 106.93 , 107.17493
0.107268 , 0.132 , 107.268 , 107.507268
0.107606 , 0.116 , 107.606 , 107.829606
0.107932 , 0.122 , 107.932 , 108.161932
0.108238 , 0.132 , 108.238 , 108.478238
0.108576 , 0.147 , 108.576 , 108.831576
0.108934 , 0.137 , 108.934 , 109.179934
0.109272 , 0.131 , 109.272 , 109.512272
0.109608 , 0.132 , 109.608 , 109.849608
0.109934 , 0.122 , 109.934 , 110.165934
0.110272 , 0.115 , 110.272 , 110.497272
0.110576 , 0.132 , 110.576 , 110.818576
0.110902 , 0.137 , 110.902 , 111.149902
0.11124 , 0.131 , 111.24 , 111.48224
0.111578 , 0.131 , 111.578 , 111.820578
0.111902 , 0.117 , 111.902 , 112.130902
0.112242 , 0.116 , 112.242 , 112.470242
0.112578 , 0.117 , 112.578 , 112.807578
0.112874 , 0.131 , 112.874 , 113.117874
0.11321 , 0.116 , 113.21 , 113.43921
0.11352 , 0.121 , 113.52 , 113.75452
0.113842 , 0.116 , 113.842 , 114.071842
0.114172 , 0.119 , 114.172 , 114.405172
0.114474 , 0.116 , 114.474 , 114.704474
0.11478 , 0.116 , 114.78 , 115.01078
0.115074 , 0.132 , 115.074 , 115.321074
0.115412 , 0.132 , 115.412 , 115.659412
0.115738 , 0.121 , 115.738 , 115.974738
0.116044 , 0.116 , 116.044 , 116.276044
0.11637 , 0.105 , 116.37 , 116.59137
0.116676 , 0.115 , 116.676 , 116.907676
0.116982 , 0.131 , 116.982 , 117.229982
0.117308 , 0.116 , 117.308 , 117.541308
0.117584 , 0.116 , 117.584 , 117.817584
0.117878 , 0.131 , 117.878 , 118.126878
0.118214 , 0.116 , 118.214 , 118.448214
0.11854 , 0.119 , 118.54 , 118.77754
0.118846 , 0.131 , 118.846 , 119.095846
0.119177 , 0.118 , 119.177 , 119.414177
0.119478 , 0.131 , 119.478 , 119.728478
0.119816 , 0.116 , 119.816 , 120.051816
0.12011 , 0.116 , 120.11 , 120.34611
0.120418 , 0.115 , 120.418 , 120.653418
0.12071 , 0.134 , 120.71 , 120.96471
0.121048 , 0.116 , 121.048 , 121.285048
0.121342 , 0.122 , 121.342 , 121.585342
0.121648 , 0.132 , 121.648 , 121.901648
0.121986 , 0.116 , 121.986 , 122.223986
0.12228 , 0.131 , 122.28 , 122.53328
0.122618 , 0.115 , 122.618 , 122.855618
0.12291 , 0.116 , 122.91 , 123.14891
0.123218 , 0.116 , 123.218 , 123.457218
0.138512 , 0.116 , 123.512 , 123.766512
0.123818 , 0.132 , 123.818 , 124.073818
0.124144 , 0.121 , 124.144 , 124.389144
0.12445 , 0.116 , 124.45 , 124.69045
0.124744 , 0.122 , 124.744 , 124.990744
0.12505 , 0.132 , 125.05 , 125.30705
0.125388 , 0.116 , 125.388 , 125.629388
0.125714 , 0.116 , 125.714 , 125.955714
0.125988 , 0.117 , 125.988 , 126.230988
0.126284 , 0.116 , 126.284 , 126.526284
0.12662 , 0.116 , 126.62 , 126.86262
0.126914 , 0.117 , 126.914 , 127.157914
0.127222 , 0.115 , 127.222 , 127.464222
0.127516 , 0.115 , 127.516 , 127.758516
0.127822 , 0.116 , 127.822 , 128.065822
0.128148 , 0.121 , 128.148 , 128.397148
0.128452 , 0.116 , 128.452 , 128.696452
0.128748 , 0.122 , 128.748 , 128.998748
0.129054 , 0.116 , 129.054 , 129.299054
0.129348 , 0.122 , 129.348 , 129.599348
0.129654 , 0.116 , 129.654 , 129.899654
0.129948 , 0.122 , 129.948 , 130.199948
0.130256 , 0.1 , 130.256 , 130.486256
0.13055 , 0.115 , 130.55 , 130.79555
0.146824 , 0.115 , 130.824 , 131.085824
0.132148 , 0.119 , 131.148 , 131.399148
0.131424 , 0.131 , 131.424 , 131.686424
0.131748 , 0.1 , 131.748 , 131.979748
0.132024 , 0.12 , 132.024 , 132.276024
0.132358 , 0.118 , 132.358 , 132.608358
0.132656 , 0.116 , 132.656 , 132.904656
0.13295 , 0.122 , 132.95 , 133.20495
0.133256 , 0.116 , 133.256 , 133.505256
0.133552 , 0.121 , 133.552 , 133.806552
0.133858 , 0.115 , 133.858 , 134.106858
0.134188 , 0.119 , 134.188 , 134.441188
0.13449 , 0.1 , 134.49 , 134.72449
0.134788 , 0.119 , 134.788 , 135.041788
0.13509 , 0.116 , 135.09 , 135.34109
0.135396 , 0.116 , 135.396 , 135.647396
0.13569 , 0.122 , 135.69 , 135.94769
0.13606 , 0.116 , 136.06 , 136.31206
0.136354 , 0.122 , 136.354 , 136.612354
0.136662 , 0.131 , 136.662 , 136.929662
0.136994 , 0.117 , 136.994 , 137.247994
0.137292 , 0.101 , 137.292 , 137.530292
0.13759 , 0.105 , 137.59 , 137.83259
0.137894 , 0.115 , 137.894 , 138.146894
0.138198 , 0.117 , 138.198 , 138.453198
0.138494 , 0.116 , 138.494 , 138.748494
0.1388 , 0.115 , 138.8 , 139.0538
0.139094 , 0.116 , 139.094 , 139.349094
0.1394 , 0.116 , 139.4 , 139.6554
0.139694 , 0.116 , 139.694 , 139.949694
0.14 , 0.115 , 140 , 140.255
0.140294 , 0.116 , 140.294 , 140.550294
0.1406 , 0.116 , 140.6 , 140.8566
0.140926 , 0.116 , 140.926 , 141.182926
0.141202 , 0.131 , 141.202 , 141.474202
0.141528 , 0.116 , 141.528 , 141.785528
0.141834 , 0.116 , 141.834 , 142.091834
0.142128 , 0.115 , 142.128 , 142.385128
0.142434 , 0.115 , 142.434 , 142.691434
0.142728 , 0.116 , 142.728 , 142.986728
0.143034 , 0.116 , 143.034 , 143.293034
0.143328 , 0.115 , 143.328 , 143.586328
0.143636 , 0.131 , 143.636 , 143.910636
0.14396 , 0.121 , 143.96 , 144.22496
0.144266 , 0.1 , 144.266 , 144.510266
0.144528 , 0.132 , 144.528 , 144.804528
0.144836 , 0.115 , 144.836 , 145.095836
0.14516 , 0.119 , 145.16 , 145.42416
0.145464 , 0.116 , 145.464 , 145.725464
0.14676 , 0.119 , 145.76 , 146.02576
0.146066 , 0.116 , 146.066 , 146.328066
0.14636 , 0.122 , 146.36 , 146.62836
0.146666 , 0.116 , 146.666 , 146.928666
0.14796 , 0.117 , 146.96 , 147.22496
0.147236 , 0.115 , 147.236 , 147.498236
0.147562 , 0.12 , 147.562 , 147.829562
0.147866 , 0.116 , 147.866 , 148.129866
0.148162 , 0.122 , 148.162 , 148.432162
0.148468 , 0.116 , 148.468 , 148.732468
0.148762 , 0.122 , 148.762 , 149.032762
0.149068 , 0.132 , 149.068 , 149.349068
0.1494 , 0.118 , 149.4 , 149.6674
0.1497 , 0.116 , 149.7 , 149.9657
0.165 , 0.103 , 150 , 150.268
0.1503 , 0.116 , 150.3 , 150.5663
0.150606 , 0.116 , 150.606 , 150.872606
0.1509 , 0.132 , 150.9 , 151.1829
0.151206 , 0.116 , 151.206 , 151.473206
0.167532 , 0.1 , 151.532 , 151.799532
0.151808 , 0.116 , 151.808 , 152.075808
0.152132 , 0.116 , 152.132 , 152.400132
0.152438 , 0.116 , 152.438 , 152.706438
0.152732 , 0.116 , 152.732 , 153.000732
0.153038 , 0.116 , 153.038 , 153.307038
0.153332 , 0.116 , 153.332 , 153.601332
0.15364 , 0.115 , 153.64 , 153.90864
0.153932 , 0.116 , 153.932 , 154.201932
0.15424 , 0.116 , 154.24 , 154.51024
0.155564 , 0.116 , 154.564 , 154.835564
0.170842 , 0.115 , 154.842 , 155.127842
0.155166 , 0.118 , 155.166 , 155.439166
0.155442 , 0.115 , 155.442 , 155.712442
0.156766 , 0.118 , 155.766 , 156.040766
0.15604 , 0.131 , 156.04 , 156.32704
0.156366 , 0.122 , 156.366 , 156.644366
0.156672 , 0.116 , 156.672 , 156.944672
0.156966 , 0.122 , 156.966 , 157.244966
0.157272 , 0.116 , 157.272 , 157.545272
0.157568 , 0.121 , 157.568 , 157.846568
0.157874 , 0.116 , 157.874 , 158.147874
0.158168 , 0.122 , 158.168 , 158.448168
0.158474 , 0.116 , 158.474 , 158.748474
0.15877 , 0.122 , 158.77 , 159.05077
0.159076 , 0.116 , 159.076 , 159.351076
0.15937 , 0.122 , 159.37 , 159.65137
0.159676 , 0.116 , 159.676 , 159.951676
0.15997 , 0.122 , 159.97 , 160.25197
0.160276 , 0.116 , 160.276 , 160.552276
0.16057 , 0.122 , 160.57 , 160.85257
0.160876 , 0.116 , 160.876 , 161.152876
0.16117 , 0.122 , 161.17 , 161.45317
0.161478 , 0.116 , 161.478 , 161.755478
0.161772 , 0.122 , 161.772 , 162.055772
0.162078 , 0.1 , 162.078 , 162.340078
0.162376 , 0.12 , 162.376 , 162.658376
0.162678 , 0.116 , 162.678 , 162.956678
0.162972 , 0.122 , 162.972 , 163.256972
0.163278 , 0.116 , 163.278 , 163.557278
0.163574 , 0.119 , 163.574 , 163.856574
0.163878 , 0.116 , 163.878 , 164.157878
0.164172 , 0.122 , 164.172 , 164.458172
0.16448 , 0.116 , 164.48 , 164.76048
0.164774 , 0.122 , 164.774 , 165.060774
0.16508 , 0.116 , 165.08 , 165.36108
0.165374 , 0.122 , 165.374 , 165.661374
0.165682 , 0.116 , 165.682 , 165.963682
0.165976 , 0.122 , 165.976 , 166.263976
0.166282 , 0.116 , 166.282 , 166.564282
0.166612 , 0.104 , 166.612 , 166.882612
0.166882 , 0.116 , 166.882 , 167.164882
0.16721 , 0.104 , 167.21 , 167.48121
0.167482 , 0.116 , 167.482 , 167.765482
0.167792 , 0.106 , 167.792 , 168.065792
0.168082 , 0.116 , 168.082 , 168.366082
0.168411 , 0.103 , 168.411 , 168.682411
0.168714 , 0.115 , 168.714 , 168.997714
0.16902 , 0.1 , 169.02 , 169.28902
0.169282 , 0.115 , 169.282 , 169.566282
0.169618 , 0.116 , 169.618 , 169.903618
0.169914 , 0.115 , 169.914 , 170.198914
0.17022 , 0.115 , 170.22 , 170.50522
0.170514 , 0.115 , 170.514 , 170.799514
0.170817 , 0.101 , 170.817 , 171.088817
0.171098 , 0.115 , 171.098 , 171.384098
0.187414 , 0.103 , 171.414 , 171.704414
0.171714 , 0.101 , 171.714 , 171.986714
0.171978 , 0.122 , 171.978 , 172.271978
0.172284 , 0.116 , 172.284 , 172.572284
0.172578 , 0.122 , 172.578 , 172.872578
0.172886 , 0.116 , 172.886 , 173.174886
0.17418 , 0.116 , 173.18 , 173.47018
0.173454 , 0.132 , 173.454 , 173.759454
0.17378 , 0.12 , 173.78 , 174.07378
0.174086 , 0.116 , 174.086 , 174.376086
0.17438 , 0.122 , 174.38 , 174.67638
0.174686 , 0.116 , 174.686 , 174.976686
0.17498 , 0.122 , 174.98 , 175.27698
0.175288 , 0.116 , 175.288 , 175.579288
0.175582 , 0.122 , 175.582 , 175.879582
0.175888 , 0.116 , 175.888 , 176.179888
0.177182 , 0.116 , 176.182 , 176.475182
0.176458 , 0.1 , 176.458 , 176.734458
0.17675 , 0.116 , 176.75 , 177.04275
0.177058 , 0.116 , 177.058 , 177.351058
0.177352 , 0.1 , 177.352 , 177.629352
0.177626 , 0.101 , 177.626 , 177.904626
0.177922 , 0.1 , 177.922 , 178.199922
0.178184 , 0.119 , 178.184 , 178.481184
0.17849 , 0.1 , 178.49 , 178.76849
0.178754 , 0.115 , 178.754 , 179.047754
0.17906 , 0.115 , 179.06 , 179.35406
0.194352 , 0.101 , 179.352 , 179.647352
0.179628 , 0.116 , 179.628 , 179.923628
0.179924 , 0.116 , 179.924 , 180.219924
0.18023 , 0.116 , 180.23 , 180.52623
0.180524 , 0.116 , 180.524 , 180.820524
0.180862 , 0.115 , 180.862 , 181.157862
0.181156 , 0.115 , 181.156 , 181.452156
0.181462 , 0.131 , 181.462 , 181.774462
0.181788 , 0.121 , 181.788 , 182.090788
0.182094 , 0.131 , 182.094 , 182.407094
0.18243 , 0.132 , 182.43 , 182.74443
0.182756 , 0.116 , 182.756 , 183.054756
0.183062 , 0.132 , 183.062 , 183.377062
0.183388 , 0.122 , 183.388 , 183.693388
0.183694 , 0.132 , 183.694 , 184.009694
0.184032 , 0.132 , 184.032 , 184.348032
0.184358 , 0.135 , 184.358 , 184.677358
0.200664 , 0.116 , 184.664 , 184.980664
0.185023 , 0.12 , 185.023 , 185.328023
0.185326 , 0.131 , 185.326 , 185.642326
0.185664 , 0.132 , 185.664 , 185.981664
0.18599 , 0.138 , 185.99 , 186.31399
0.186328 , 0.131 , 186.328 , 186.645328
0.186666 , 0.131 , 186.666 , 186.983666
0.186992 , 0.137 , 186.992 , 187.315992
0.187328 , 0.131 , 187.328 , 187.646328
0.187666 , 0.132 , 187.666 , 187.985666
0.187992 , 0.138 , 187.992 , 188.317992
0.18933 , 0.135 , 188.33 , 188.65433
0.188666 , 0.132 , 188.666 , 188.986666
0.189034 , 0.132 , 189.034 , 189.355034
0.18936 , 0.137 , 189.36 , 189.68636
0.189698 , 0.132 , 189.698 , 190.019698
0.190066 , 0.132 , 190.066 , 190.388066
0.190392 , 0.153 , 190.392 , 190.735392
0.190762 , 0.137 , 190.762 , 191.089762
0.1911 , 0.146 , 191.1 , 191.4371
0.191436 , 0.147 , 191.436 , 191.774436
0.191794 , 0.137 , 191.794 , 192.122794
0.192162 , 0.137 , 192.162 , 192.491162
0.192498 , 0.148 , 192.498 , 192.838498
0.192868 , 0.147 , 192.868 , 193.207868
0.193238 , 0.147 , 193.238 , 193.578238
0.193594 , 0.154 , 193.594 , 193.941594
0.193964 , 0.153 , 193.964 , 194.310964
0.194334 , 0.152 , 194.334 , 194.680334
0.194702 , 0.147 , 194.702 , 195.043702
0.19507 , 0.147 , 195.07 , 195.41207
0.195438 , 0.148 , 195.438 , 195.781438
0.195796 , 0.153 , 195.796 , 196.144796
0.196166 , 0.137 , 196.166 , 196.499166
0.196534 , 0.153 , 196.534 , 196.883534
0.196902 , 0.146 , 196.902 , 197.244902
0.197272 , 0.147 , 197.272 , 197.616272
0.19764 , 0.132 , 197.64 , 197.96964
0.197998 , 0.137 , 197.998 , 198.332998
0.198336 , 0.131 , 198.336 , 198.665336
0.198672 , 0.147 , 198.672 , 199.017672
0.19904 , 0.132 , 199.04 , 199.37104
0.199398 , 0.138 , 199.398 , 199.735398
0.200736 , 0.15 , 199.736 , 200.086736
0.200104 , 0.132 , 200.104 , 200.436104
0.200442 , 0.147 , 200.442 , 200.789442
0.2008 , 0.137 , 200.8 , 201.1378
0.201168 , 0.138 , 201.168 , 201.507168
0.201506 , 0.132 , 201.506 , 201.839506
0.201844 , 0.147 , 201.844 , 202.192844
0.2022 , 0.154 , 202.2 , 202.5562
0.20257 , 0.153 , 202.57 , 202.92557
0.202938 , 0.154 , 202.938 , 203.294938
0.203308 , 0.147 , 203.308 , 203.658308
0.203676 , 0.148 , 203.676 , 204.027676
0.204044 , 0.148 , 204.044 , 204.396044
0.204402 , 0.154 , 204.402 , 204.760402
0.204772 , 0.137 , 204.772 , 205.113772
0.20511 , 0.146 , 205.11 , 205.46111
0.20548 , 0.147 , 205.48 , 205.83248
0.205848 , 0.131 , 205.848 , 206.184848
0.206204 , 0.138 , 206.204 , 206.548204
0.206542 , 0.138 , 206.542 , 206.886542
0.206912 , 0.148 , 206.912 , 207.266912
0.20725 , 0.162 , 207.25 , 207.61925
0.20764 , 0.151 , 207.64 , 207.99864
0.208006 , 0.138 , 208.006 , 208.352006
0.208344 , 0.138 , 208.344 , 208.690344
0.208712 , 0.147 , 208.712 , 209.067712
0.209082 , 0.147 , 209.082 , 209.438082
0.209448 , 0.148 , 209.448 , 209.805448
0.209808 , 0.153 , 209.808 , 210.170808
0.226176 , 0.138 , 210.176 , 210.540176
0.211546 , 0.149 , 210.546 , 210.906546
0.210884 , 0.147 , 210.884 , 211.241884
0.211252 , 0.131 , 211.252 , 211.594252
0.211578 , 0.153 , 211.578 , 211.942578
0.211946 , 0.153 , 211.946 , 212.310946
0.227318 , 0.13 , 212.318 , 212.675318
0.212652 , 0.147 , 212.652 , 213.011652
0.21301 , 0.153 , 213.01 , 213.37601
0.213378 , 0.138 , 213.378 , 213.729378
0.213716 , 0.147 , 213.716 , 214.076716
0.214054 , 0.147 , 214.054 , 214.415054
0.214412 , 0.153 , 214.412 , 214.779412
0.21478 , 0.153 , 214.78 , 215.14778
0.215148 , 0.149 , 215.148 , 215.512148
0.215486 , 0.148 , 215.486 , 215.849486
0.215856 , 0.147 , 215.856 , 216.218856
0.216214 , 0.153 , 216.214 , 216.583214
0.216582 , 0.154 , 216.582 , 216.952582
0.216952 , 0.149 , 216.952 , 217.317952
0.21729 , 0.147 , 217.29 , 217.65429
0.217658 , 0.148 , 217.658 , 218.023658
0.218016 , 0.138 , 218.016 , 218.372016
0.218354 , 0.131 , 218.354 , 218.703354
0.21869 , 0.148 , 218.69 , 219.05669
0.219056 , 0.134 , 219.056 , 219.409056
0.219386 , 0.137 , 219.386 , 219.742386
0.219724 , 0.147 , 219.724 , 220.090724
0.22006 , 0.147 , 220.06 , 220.42706
0.220416 , 0.138 , 220.416 , 220.774416
0.221754 , 0.152 , 220.754 , 221.127754
0.221124 , 0.131 , 221.124 , 221.476124
0.221462 , 0.131 , 221.462 , 221.814462
0.221786 , 0.138 , 221.786 , 222.145786
0.222124 , 0.147 , 222.124 , 222.493124
0.222492 , 0.147 , 222.492 , 222.861492
0.222856 , 0.133 , 222.856 , 223.211856
0.223188 , 0.153 , 223.188 , 223.564188
0.223556 , 0.131 , 223.556 , 223.910556
0.223894 , 0.147 , 223.894 , 224.264894
0.224264 , 0.131 , 224.264 , 224.619264
0.22462 , 0.137 , 224.62 , 224.98162
0.224958 , 0.131 , 224.958 , 225.313958
0.225294 , 0.148 , 225.294 , 225.667294
0.225664 , 0.147 , 225.664 , 226.036664
0.226022 , 0.137 , 226.022 , 226.385022
0.22736 , 0.152 , 226.36 , 226.73936
0.226728 , 0.132 , 226.728 , 227.086728
0.227068 , 0.146 , 227.068 , 227.441068
0.227424 , 0.137 , 227.424 , 227.788424
0.227762 , 0.152 , 227.762 , 228.141762
0.228128 , 0.132 , 228.128 , 228.488128
0.228466 , 0.148 , 228.466 , 228.842466
0.228824 , 0.137 , 228.824 , 229.189824
0.229162 , 0.153 , 229.162 , 229.544162
0.24453 , 0.132 , 229.53 , 229.90653
0.229868 , 0.148 , 229.868 , 230.245868
0.230226 , 0.137 , 230.226 , 230.593226
0.231564 , 0.151 , 230.564 , 230.946564
0.23093 , 0.132 , 230.93 , 231.29293
0.231268 , 0.132 , 231.268 , 231.631268
0.231626 , 0.137 , 231.626 , 231.994626
0.231962 , 0.132 , 231.962 , 232.325962
0.232304 , 0.129 , 232.304 , 232.665304
0.248626 , 0.122 , 232.626 , 232.996626
0.232994 , 0.138 , 232.994 , 233.364994
0.233334 , 0.131 , 233.334 , 233.698334
0.23367 , 0.132 , 233.67 , 234.03567
0.233996 , 0.138 , 233.996 , 234.367996
0.234366 , 0.132 , 234.366 , 234.732366
0.234704 , 0.131 , 234.704 , 235.069704
0.23503 , 0.137 , 235.03 , 235.40203
0.251366 , 0.131 , 235.366 , 235.748366
0.235704 , 0.147 , 235.704 , 236.086704
0.236072 , 0.132 , 236.072 , 236.440072
0.2364 , 0.137 , 236.4 , 236.7734
0.236736 , 0.148 , 236.736 , 237.120736
0.237074 , 0.147 , 237.074 , 237.458074
0.23743 , 0.138 , 237.43 , 237.80543
0.237768 , 0.153 , 237.768 , 238.158768
0.238136 , 0.132 , 238.136 , 238.506136
0.238474 , 0.132 , 238.474 , 238.844474
0.238832 , 0.138 , 238.832 , 239.208832
0.24017 , 0.147 , 239.17 , 239.55717
0.239508 , 0.147 , 239.508 , 239.894508
0.239876 , 0.131 , 239.876 , 240.246876
0.2402 , 0.138 , 240.2 , 240.5782
0.24057 , 0.131 , 240.57 , 240.94157
0.240908 , 0.147 , 240.908 , 241.295908
0.241276 , 0.131 , 241.276 , 241.648276
0.241602 , 0.138 , 241.602 , 241.981602
0.24194 , 0.147 , 241.94 , 242.32894
0.24231 , 0.131 , 242.31 , 242.68331
0.242666 , 0.137 , 242.666 , 243.045666
0.243004 , 0.138 , 243.004 , 243.385004
0.243342 , 0.147 , 243.342 , 243.732342
0.24368 , 0.147 , 243.68 , 244.07068
0.244038 , 0.137 , 244.038 , 244.419038
0.245376 , 0.148 , 244.376 , 244.769376
0.244714 , 0.131 , 244.714 , 245.089714
0.245038 , 0.138 , 245.038 , 245.421038
0.245376 , 0.131 , 245.376 , 245.752376
0.245712 , 0.132 , 245.712 , 246.089712
0.246038 , 0.138 , 246.038 , 246.422038
0.246376 , 0.131 , 246.376 , 246.753376
0.246714 , 0.132 , 246.714 , 247.092714
0.24704 , 0.138 , 247.04 , 247.42504
0.247378 , 0.131 , 247.378 , 247.756378
0.247716 , 0.131 , 247.716 , 248.094716
0.24804 , 0.122 , 248.04 , 248.41004
0.248346 , 0.132 , 248.346 , 248.726346
0.248686 , 0.13 , 248.686 , 249.064686
0.249008 , 0.138 , 249.008 , 249.395008
0.249346 , 0.132 , 249.346 , 249.727346
0.249684 , 0.131 , 249.684 , 250.064684
0.25001 , 0.137 , 250.01 , 250.39701
0.250346 , 0.132 , 250.346 , 250.728346
0.250684 , 0.131 , 250.684 , 251.065684
0.25101 , 0.132 , 251.01 , 251.39301
0.251316 , 0.131 , 251.316 , 251.698316
0.251672 , 0.121 , 251.672 , 252.044672
0.251978 , 0.148 , 251.978 , 252.377978
0.252316 , 0.131 , 252.316 , 252.699316
0.25264 , 0.138 , 252.64 , 253.03064
0.252978 , 0.131 , 252.978 , 253.361978
0.253316 , 0.132 , 253.316 , 253.701316
0.253642 , 0.122 , 253.642 , 254.017642
0.253948 , 0.132 , 253.948 , 254.333948
0.254288 , 0.131 , 254.288 , 254.673288
0.254612 , 0.115 , 254.612 , 254.981612
0.254918 , 0.132 , 254.918 , 255.304918
0.255244 , 0.121 , 255.244 , 255.620244
0.25558 , 0.117 , 255.58 , 255.95258
0.25589 , 0.13 , 255.89 , 256.27589
0.256214 , 0.137 , 256.214 , 256.607214
0.25655 , 0.132 , 256.55 , 256.93855
0.256885 , 0.124 , 256.885 , 257.265885
0.257194 , 0.125 , 257.194 , 257.576194
0.25752 , 0.116 , 257.52 , 257.89352
0.257846 , 0.122 , 257.846 , 258.225846
0.258152 , 0.132 , 258.152 , 258.542152
0.258488 , 0.116 , 258.488 , 258.862488
0.258784 , 0.132 , 258.784 , 259.174784
0.25909 , 0.131 , 259.09 , 259.48009
0.259414 , 0.136 , 259.414 , 259.809414
0.259722 , 0.131 , 259.722 , 260.112722
0.260048 , 0.121 , 260.048 , 260.429048
0.260384 , 0.116 , 260.384 , 260.760384
0.260692 , 0.131 , 260.692 , 261.083692
0.261016 , 0.116 , 261.016 , 261.393016
0.261324 , 0.131 , 261.324 , 261.716324
0.261648 , 0.122 , 261.648 , 262.031648
0.261954 , 0.132 , 261.954 , 262.347954
0.262292 , 0.116 , 262.292 , 262.670292
0.262618 , 0.115 , 262.618 , 262.995618
0.262924 , 0.132 , 262.924 , 263.318924
0.26325 , 0.121 , 263.25 , 263.63425
0.263556 , 0.131 , 263.556 , 263.950556
0.263894 , 0.131 , 263.894 , 264.288894
0.26422 , 0.115 , 264.22 , 264.59922
0.264526 , 0.132 , 264.526 , 264.922526
0.264852 , 0.122 , 264.852 , 265.238852
0.26519 , 0.116 , 265.19 , 265.57119
0.265496 , 0.131 , 265.496 , 265.892496
0.26582 , 0.137 , 265.82 , 266.22282
0.266158 , 0.131 , 266.158 , 266.555158
0.266494 , 0.132 , 266.494 , 266.892494
0.28182 , 0.116 , 266.82 , 267.21782
0.26713 , 0.13 , 267.13 , 267.52713
0.267452 , 0.122 , 267.452 , 267.841452
0.26776 , 0.131 , 267.76 , 268.15876
0.268096 , 0.132 , 268.096 , 268.496096
0.268424 , 0.115 , 268.424 , 268.807424
0.268728 , 0.132 , 268.728 , 269.128728
0.269054 , 0.138 , 269.054 , 269.461054
0.269392 , 0.131 , 269.392 , 269.792392
0.269698 , 0.132 , 269.698 , 270.099698
0.270024 , 0.116 , 270.024 , 270.410024
0.270332 , 0.132 , 270.332 , 270.734332
0.270658 , 0.121 , 270.658 , 271.049658
0.270962 , 0.132 , 270.962 , 271.364962
0.2713 , 0.116 , 271.3 , 271.6873
0.271626 , 0.132 , 271.626 , 272.029626
0.271934 , 0.131 , 271.934 , 272.336934
0.272258 , 0.122 , 272.258 , 272.652258
0.272564 , 0.132 , 272.564 , 272.968564
0.272902 , 0.116 , 272.902 , 273.290902
0.273196 , 0.131 , 273.196 , 273.600196
0.273534 , 0.115 , 273.534 , 273.922534
0.273828 , 0.135 , 273.828 , 274.236828
0.274134 , 0.131 , 274.134 , 274.539134
0.27446 , 0.121 , 274.46 , 274.85546
0.274766 , 0.131 , 274.766 , 275.171766
0.275098 , 0.118 , 275.098 , 275.491098
0.275398 , 0.131 , 275.398 , 275.804398
0.275704 , 0.131 , 275.704 , 276.110704
0.277028 , 0.133 , 276.028 , 276.438028
0.276336 , 0.131 , 276.336 , 276.743336
0.276662 , 0.122 , 276.662 , 277.060662
0.276998 , 0.118 , 276.998 , 277.392998
0.277306 , 0.116 , 277.306 , 277.699306
0.2776 , 0.131 , 277.6 , 278.0086
0.277904 , 0.131 , 277.904 , 278.312904
0.27823 , 0.132 , 278.23 , 278.64023
0.278536 , 0.132 , 278.536 , 278.946536
0.278862 , 0.121 , 278.862 , 279.261862
0.279168 , 0.132 , 279.168 , 279.579168
0.279502 , 0.118 , 279.502 , 279.899502
0.2798 , 0.116 , 279.8 , 280.1958
0.280108 , 0.115 , 280.108 , 280.503108
0.280432 , 0.115 , 280.432 , 280.827432
0.29674 , 0.115 , 280.74 , 281.15174
0.281064 , 0.122 , 281.064 , 281.467064
0.281372 , 0.116 , 281.372 , 281.769372
0.281666 , 0.121 , 281.666 , 282.068666
0.282002 , 0.116 , 282.002 , 282.400002
0.28231 , 0.131 , 282.31 , 282.72331
0.282636 , 0.115 , 282.636 , 283.033636
0.282942 , 0.115 , 282.942 , 283.339942
0.283234 , 0.138 , 283.234 , 283.655234
0.283572 , 0.116 , 283.572 , 283.971572
0.283902 , 0.12 , 283.902 , 284.305902
0.284204 , 0.116 , 284.204 , 284.604204
0.28451 , 0.132 , 284.51 , 284.92651
0.284836 , 0.116 , 284.836 , 285.236836
0.285144 , 0.131 , 285.144 , 285.560144
0.285468 , 0.122 , 285.468 , 285.875468
0.285776 , 0.115 , 285.776 , 286.176776
0.286068 , 0.122 , 286.068 , 286.476068
0.286406 , 0.116 , 286.406 , 286.808406
0.286712 , 0.116 , 286.712 , 287.114712
0.287008 , 0.117 , 287.008 , 287.412008
0.287314 , 0.116 , 287.314 , 287.717314
0.287608 , 0.131 , 287.608 , 288.026608
0.287944 , 0.116 , 287.944 , 288.347944
0.288238 , 0.116 , 288.238 , 288.642238
0.288546 , 0.115 , 288.546 , 288.949546
0.303838 , 0.116 , 288.838 , 289.257838
0.289146 , 0.131 , 289.146 , 289.566146
0.28947 , 0.122 , 289.47 , 289.88147
0.289776 , 0.116 , 289.776 , 290.181776
0.290072 , 0.121 , 290.072 , 290.483072
0.290378 , 0.131 , 290.378 , 290.799378
0.306708 , 0.103 , 290.708 , 291.117708
0.29101 , 0.116 , 291.01 , 291.41701
0.291316 , 0.116 , 291.316 , 291.723316
0.29161 , 0.116 , 291.61 , 292.01761
0.291916 , 0.116 , 291.916 , 292.323916
0.292226 , 0.1 , 292.226 , 292.618226
0.292516 , 0.116 , 292.516 , 292.924516
0.29281 , 0.116 , 292.81 , 293.21881
0.293116 , 0.116 , 293.116 , 293.525116
0.29341 , 0.116 , 293.41 , 293.81941
0.293716 , 0.116 , 293.716 , 294.125716
0.29401 , 0.116 , 294.01 , 294.42001
0.294316 , 0.116 , 294.316 , 294.726316
0.29461 , 0.116 , 294.61 , 295.02061
0.294916 , 0.116 , 294.916 , 295.326916
0.29521 , 0.116 , 295.21 , 295.62121
0.295516 , 0.1 , 295.516 , 295.911516
0.29581 , 0.1 , 295.81 , 296.20581
0.29611 , 0.103 , 296.11 , 296.50911
0.31241 , 0.1 , 296.41 , 296.82241
0.296708 , 0.104 , 296.708 , 297.108708
0.29698 , 0.116 , 296.98 , 297.39298
0.297276 , 0.105 , 297.276 , 297.678276
0.29761 , 0.1 , 297.61 , 298.00761
0.297904 , 0.106 , 297.904 , 298.307904
0.29818 , 0.115 , 298.18 , 298.59318
0.298472 , 0.121 , 298.472 , 298.891472
0.298778 , 0.116 , 298.778 , 299.192778
0.299072 , 0.121 , 299.072 , 299.492072
0.29938 , 0.116 , 299.38 , 299.79538
0.299674 , 0.118 , 299.674 , 300.091674
0.29998 , 0.101 , 299.98 , 300.38098
0.300274 , 0.116 , 300.274 , 300.690274
0.30055 , 0.116 , 300.55 , 300.96655
0.300844 , 0.116 , 300.844 , 301.260844
0.301152 , 0.1 , 301.152 , 301.553152
0.301444 , 0.116 , 301.444 , 301.861444
0.301752 , 0.116 , 301.752 , 302.169752
0.302046 , 0.115 , 302.046 , 302.463046
0.30232 , 0.116 , 302.32 , 302.73832
0.302614 , 0.116 , 302.614 , 303.032614
0.302922 , 0.115 , 302.922 , 303.339922
0.303214 , 0.116 , 303.214 , 303.633214
0.303521 , 0.1 , 303.521 , 303.924521
0.303784 , 0.116 , 303.784 , 304.203784
0.304078 , 0.123 , 304.078 , 304.505078
0.304386 , 0.116 , 304.386 , 304.806386
0.30468 , 0.122 , 304.68 , 305.10668
0.304986 , 0.116 , 304.986 , 305.406986
0.30528 , 0.123 , 305.28 , 305.70828
0.305588 , 0.116 , 305.588 , 306.009588
0.305882 , 0.119 , 305.882 , 306.306882
0.306158 , 0.131 , 306.158 , 306.595158
0.306482 , 0.116 , 306.482 , 306.904482
0.306758 , 0.131 , 306.758 , 307.195758
0.308082 , 0.12 , 307.082 , 307.510082
0.323388 , 0.1 , 307.388 , 307.811388
0.308682 , 0.117 , 307.682 , 308.107682
0.307958 , 0.1 , 307.958 , 308.365958
0.308252 , 0.115 , 308.252 , 308.675252
0.30859 , 0.115 , 308.59 , 309.01359
0.308899 , 0.106 , 308.899 , 309.313899
0.30919 , 0.115 , 309.19 , 309.61419
0.309518 , 0.105 , 309.518 , 309.932518
0.324822 , 0.1 , 309.822 , 310.246822
0.31012 , 0.104 , 310.12 , 310.53412
0.31039 , 0.132 , 310.39 , 310.83239
0.310725 , 0.102 , 310.725 , 311.137725
0.310992 , 0.116 , 310.992 , 311.418992
0.311286 , 0.122 , 311.286 , 311.719286
0.311592 , 0.101 , 311.592 , 312.004592
0.311888 , 0.1 , 311.888 , 312.299888
0.312162 , 0.117 , 312.162 , 312.591162
0.312474 , 0.099 , 312.474 , 312.885474
0.312764 , 0.115 , 312.764 , 313.191764
0.313058 , 0.115 , 313.058 , 313.486058
0.313364 , 0.1 , 313.364 , 313.777364
0.313658 , 0.115 , 313.658 , 314.086658
0.313932 , 0.116 , 313.932 , 314.361932
0.314226 , 0.116 , 314.226 , 314.656226
Total GPU = 153496.750617