#Qurey Time, Memory allocation , I/O Time , Total
0 , 0 , 0 , 0
0.02325 , 0.1 , 23.25 , 23.37325
0.023574 , 0.085 , 23.574 , 23.682574
0.02385 , 0.132 , 23.85 , 24.00585
0.024218 , 0.148 , 24.218 , 24.390218
0.02462 , 0.1 , 24.62 , 24.74462
0.024914 , 0.115 , 24.914 , 25.053914
0.02522 , 0.116 , 25.22 , 25.36122
0.025546 , 0.131 , 25.546 , 25.702546
0.025884 , 0.115 , 25.884 , 26.024884
0.026222 , 0.078 , 26.222 , 26.326222
0.026484 , 0.085 , 26.484 , 26.595484
0.026748 , 0.084 , 26.748 , 26.858748
0.027022 , 0.101 , 27.022 , 27.150022
0.027318 , 0.084 , 27.318 , 27.429318
0.027656 , 0.084 , 27.656 , 27.767656
0.02798 , 0.069 , 27.98 , 28.07698
0.04322 , 0.065 , 28.22 , 28.32822
0.028456 , 0.047 , 28.456 , 28.531456
0.028656 , 0.046 , 28.656 , 28.730656
0.028856 , 0.079 , 28.856 , 28.963856
0.029088 , 0.046 , 29.088 , 29.163088
0.029288 , 0.084 , 29.288 , 29.401288
0.02955 , 0.069 , 29.55 , 29.64855
0.030782 , 0.121 , 29.782 , 29.933782
0.03009 , 0.068 , 30.09 , 30.18809
0.03032 , 0.132 , 30.32 , 30.48232
0.03069 , 0.1 , 30.69 , 30.82069
0.030984 , 0.1 , 30.984 , 31.114984
0.03129 , 0.066 , 31.29 , 31.38729
0.031522 , 0.069 , 31.522 , 31.622522
0.031786 , 0.052 , 31.786 , 31.869786
0.031984 , 0.085 , 31.984 , 32.100984
0.032292 , 0.048 , 32.292 , 32.372292
0.032522 , 0.069 , 32.522 , 32.623522
0.032786 , 0.068 , 32.786 , 32.886786
0.03306 , 0.084 , 33.06 , 33.17706
0.033354 , 0.084 , 33.354 , 33.471354
0.033622 , 0.05 , 33.622 , 33.705622
0.033824 , 0.049 , 33.824 , 33.906824
0.033986 , 0.068 , 33.986 , 34.087986
0.034186 , 0.056 , 34.186 , 34.276186
0.03439 , 0.051 , 34.39 , 34.47539
0.034586 , 0.038 , 34.586 , 34.658586
0.034756 , 0.053 , 34.756 , 34.843756
0.034956 , 0.053 , 34.956 , 35.043956
0.035156 , 0.069 , 35.156 , 35.260156
0.035356 , 0.069 , 35.356 , 35.460356
0.035556 , 0.054 , 35.556 , 35.645556
0.035758 , 0.053 , 35.758 , 35.846758
0.035958 , 0.053 , 35.958 , 36.046958
0.036126 , 0.053 , 36.126 , 36.215126
0.036326 , 0.053 , 36.326 , 36.415326
0.036526 , 0.053 , 36.526 , 36.615526
0.036726 , 0.053 , 36.726 , 36.815726
0.036896 , 0.046 , 36.896 , 36.978896
0.037096 , 0.047 , 37.096 , 37.180096
0.037296 , 0.047 , 37.296 , 37.380296
0.037496 , 0.047 , 37.496 , 37.580496
0.037664 , 0.063 , 37.664 , 37.764664
0.037864 , 0.047 , 37.864 , 37.948864
0.038064 , 0.047 , 38.064 , 38.149064
0.038234 , 0.062 , 38.234 , 38.334234
0.038434 , 0.047 , 38.434 , 38.519434
0.038634 , 0.047 , 38.634 , 38.719634
0.038822 , 0.037 , 38.822 , 38.897822
0.03899 , 0.053 , 38.99 , 39.08199
0.03919 , 0.038 , 39.19 , 39.26719
0.039358 , 0.054 , 39.358 , 39.451358
0.03956 , 0.053 , 39.56 , 39.65256
0.03979 , 0.053 , 39.79 , 39.88279
0.03999 , 0.053 , 39.99 , 40.08299
0.04016 , 0.053 , 40.16 , 40.25316
0.04036 , 0.054 , 40.36 , 40.45436
0.040577 , 0.038 , 40.577 , 40.655577
0.04076 , 0.054 , 40.76 , 40.85476
0.040962 , 0.038 , 40.962 , 41.040962
0.041132 , 0.052 , 41.132 , 41.225132
0.04133 , 0.053 , 41.33 , 41.42433
0.04153 , 0.053 , 41.53 , 41.62453
0.04173 , 0.054 , 41.73 , 41.82573
0.041932 , 0.053 , 41.932 , 42.026932
0.0421 , 0.069 , 42.1 , 42.2111
0.0423 , 0.047 , 42.3 , 42.3893
0.0425 , 0.047 , 42.5 , 42.5895
0.0427 , 0.047 , 42.7 , 42.7897
0.04287 , 0.062 , 42.87 , 42.97487
0.04307 , 0.048 , 43.07 , 43.16107
0.04327 , 0.047 , 43.27 , 43.36027
0.04347 , 0.047 , 43.47 , 43.56047
0.04367 , 0.047 , 43.67 , 43.76067
0.043838 , 0.063 , 43.838 , 43.944838
0.044038 , 0.063 , 44.038 , 44.145038
0.04427 , 0.1 , 44.27 , 44.41427
0.044534 , 0.052 , 44.534 , 44.630534
0.044734 , 0.053 , 44.734 , 44.831734
0.044934 , 0.053 , 44.934 , 45.031934
0.045132 , 0.07 , 45.132 , 45.247132
0.045366 , 0.052 , 45.366 , 45.463366
0.045564 , 0.054 , 45.564 , 45.663564
0.061766 , 0.053 , 45.766 , 45.880766
0.045966 , 0.1 , 45.966 , 46.111966
0.04624 , 0.098 , 46.24 , 46.38424
0.046504 , 0.084 , 46.504 , 46.634504
0.046766 , 0.084 , 46.766 , 46.896766
0.04704 , 0.101 , 47.04 , 47.18804
0.047304 , 0.101 , 47.304 , 47.452304
0.047598 , 0.1 , 47.598 , 47.745598
0.047874 , 0.132 , 47.874 , 48.053874
0.048236 , 0.082 , 48.236 , 48.366236
0.048474 , 0.084 , 48.474 , 48.606474
0.048706 , 0.1 , 48.706 , 48.854706
0.04897 , 0.1 , 48.97 , 49.11897
0.049276 , 0.1 , 49.276 , 49.425276
0.04957 , 0.1 , 49.57 , 49.71957
0.049846 , 0.1 , 49.846 , 49.995846
0.050108 , 0.085 , 50.108 , 50.243108
0.05034 , 0.1 , 50.34 , 50.49034
0.050646 , 0.101 , 50.646 , 50.797646
0.05091 , 0.1 , 50.91 , 51.06091
0.051204 , 0.053 , 51.204 , 51.308204
0.051372 , 0.085 , 51.372 , 51.508372
0.051638 , 0.052 , 51.638 , 51.741638
0.051804 , 0.1 , 51.804 , 51.955804
0.05208 , 0.1 , 52.08 , 52.23208
0.052374 , 0.053 , 52.374 , 52.479374
0.052544 , 0.069 , 52.544 , 52.665544
0.052744 , 0.131 , 52.744 , 52.927744
0.053114 , 0.1 , 53.114 , 53.267114
0.053408 , 0.099 , 53.408 , 53.560408
0.053682 , 0.047 , 53.682 , 53.782682
0.053882 , 0.062 , 53.882 , 53.997882
0.054082 , 0.047 , 54.082 , 54.183082
0.054282 , 0.047 , 54.282 , 54.383282
0.054482 , 0.047 , 54.482 , 54.583482
0.07065 , 0.047 , 54.65 , 54.76765
0.05485 , 0.047 , 54.85 , 54.95185
0.055006 , 0.054 , 55.006 , 55.115006
0.055206 , 0.053 , 55.206 , 55.314206
0.055376 , 0.053 , 55.376 , 55.484376
0.055544 , 0.053 , 55.544 , 55.652544
0.055744 , 0.054 , 55.744 , 55.853744
0.055914 , 0.068 , 55.914 , 56.037914
0.056114 , 0.047 , 56.114 , 56.217114
0.056314 , 0.047 , 56.314 , 56.417314
0.056482 , 0.063 , 56.482 , 56.601482
0.056682 , 0.047 , 56.682 , 56.785682
0.056882 , 0.047 , 56.882 , 56.985882
0.05705 , 0.062 , 57.05 , 57.16905
0.05725 , 0.047 , 57.25 , 57.35425
0.05745 , 0.063 , 57.45 , 57.57045
0.05765 , 0.063 , 57.65 , 57.77065
0.057852 , 0.046 , 57.852 , 57.955852
0.05805 , 0.047 , 58.05 , 58.15505
0.058208 , 0.053 , 58.208 , 58.319208
0.058408 , 0.053 , 58.408 , 58.519408
0.058608 , 0.053 , 58.608 , 58.719608
0.058808 , 0.069 , 58.808 , 58.935808
0.05905 , 0.047 , 59.05 , 59.15605
0.059208 , 0.053 , 59.208 , 59.320208
0.059408 , 0.038 , 59.408 , 59.505408
0.059576 , 0.054 , 59.576 , 59.689576
0.059748 , 0.053 , 59.748 , 59.860748
0.060946 , 0.05 , 59.946 , 60.056946
0.060116 , 0.047 , 60.116 , 60.223116
0.060286 , 0.062 , 60.286 , 60.408286
0.060486 , 0.047 , 60.486 , 60.593486
0.060654 , 0.047 , 60.654 , 60.761654
0.060856 , 0.047 , 60.856 , 60.963856
0.061012 , 0.053 , 61.012 , 61.126012
0.061212 , 0.053 , 61.212 , 61.326212
0.06141 , 0.038 , 61.41 , 61.50941
0.06158 , 0.038 , 61.58 , 61.67958
0.06175 , 0.053 , 61.75 , 61.86475
0.061918 , 0.047 , 61.918 , 62.026918
0.062118 , 0.047 , 62.118 , 62.227118
0.062288 , 0.084 , 62.288 , 62.434288
0.06255 , 0.053 , 62.55 , 62.66555
0.063718 , 0.065 , 62.718 , 62.846718
0.06292 , 0.047 , 62.92 , 63.02992
0.063088 , 0.066 , 63.088 , 63.217088
0.063288 , 0.063 , 63.288 , 63.414288
0.063488 , 0.047 , 63.488 , 63.598488
0.063656 , 0.063 , 63.656 , 63.782656
0.063856 , 0.047 , 63.856 , 63.966856
0.064048 , 0.036 , 64.048 , 64.148048
0.064214 , 0.068 , 64.214 , 64.346214
0.064454 , 0.063 , 64.454 , 64.581454
0.064658 , 0.078 , 64.658 , 64.800658
0.06489 , 0.062 , 64.89 , 65.01689
0.06509 , 0.084 , 65.09 , 65.23909
0.065352 , 0.053 , 65.352 , 65.470352
0.06552 , 0.086 , 65.52 , 65.67152
0.065784 , 0.085 , 65.784 , 65.934784
0.066016 , 0.069 , 66.016 , 66.151016
0.066216 , 0.069 , 66.216 , 66.351216
0.066416 , 0.053 , 66.416 , 66.535416
0.066616 , 0.053 , 66.616 , 66.735616
0.066784 , 0.069 , 66.784 , 66.919784
0.067016 , 0.038 , 67.016 , 67.121016
0.067186 , 0.053 , 67.186 , 67.306186
0.067386 , 0.053 , 67.386 , 67.506386
0.067556 , 0.052 , 67.556 , 67.675556
0.067724 , 0.084 , 67.724 , 67.875724
0.067986 , 0.116 , 67.986 , 68.169986
0.068294 , 0.084 , 68.294 , 68.446294
0.068526 , 0.115 , 68.526 , 68.709526
0.06886 , 0.08 , 68.86 , 69.00886
0.069094 , 0.116 , 69.094 , 69.279094
0.06942 , 0.052 , 69.42 , 69.54142
0.069618 , 0.053 , 69.618 , 69.740618
0.069788 , 0.053 , 69.788 , 69.910788
0.069988 , 0.069 , 69.988 , 70.126988
0.070188 , 0.116 , 70.188 , 70.374188
0.070494 , 0.084 , 70.494 , 70.648494
0.070726 , 0.084 , 70.726 , 70.880726
0.070988 , 0.085 , 70.988 , 71.143988
0.071262 , 0.063 , 71.262 , 71.396262
0.071464 , 0.047 , 71.464 , 71.582464
0.071661 , 0.063 , 71.661 , 71.795661
0.071864 , 0.063 , 71.864 , 71.998864
0.072064 , 0.063 , 72.064 , 72.199064
0.072264 , 0.047 , 72.264 , 72.383264
0.072455 , 0.083 , 72.455 , 72.610455
0.072698 , 0.084 , 72.698 , 72.854698
0.07396 , 0.052 , 72.96 , 73.08596
0.07313 , 0.052 , 73.13 , 73.25513
0.073298 , 0.063 , 73.298 , 73.434298
0.073498 , 0.047 , 73.498 , 73.618498
0.073698 , 0.101 , 73.698 , 73.872698
0.073994 , 0.053 , 73.994 , 74.120994
0.074162 , 0.053 , 74.162 , 74.289162
0.07433 , 0.069 , 74.33 , 74.47333
0.074562 , 0.053 , 74.562 , 74.689562
0.075746 , 0.049 , 74.746 , 74.870746
0.074932 , 0.046 , 74.932 , 75.052932
0.0751 , 0.062 , 75.1 , 75.2371
0.0753 , 0.062 , 75.3 , 75.4373
0.0755 , 0.084 , 75.5 , 75.6595
0.075762 , 0.147 , 75.762 , 75.984762
0.07613 , 0.065 , 76.13 , 76.27113
0.07633 , 0.1 , 76.33 , 76.50633
0.076592 , 0.053 , 76.592 , 76.721592
0.076762 , 0.054 , 76.762 , 76.892762
0.076962 , 0.053 , 76.962 , 77.091962
0.07713 , 0.047 , 77.13 , 77.25413
0.077332 , 0.046 , 77.332 , 77.455332
0.0775 , 0.101 , 77.5 , 77.6785
0.077764 , 0.069 , 77.764 , 77.910764
0.077964 , 0.1 , 77.964 , 78.141964
0.078228 , 0.099 , 78.228 , 78.405228
0.078502 , 0.1 , 78.502 , 78.680502
0.078796 , 0.037 , 78.796 , 78.911796
0.078964 , 0.068 , 78.964 , 79.110964
0.079164 , 0.069 , 79.164 , 79.312164
0.079364 , 0.116 , 79.364 , 79.559364
0.07967 , 0.116 , 79.67 , 79.86567
0.079964 , 0.1 , 79.964 , 80.143964
0.080228 , 0.099 , 80.228 , 80.407228
0.080502 , 0.084 , 80.502 , 80.666502
0.080732 , 0.116 , 80.732 , 80.928732
0.081028 , 0.099 , 81.028 , 81.208028
0.081302 , 0.132 , 81.302 , 81.515302
0.081628 , 0.138 , 81.628 , 81.847628
0.081966 , 0.132 , 81.966 , 82.179966
0.082304 , 0.132 , 82.304 , 82.518304
0.08263 , 0.122 , 82.63 , 82.83463
0.082968 , 0.101 , 82.968 , 83.151968
0.083234 , 0.12 , 83.234 , 83.437234
0.083568 , 0.184 , 83.568 , 83.835568
0.08403 , 0.122 , 84.03 , 84.23603
0.084338 , 0.131 , 84.338 , 84.553338
0.084706 , 0.163 , 84.706 , 84.953706
0.085108 , 0.116 , 85.108 , 85.309108
0.085402 , 0.115 , 85.402 , 85.602402
0.08574 , 0.131 , 85.74 , 85.95674
0.086076 , 0.101 , 86.076 , 86.263076
0.086372 , 0.1 , 86.372 , 86.558372
0.086666 , 0.105 , 86.666 , 86.857666
0.086942 , 0.115 , 86.942 , 87.143942
0.08727 , 0.12 , 87.27 , 87.47727
0.087572 , 0.132 , 87.572 , 87.791572
0.08791 , 0.147 , 87.91 , 88.14491
0.08828 , 0.078 , 88.28 , 88.44628
0.088542 , 0.131 , 88.542 , 88.761542
0.088878 , 0.1 , 88.878 , 89.066878
0.089142 , 0.068 , 89.142 , 89.299142
0.089342 , 0.084 , 89.342 , 89.515342
0.089604 , 0.084 , 89.604 , 89.777604
0.089878 , 0.048 , 89.878 , 90.015878
0.090036 , 0.099 , 90.036 , 90.225036
0.09031 , 0.131 , 90.31 , 90.53131
0.105634 , 0.085 , 90.634 , 90.824634
0.09091 , 0.1 , 90.91 , 91.10091
0.091172 , 0.131 , 91.172 , 91.394172
0.091526 , 0.116 , 91.526 , 91.733526
0.091836 , 0.122 , 91.836 , 92.049836
0.092142 , 0.116 , 92.142 , 92.350142
0.092438 , 0.121 , 92.438 , 92.651438
0.092744 , 0.1 , 92.744 , 92.936744
0.093006 , 0.117 , 93.006 , 93.216006
0.093312 , 0.101 , 93.312 , 93.506312
0.093576 , 0.185 , 93.576 , 93.854576
0.094008 , 0.153 , 94.008 , 94.255008
0.094376 , 0.101 , 94.376 , 94.571376
0.09464 , 0.119 , 94.64 , 94.85364
0.094946 , 0.1 , 94.946 , 95.140946
0.09524 , 0.116 , 95.24 , 95.45124
0.095514 , 0.131 , 95.514 , 95.740514
0.09584 , 0.122 , 95.84 , 96.05784
0.112146 , 0.116 , 96.146 , 96.374146
0.096482 , 0.117 , 96.482 , 96.695482
0.096778 , 0.131 , 96.778 , 97.005778
0.0971 , 0.115 , 97.1 , 97.3121
0.09841 , 0.134 , 97.41 , 97.64241
0.097748 , 0.115 , 97.748 , 97.960748
0.098042 , 0.121 , 98.042 , 98.261042
0.098378 , 0.116 , 98.378 , 98.592378
0.098684 , 0.163 , 98.684 , 98.945684
0.099084 , 0.163 , 99.084 , 99.346084
0.099484 , 0.163 , 99.484 , 99.746484
0.099886 , 0.162 , 99.886 , 100.147886
0.100284 , 0.116 , 100.284 , 100.500284
0.10058 , 0.115 , 100.58 , 100.79558
0.100884 , 0.116 , 100.884 , 101.100884
0.101178 , 0.116 , 101.178 , 101.395178
0.101484 , 0.116 , 101.484 , 101.701484
0.101808 , 0.139 , 101.808 , 102.048808
0.102148 , 0.1 , 102.148 , 102.350148
0.102442 , 0.169 , 102.442 , 102.713442
0.102842 , 0.138 , 102.842 , 103.082842
0.103182 , 0.099 , 103.182 , 103.384182
0.103482 , 0.103 , 103.482 , 103.688482
0.10375 , 0.116 , 103.75 , 103.96975
0.104044 , 0.122 , 104.044 , 104.270044
0.10535 , 0.065 , 104.35 , 104.52035
0.104556 , 0.047 , 104.556 , 104.707556
0.104736 , 0.084 , 104.736 , 104.924736
0.104982 , 0.069 , 104.982 , 105.155982
0.105184 , 0.053 , 105.184 , 105.342184
0.105384 , 0.069 , 105.384 , 105.558384
0.105584 , 0.069 , 105.584 , 105.758584
0.105799 , 0.086 , 105.799 , 105.990799
0.106048 , 0.122 , 106.048 , 106.276048
0.106354 , 0.131 , 106.354 , 106.591354
0.106682 , 0.12 , 106.682 , 106.908682
0.106986 , 0.116 , 106.986 , 107.208986
0.107292 , 0.132 , 107.292 , 107.531292
0.107618 , 0.116 , 107.618 , 107.841618
0.107926 , 0.131 , 107.926 , 108.164926
0.108252 , 0.137 , 108.252 , 108.497252
0.108588 , 0.085 , 108.588 , 108.781588
0.108852 , 0.121 , 108.852 , 109.081852
0.109158 , 0.131 , 109.158 , 109.398158
0.10949 , 0.134 , 109.49 , 109.73349
0.10982 , 0.133 , 109.82 , 110.06282
0.110158 , 0.147 , 110.158 , 110.415158
0.110528 , 0.163 , 110.528 , 110.801528
0.110928 , 0.116 , 110.928 , 111.154928
0.111222 , 0.136 , 111.222 , 111.469222
0.11156 , 0.116 , 111.56 , 111.78756
0.111854 , 0.154 , 111.854 , 112.119854
0.112224 , 0.137 , 112.224 , 112.473224
0.112592 , 0.116 , 112.592 , 112.820592
0.112898 , 0.116 , 112.898 , 113.126898
0.113196 , 0.13 , 113.196 , 113.439196
0.11353 , 0.116 , 113.53 , 113.75953
0.113824 , 0.116 , 113.824 , 114.053824
0.114132 , 0.131 , 114.132 , 114.377132
0.114456 , 0.122 , 114.456 , 114.692456
0.114762 , 0.169 , 114.762 , 115.045762
0.115162 , 0.169 , 115.162 , 115.446162
0.115564 , 0.147 , 115.564 , 115.826564
0.115932 , 0.116 , 115.932 , 116.163932
0.116226 , 0.101 , 116.226 , 116.443226
0.116504 , 0.099 , 116.504 , 116.719504
0.116766 , 0.1 , 116.766 , 116.982766
0.117028 , 0.1 , 117.028 , 117.245028
0.117302 , 0.079 , 117.302 , 117.498302
0.117504 , 0.078 , 117.504 , 117.699504
0.117734 , 0.101 , 117.734 , 117.952734
0.117998 , 0.1 , 117.998 , 118.215998
0.133262 , 0.084 , 118.262 , 118.479262
0.118506 , 0.1 , 118.506 , 118.724506
0.118768 , 0.1 , 118.768 , 118.986768
0.11903 , 0.101 , 119.03 , 119.25003
0.119294 , 0.084 , 119.294 , 119.497294
0.119538 , 0.1 , 119.538 , 119.757538
0.119802 , 0.1 , 119.802 , 120.021802
0.120064 , 0.084 , 120.064 , 120.268064
0.120308 , 0.1 , 120.308 , 120.528308
0.12057 , 0.101 , 120.57 , 120.79157
0.120834 , 0.084 , 120.834 , 121.038834
0.121064 , 0.1 , 121.064 , 121.285064
0.12134 , 0.085 , 121.34 , 121.54634
0.121572 , 0.1 , 121.572 , 121.793572
0.121834 , 0.1 , 121.834 , 122.055834
0.122103 , 0.08 , 122.103 , 122.305103
0.12234 , 0.1 , 122.34 , 122.56234
0.122602 , 0.116 , 122.602 , 122.840602
0.13791 , 0.116 , 122.91 , 123.16391
0.123238 , 0.114 , 123.238 , 123.475238
0.123542 , 0.131 , 123.542 , 123.796542
0.123868 , 0.122 , 123.868 , 124.113868
0.124174 , 0.131 , 124.174 , 124.429174
0.124512 , 0.116 , 124.512 , 124.752512
0.124806 , 0.116 , 124.806 , 125.046806
0.140112 , 0.116 , 125.112 , 125.368112
0.125438 , 0.115 , 125.438 , 125.678438
0.125774 , 0.1 , 125.774 , 125.999774
0.126036 , 0.1 , 126.036 , 126.262036
0.126308 , 0.1 , 126.308 , 126.534308
0.126574 , 0.131 , 126.574 , 126.831574
0.12691 , 0.148 , 126.91 , 127.18491
0.127268 , 0.121 , 127.268 , 127.516268
0.127606 , 0.131 , 127.606 , 127.864606
0.127944 , 0.147 , 127.944 , 128.218944
0.128312 , 0.132 , 128.312 , 128.572312
0.12864 , 0.137 , 128.64 , 128.90564
0.129008 , 0.132 , 129.008 , 129.269008
0.129346 , 0.1 , 129.346 , 129.575346
0.12961 , 0.131 , 129.61 , 129.87061
0.129978 , 0.116 , 129.978 , 130.223978
0.130272 , 0.138 , 130.272 , 130.540272
0.13061 , 0.132 , 130.61 , 130.87261
0.130948 , 0.116 , 130.948 , 131.194948
0.131242 , 0.115 , 131.242 , 131.488242
0.131548 , 0.116 , 131.548 , 131.795548
0.131874 , 0.117 , 131.874 , 132.122874
0.13215 , 0.131 , 132.15 , 132.41315
0.132476 , 0.122 , 132.476 , 132.730476
0.132782 , 0.169 , 132.782 , 133.083782
0.133198 , 0.14 , 133.198 , 133.471198
0.13352 , 0.163 , 133.52 , 133.81652
0.13392 , 0.148 , 133.92 , 134.20192
0.134278 , 0.168 , 134.278 , 134.580278
0.134678 , 0.153 , 134.678 , 134.965678
0.135046 , 0.169 , 135.046 , 135.350046
0.135446 , 0.153 , 135.446 , 135.734446
0.135814 , 0.132 , 135.814 , 136.081814
0.136154 , 0.131 , 136.154 , 136.421154
0.136512 , 0.121 , 136.512 , 136.769512
0.137818 , 0.149 , 136.818 , 137.104818
0.137156 , 0.147 , 137.156 , 137.440156
0.137524 , 0.147 , 137.524 , 137.808524
0.137912 , 0.083 , 137.912 , 138.132912
0.138156 , 0.085 , 138.156 , 138.379156
0.138388 , 0.167 , 138.388 , 138.693388
0.138788 , 0.147 , 138.788 , 139.073788
0.139158 , 0.163 , 139.158 , 139.460158
0.139558 , 0.163 , 139.558 , 139.860558
0.13996 , 0.131 , 139.96 , 140.23096
0.140318 , 0.137 , 140.318 , 140.595318
0.140654 , 0.137 , 140.654 , 140.931654
0.140992 , 0.147 , 140.992 , 141.279992
0.141362 , 0.131 , 141.362 , 141.634362
0.141686 , 0.154 , 141.686 , 141.981686
0.142056 , 0.137 , 142.056 , 142.335056
0.142424 , 0.131 , 142.424 , 142.697424
0.14276 , 0.132 , 142.76 , 143.03476
0.143086 , 0.154 , 143.086 , 143.383086
0.143456 , 0.153 , 143.456 , 143.752456
0.143824 , 0.132 , 143.824 , 144.099824
0.144162 , 0.131 , 144.162 , 144.437162
0.144488 , 0.138 , 144.488 , 144.770488
0.144826 , 0.132 , 144.826 , 145.102826
0.145164 , 0.132 , 145.164 , 145.441164
0.14549 , 0.138 , 145.49 , 145.77349
0.145828 , 0.132 , 145.828 , 146.105828
0.146168 , 0.131 , 146.168 , 146.445168
0.146492 , 0.137 , 146.492 , 146.775492
0.16283 , 0.153 , 146.83 , 147.14583
0.14723 , 0.116 , 147.23 , 147.49323
0.147538 , 0.131 , 147.538 , 147.816538
0.147862 , 0.1 , 147.862 , 148.109862
0.148138 , 0.099 , 148.138 , 148.385138
0.1484 , 0.1 , 148.4 , 148.6484
0.148664 , 0.1 , 148.664 , 148.912664
0.148938 , 0.1 , 148.938 , 149.186938
0.149232 , 0.1 , 149.232 , 149.481232
0.149496 , 0.137 , 149.496 , 149.782496
0.149832 , 0.069 , 149.832 , 150.050832
0.150064 , 0.116 , 150.064 , 150.330064
0.150338 , 0.101 , 150.338 , 150.589338
0.150604 , 0.115 , 150.604 , 150.869604
0.150896 , 0.123 , 150.896 , 151.169896
0.151204 , 0.116 , 151.204 , 151.471204
0.151498 , 0.137 , 151.498 , 151.786498
0.151836 , 0.131 , 151.836 , 152.118836
0.152172 , 0.132 , 152.172 , 152.456172
0.152498 , 0.138 , 152.498 , 152.788498
0.153836 , 0.148 , 152.836 , 153.137836
0.153178 , 0.082 , 153.178 , 153.413178
0.153406 , 0.085 , 153.406 , 153.644406
0.153668 , 0.085 , 153.668 , 153.906668
0.1539 , 0.084 , 153.9 , 154.1379
0.154144 , 0.116 , 154.144 , 154.414144
0.154438 , 0.131 , 154.438 , 154.723438
0.154774 , 0.116 , 154.774 , 155.044774
0.155068 , 0.132 , 155.068 , 155.355068
0.155376 , 0.146 , 155.376 , 155.677376
0.155744 , 0.147 , 155.744 , 156.046744
0.15614 , 0.148 , 156.14 , 156.44414
0.1565 , 0.169 , 156.5 , 156.8255
0.1569 , 0.153 , 156.9 , 157.2099
0.157268 , 0.154 , 157.268 , 157.579268
0.15767 , 0.153 , 157.67 , 157.98067
0.158038 , 0.132 , 158.038 , 158.328038
0.158378 , 0.131 , 158.378 , 158.667378
0.158704 , 0.137 , 158.704 , 158.999704
0.15904 , 0.116 , 159.04 , 159.31504
0.159348 , 0.132 , 159.348 , 159.639348
0.159674 , 0.137 , 159.674 , 159.970674
0.16001 , 0.148 , 160.01 , 160.31801
0.16038 , 0.147 , 160.38 , 160.68738
0.160748 , 0.116 , 160.748 , 161.024748
0.161044 , 0.131 , 161.044 , 161.336044
0.161382 , 0.132 , 161.382 , 161.675382
0.161708 , 0.122 , 161.708 , 161.991708
0.162046 , 0.116 , 162.046 , 162.324046
0.162352 , 0.115 , 162.352 , 162.629352
0.162676 , 0.116 , 162.676 , 162.954676
0.162984 , 0.117 , 162.984 , 163.263984
0.16328 , 0.152 , 163.28 , 163.59528
0.163646 , 0.132 , 163.646 , 163.941646
0.163984 , 0.131 , 163.984 , 164.278984
0.164308 , 0.154 , 164.308 , 164.626308
0.164678 , 0.153 , 164.678 , 164.995678
0.165048 , 0.084 , 165.048 , 165.297048
0.16528 , 0.136 , 165.28 , 165.58128
0.165616 , 0.131 , 165.616 , 165.912616
0.165954 , 0.131 , 165.954 , 166.250954
0.16628 , 0.137 , 166.28 , 166.58328
0.181618 , 0.116 , 166.618 , 166.915618
0.166948 , 0.12 , 166.948 , 167.234948
0.16725 , 0.132 , 167.25 , 167.54925
0.167588 , 0.147 , 167.588 , 167.902588
0.167956 , 0.132 , 167.956 , 168.255956
0.168282 , 0.154 , 168.282 , 168.604282
0.168652 , 0.131 , 168.652 , 168.951652
0.16899 , 0.131 , 168.99 , 169.28999
0.169346 , 0.107 , 169.346 , 169.622346
0.169622 , 0.1 , 169.622 , 169.891622
0.169884 , 0.085 , 169.884 , 170.138884
0.170116 , 0.099 , 170.116 , 170.385116
0.17139 , 0.084 , 170.39 , 170.64539
0.170622 , 0.069 , 170.622 , 170.861622
0.170822 , 0.1 , 170.822 , 171.092822
0.171084 , 0.1 , 171.084 , 171.355084
0.171358 , 0.117 , 171.358 , 171.646358
0.171654 , 0.116 , 171.654 , 171.941654
0.171962 , 0.116 , 171.962 , 172.249962
0.172288 , 0.131 , 172.288 , 172.591288
0.172594 , 0.131 , 172.594 , 172.897594
0.172918 , 0.122 , 172.918 , 173.212918
0.173228 , 0.13 , 173.228 , 173.531228
0.173562 , 0.132 , 173.562 , 173.867562
0.173888 , 0.137 , 173.888 , 174.198888
0.174224 , 0.133 , 174.224 , 174.531224
0.174564 , 0.132 , 174.564 , 174.870564
0.17489 , 0.115 , 174.89 , 175.17989
0.190196 , 0.116 , 175.196 , 175.502196
0.175522 , 0.121 , 175.522 , 175.818522
0.175828 , 0.115 , 175.828 , 176.118828
0.17612 , 0.153 , 176.12 , 176.44912
0.17652 , 0.169 , 176.52 , 176.86552
0.17692 , 0.169 , 176.92 , 177.26592
0.17732 , 0.153 , 177.32 , 177.65032
0.17769 , 0.136 , 177.69 , 178.00369
0.178026 , 0.116 , 178.026 , 178.320026
0.178354 , 0.12 , 178.354 , 178.652354
0.178658 , 0.131 , 178.658 , 178.967658
0.178996 , 0.131 , 178.996 , 179.305996
0.179354 , 0.121 , 179.354 , 179.654354
0.179658 , 0.154 , 179.658 , 179.991658
0.180028 , 0.101 , 180.028 , 180.309028
0.180292 , 0.137 , 180.292 , 180.609292
0.18063 , 0.131 , 180.63 , 180.94163
0.180966 , 0.117 , 180.966 , 181.263966
0.181262 , 0.148 , 181.262 , 181.591262
0.1816 , 0.131 , 181.6 , 181.9126
0.182958 , 0.103 , 181.958 , 182.243958
0.18223 , 0.1 , 182.23 , 182.51223
0.182492 , 0.116 , 182.492 , 182.790492
0.1828 , 0.116 , 182.8 , 183.0988
0.183126 , 0.153 , 183.126 , 183.462126
0.183494 , 0.154 , 183.494 , 183.831494
0.183894 , 0.154 , 183.894 , 184.231894
0.184264 , 0.154 , 184.264 , 184.602264
0.184666 , 0.153 , 184.666 , 185.003666
0.185036 , 0.169 , 185.036 , 185.390036
0.185436 , 0.132 , 185.436 , 185.753436
0.185774 , 0.116 , 185.774 , 186.075774
0.1861 , 0.138 , 186.1 , 186.4241
0.18647 , 0.147 , 186.47 , 186.80347
0.186808 , 0.131 , 186.808 , 187.125808
0.187132 , 0.121 , 187.132 , 187.440132
0.187438 , 0.116 , 187.438 , 187.741438
0.187732 , 0.122 , 187.732 , 188.041732
0.188038 , 0.116 , 188.038 , 188.342038
0.188332 , 0.122 , 188.332 , 188.642332
0.18867 , 0.116 , 188.67 , 188.97467
0.188976 , 0.116 , 188.976 , 189.280976
0.18927 , 0.132 , 189.27 , 189.59127
0.189608 , 0.132 , 189.608 , 189.929608
0.189934 , 0.137 , 189.934 , 190.260934
0.190272 , 0.131 , 190.272 , 190.593272
0.190608 , 0.132 , 190.608 , 190.930608
0.190934 , 0.122 , 190.934 , 191.246934
0.191272 , 0.131 , 191.272 , 191.594272
0.19161 , 0.131 , 191.61 , 191.93261
0.191934 , 0.122 , 191.934 , 192.247934
0.192272 , 0.116 , 192.272 , 192.580272
0.192593 , 0.116 , 192.593 , 192.901593
0.192934 , 0.15 , 192.934 , 193.276934
0.193328 , 0.14 , 193.328 , 193.661328
0.193672 , 0.131 , 193.672 , 193.996672
0.19401 , 0.147 , 194.01 , 194.35101
0.194378 , 0.131 , 194.378 , 194.703378
0.194708 , 0.151 , 194.708 , 195.053708
0.195072 , 0.131 , 195.072 , 195.398072
0.19541 , 0.115 , 195.41 , 195.72041
0.195704 , 0.138 , 195.704 , 196.037704
0.196042 , 0.131 , 196.042 , 196.369042
0.19638 , 0.132 , 196.38 , 196.70838
0.196706 , 0.137 , 196.706 , 197.039706
0.197044 , 0.131 , 197.044 , 197.372044
0.197379 , 0.117 , 197.379 , 197.693379
0.198706 , 0.136 , 197.706 , 198.040706
0.198046 , 0.131 , 198.046 , 198.375046
0.198384 , 0.131 , 198.384 , 198.713384
0.19874 , 0.185 , 198.74 , 199.12374
0.199186 , 0.131 , 199.186 , 199.516186
0.199542 , 0.137 , 199.542 , 199.878542
0.19988 , 0.153 , 199.88 , 200.23288
0.20025 , 0.147 , 200.25 , 200.59725
0.200618 , 0.131 , 200.618 , 200.949618
0.20098 , 0.134 , 200.98 , 201.31498
0.201312 , 0.137 , 201.312 , 201.650312
0.20165 , 0.1 , 201.65 , 201.95165
0.201944 , 0.084 , 201.944 , 202.229944
0.202186 , 0.117 , 202.186 , 202.505186
0.202482 , 0.132 , 202.482 , 202.816482
0.202804 , 0.116 , 202.804 , 203.122804
0.203146 , 0.118 , 203.146 , 203.467146
0.20342 , 0.147 , 203.42 , 203.77042
0.203788 , 0.117 , 203.788 , 204.108788
0.204084 , 0.1 , 204.084 , 204.388084
0.204348 , 0.068 , 204.348 , 204.620348
0.204582 , 0.083 , 204.582 , 204.869582
0.204822 , 0.063 , 204.822 , 205.089822
0.205024 , 0.1 , 205.024 , 205.329024
0.205286 , 0.116 , 205.286 , 205.607286
0.205588 , 0.102 , 205.588 , 205.895588
0.205856 , 0.131 , 205.856 , 206.192856
0.206186 , 0.104 , 206.186 , 206.496186
0.206456 , 0.101 , 206.456 , 206.763456
0.20672 , 0.068 , 206.72 , 206.99472
0.206918 , 0.138 , 206.918 , 207.262918
0.207288 , 0.184 , 207.288 , 207.679288
0.20772 , 0.153 , 207.72 , 208.08072
0.208088 , 0.153 , 208.088 , 208.449088
0.208458 , 0.131 , 208.458 , 208.797458
0.208828 , 0.162 , 208.828 , 209.198828
0.209228 , 0.131 , 209.228 , 209.568228
0.209552 , 0.122 , 209.552 , 209.883552
0.20989 , 0.116 , 209.89 , 210.21589
0.210196 , 0.116 , 210.196 , 210.522196
0.21049 , 0.132 , 210.49 , 210.83249
0.210828 , 0.132 , 210.828 , 211.170828
0.211154 , 0.122 , 211.154 , 211.487154
0.211492 , 0.132 , 211.492 , 211.835492
0.211798 , 0.116 , 211.798 , 212.125798
0.212092 , 0.085 , 212.092 , 212.389092
0.212324 , 0.138 , 212.324 , 212.674324
0.212662 , 0.116 , 212.662 , 212.990662
0.212958 , 0.121 , 212.958 , 213.291958
0.213264 , 0.131 , 213.264 , 213.608264
0.213602 , 0.116 , 213.602 , 213.931602
0.213896 , 0.085 , 213.896 , 214.194896
0.214128 , 0.084 , 214.128 , 214.426128
0.21436 , 0.068 , 214.36 , 214.64236
0.214558 , 0.085 , 214.558 , 214.857558
0.214804 , 0.078 , 214.804 , 215.096804
0.215034 , 0.047 , 215.034 , 215.296034
0.215202 , 0.063 , 215.202 , 215.480202
0.215404 , 0.094 , 215.404 , 215.713404
0.215636 , 0.084 , 215.636 , 215.935636
0.215866 , 0.069 , 215.866 , 216.150866
0.216098 , 0.069 , 216.098 , 216.383098
0.216298 , 0.069 , 216.298 , 216.583298
0.216498 , 0.1 , 216.498 , 216.814498
0.232762 , 0.099 , 216.762 , 217.093762
0.217036 , 0.101 , 217.036 , 217.354036
0.2333 , 0.1 , 217.3 , 217.6333
0.217594 , 0.106 , 217.594 , 217.917594
0.21787 , 0.116 , 217.87 , 218.20387
0.218164 , 0.122 , 218.164 , 218.504164
0.218472 , 0.115 , 218.472 , 218.805472
0.218764 , 0.122 , 218.764 , 219.104764
0.21907 , 0.116 , 219.07 , 219.40507
0.219366 , 0.122 , 219.366 , 219.707366
0.219672 , 0.116 , 219.672 , 220.007672
0.219966 , 0.1 , 219.966 , 220.285966
0.220242 , 0.131 , 220.242 , 220.593242
0.220598 , 0.122 , 220.598 , 220.940598
0.221904 , 0.15 , 220.904 , 221.275904
0.221274 , 0.069 , 221.274 , 221.564274
0.221474 , 0.132 , 221.474 , 221.827474
0.221844 , 0.147 , 221.844 , 222.212844
0.222212 , 0.132 , 222.212 , 222.566212
0.222538 , 0.116 , 222.538 , 222.876538
0.222846 , 0.131 , 222.846 , 223.199846
0.223174 , 0.12 , 223.174 , 223.517174
0.223476 , 0.132 , 223.476 , 223.831476
0.223814 , 0.131 , 223.814 , 224.168814
0.22414 , 0.115 , 224.14 , 224.47914
0.224446 , 0.1 , 224.446 , 224.770446
0.224708 , 0.131 , 224.708 , 225.063708
0.225046 , 0.147 , 225.046 , 225.418046
0.225414 , 0.132 , 225.414 , 225.771414
0.22574 , 0.137 , 225.74 , 226.10274
0.226076 , 0.147 , 226.076 , 226.449076
0.226446 , 0.131 , 226.446 , 226.803446
0.22677 , 0.069 , 226.77 , 227.06577
0.22697 , 0.185 , 226.97 , 227.38197
0.227415 , 0.116 , 227.415 , 227.758415
0.227742 , 0.116 , 227.742 , 228.085742
0.228016 , 0.132 , 228.016 , 228.376016
0.228374 , 0.122 , 228.374 , 228.724374
0.22868 , 0.132 , 228.68 , 229.04068
0.229018 , 0.147 , 229.018 , 229.394018
0.229374 , 0.138 , 229.374 , 229.741374
0.229712 , 0.132 , 229.712 , 230.073712
0.230052 , 0.131 , 230.052 , 230.413052
0.230408 , 0.122 , 230.408 , 230.760408
0.230746 , 0.135 , 230.746 , 231.111746
0.231082 , 0.132 , 231.082 , 231.445082
0.231422 , 0.131 , 231.422 , 231.784422
0.231746 , 0.137 , 231.746 , 232.114746
0.232082 , 0.132 , 232.082 , 232.446082
0.23242 , 0.132 , 232.42 , 232.78442
0.232746 , 0.137 , 232.746 , 233.115746
0.233082 , 0.147 , 233.082 , 233.462082
0.23342 , 0.131 , 233.42 , 233.78442
0.233776 , 0.137 , 233.776 , 234.146776
0.234114 , 0.131 , 234.114 , 234.479114
0.234452 , 0.132 , 234.452 , 234.818452
0.234778 , 0.121 , 234.778 , 235.133778
0.235084 , 0.116 , 235.084 , 235.435084
0.235378 , 0.137 , 235.378 , 235.750378
0.235716 , 0.147 , 235.716 , 236.098716
0.236054 , 0.131 , 236.054 , 236.421054
0.236378 , 0.084 , 236.378 , 236.698378
0.236622 , 0.078 , 236.622 , 236.936622
0.236854 , 0.115 , 236.854 , 237.205854
0.237148 , 0.115 , 237.148 , 237.500148
0.237454 , 0.132 , 237.454 , 237.823454
0.23778 , 0.138 , 237.78 , 238.15578
0.238118 , 0.131 , 238.118 , 238.487118
0.238456 , 0.132 , 238.456 , 238.826456
0.238782 , 0.2 , 238.782 , 239.220782
0.239258 , 0.131 , 239.258 , 239.628258
0.23962 , 0.118 , 239.62 , 239.97762
0.23992 , 0.132 , 239.92 , 240.29192
0.240226 , 0.132 , 240.226 , 240.598226
0.240552 , 0.138 , 240.552 , 240.930552
0.24089 , 0.147 , 240.89 , 241.27789
0.241228 , 0.147 , 241.228 , 241.616228
0.241584 , 0.138 , 241.584 , 241.963584
0.241922 , 0.148 , 241.922 , 242.311922
0.242262 , 0.146 , 242.262 , 242.650262
0.242626 , 0.133 , 242.626 , 243.001626
0.242954 , 0.138 , 242.954 , 243.334954
0.243292 , 0.132 , 243.292 , 243.667292
0.24363 , 0.116 , 243.63 , 243.98963
0.243924 , 0.116 , 243.924 , 244.283924
0.24423 , 0.101 , 244.23 , 244.57523
0.244494 , 0.116 , 244.494 , 244.854494
0.244788 , 0.122 , 244.788 , 245.154788
0.245096 , 0.131 , 245.096 , 245.472096
0.245434 , 0.115 , 245.434 , 245.794434
0.245758 , 0.116 , 245.758 , 246.119758
0.246064 , 0.132 , 246.064 , 246.442064
0.24639 , 0.137 , 246.39 , 246.77339
0.246728 , 0.131 , 246.728 , 247.105728
0.247066 , 0.131 , 247.066 , 247.444066
0.247392 , 0.122 , 247.392 , 247.761392
0.247698 , 0.115 , 247.698 , 248.060698
0.24799 , 0.122 , 247.99 , 248.35999
0.248296 , 0.118 , 248.296 , 248.662296
0.248594 , 0.12 , 248.594 , 248.962594
0.248896 , 0.116 , 248.896 , 249.260896
0.249192 , 0.12 , 249.192 , 249.561192
0.249496 , 0.116 , 249.496 , 249.861496
0.249792 , 0.121 , 249.792 , 250.162792
0.250098 , 0.116 , 250.098 , 250.464098
0.250392 , 0.122 , 250.392 , 250.764392
0.250698 , 0.116 , 250.698 , 251.064698
0.250992 , 0.122 , 250.992 , 251.364992
0.2513 , 0.116 , 251.3 , 251.6673
0.251594 , 0.099 , 251.594 , 251.944594
0.251868 , 0.116 , 251.868 , 252.235868
0.252164 , 0.115 , 252.164 , 252.531164
0.252468 , 0.101 , 252.468 , 252.821468
0.252764 , 0.1 , 252.764 , 253.116764
0.253038 , 0.117 , 253.038 , 253.408038
0.253334 , 0.1 , 253.334 , 253.687334
0.253628 , 0.106 , 253.628 , 253.987628
0.253902 , 0.116 , 253.902 , 254.271902
0.254196 , 0.138 , 254.196 , 254.588196
0.254534 , 0.132 , 254.534 , 254.920534
0.254872 , 0.147 , 254.872 , 255.273872
0.255235 , 0.081 , 255.235 , 255.571235
0.255474 , 0.115 , 255.474 , 255.844474
0.255766 , 0.116 , 255.766 , 256.137766
0.256074 , 0.131 , 256.074 , 256.461074
0.2564 , 0.084 , 256.4 , 256.7404
0.257644 , 0.095 , 256.644 , 256.996644
0.256876 , 0.115 , 256.876 , 257.247876
0.257168 , 0.116 , 257.168 , 257.541168
0.257474 , 0.063 , 257.474 , 257.794474
0.257674 , 0.063 , 257.674 , 257.994674
0.257874 , 0.063 , 257.874 , 258.194874
0.258074 , 0.147 , 258.074 , 258.479074
0.258442 , 0.117 , 258.442 , 258.817442
0.258738 , 0.132 , 258.738 , 259.128738
0.259076 , 0.132 , 259.076 , 259.467076
0.259402 , 0.122 , 259.402 , 259.783402
0.259708 , 0.084 , 259.708 , 260.051708
0.25994 , 0.084 , 259.94 , 260.28394
0.260202 , 0.084 , 260.202 , 260.546202
0.260438 , 0.082 , 260.438 , 260.780438
0.260646 , 0.078 , 260.646 , 260.984646
0.260878 , 0.063 , 260.878 , 261.201878
0.261046 , 0.116 , 261.046 , 261.423046
0.26134 , 0.116 , 261.34 , 261.71734
0.261648 , 0.099 , 261.648 , 262.008648
0.26191 , 0.115 , 261.91 , 262.28691
0.262218 , 0.106 , 262.218 , 262.586218
0.26251 , 0.131 , 262.51 , 262.90351
0.262846 , 0.116 , 262.846 , 263.224846
0.263172 , 0.1 , 263.172 , 263.535172
0.263448 , 0.116 , 263.448 , 263.827448
0.263742 , 0.116 , 263.742 , 264.121742
0.28005 , 0.116 , 264.05 , 264.44605
0.264376 , 0.116 , 264.376 , 264.756376
0.264682 , 0.116 , 264.682 , 265.062682
0.264978 , 0.115 , 264.978 , 265.357978
0.265284 , 0.116 , 265.284 , 265.665284
0.265578 , 0.115 , 265.578 , 265.958578
0.265884 , 0.116 , 265.884 , 266.265884
0.266178 , 0.133 , 266.178 , 266.577178
0.266484 , 0.132 , 266.484 , 266.882484
0.266844 , 0.152 , 266.844 , 267.262844
0.26721 , 0.122 , 267.21 , 267.59921
0.267516 , 0.116 , 267.516 , 267.899516
0.26781 , 0.122 , 267.81 , 268.19981
0.268118 , 0.115 , 268.118 , 268.501118
0.268412 , 0.122 , 268.412 , 268.802412
0.268718 , 0.116 , 268.718 , 269.102718
0.269012 , 0.1 , 269.012 , 269.381012
0.269288 , 0.115 , 269.288 , 269.672288
0.269582 , 0.115 , 269.582 , 269.966582
0.269886 , 0.116 , 269.886 , 270.271886
0.270182 , 0.1 , 270.182 , 270.552182
0.270454 , 0.063 , 270.454 , 270.787454
0.270654 , 0.063 , 270.654 , 270.987654
0.270854 , 0.116 , 270.854 , 271.240854
0.271148 , 0.116 , 271.148 , 271.535148
0.286453 , 0.079 , 271.453 , 271.818453
0.271688 , 0.115 , 271.688 , 272.074688
0.271982 , 0.1 , 271.982 , 272.353982
0.273256 , 0.097 , 272.256 , 272.626256
0.27252 , 0.132 , 272.52 , 272.92452
0.272852 , 0.119 , 272.852 , 273.243852
0.273184 , 0.137 , 273.184 , 273.594184
0.273522 , 0.131 , 273.522 , 273.926522
0.27386 , 0.131 , 273.86 , 274.26486
0.274216 , 0.122 , 274.216 , 274.612216
0.274522 , 0.115 , 274.522 , 274.911522
0.274854 , 0.102 , 274.854 , 275.230854
0.275154 , 0.132 , 275.154 , 275.561154
0.275492 , 0.148 , 275.492 , 275.915492
0.275862 , 0.131 , 275.862 , 276.268862
0.276186 , 0.133 , 276.186 , 276.595186
0.276492 , 0.147 , 276.492 , 276.915492
0.276862 , 0.116 , 276.862 , 277.254862
0.278186 , 0.134 , 277.186 , 277.598186
0.277526 , 0.115 , 277.526 , 277.918526
0.277818 , 0.122 , 277.818 , 278.217818
0.278124 , 0.116 , 278.124 , 278.518124
0.278452 , 0.121 , 278.452 , 278.851452
0.278756 , 0.132 , 278.756 , 279.166756
0.279062 , 0.132 , 279.062 , 279.473062
0.27939 , 0.115 , 279.39 , 279.78439
0.279696 , 0.116 , 279.696 , 280.091696
0.27999 , 0.138 , 279.99 , 280.40799
0.280328 , 0.131 , 280.328 , 280.739328
0.280664 , 0.116 , 280.664 , 281.060664
0.28096 , 0.131 , 280.96 , 281.37196
0.281296 , 0.116 , 281.296 , 281.693296
0.281622 , 0.185 , 281.622 , 282.088622
0.282066 , 0.117 , 282.066 , 282.465066
0.282392 , 0.133 , 282.392 , 282.807392
0.2827 , 0.131 , 282.7 , 283.1137
0.283024 , 0.138 , 283.024 , 283.445024
0.283362 , 0.132 , 283.362 , 283.777362
0.2837 , 0.147 , 283.7 , 284.1307
0.284068 , 0.132 , 284.068 , 284.484068
0.284424 , 0.122 , 284.424 , 284.830424
0.284762 , 0.132 , 284.762 , 285.178762
0.2851 , 0.131 , 285.1 , 285.5161
0.285424 , 0.138 , 285.424 , 285.847424
0.285764 , 0.131 , 285.764 , 286.180764
0.286102 , 0.131 , 286.102 , 286.519102
0.286468 , 0.133 , 286.468 , 286.887468
0.286796 , 0.138 , 286.796 , 287.220796
0.287134 , 0.116 , 287.134 , 287.537134
0.28746 , 0.121 , 287.46 , 287.86846
0.287766 , 0.132 , 287.766 , 288.185766
0.288104 , 0.131 , 288.104 , 288.523104
0.288428 , 0.122 , 288.428 , 288.838428
0.288734 , 0.132 , 288.734 , 289.154734
0.289072 , 0.132 , 289.072 , 289.493072
0.290398 , 0.132 , 289.398 , 289.820398
0.289704 , 0.131 , 289.704 , 290.124704
0.29003 , 0.122 , 290.03 , 290.44203
0.290336 , 0.115 , 290.336 , 290.741336
0.290663 , 0.12 , 290.663 , 291.073663
0.290966 , 0.132 , 290.966 , 291.388966
0.291304 , 0.147 , 291.304 , 291.742304
0.29167 , 0.079 , 291.67 , 292.04067
0.291906 , 0.131 , 291.906 , 292.328906
0.292262 , 0.121 , 292.262 , 292.675262
0.292568 , 0.115 , 292.568 , 292.975568
0.307874 , 0.078 , 292.874 , 293.259874
0.293106 , 0.1 , 293.106 , 293.499106
0.293368 , 0.053 , 293.368 , 293.714368
0.293568 , 0.1 , 293.568 , 293.961568
0.29383 , 0.122 , 293.83 , 294.24583
0.294138 , 0.147 , 294.138 , 294.579138
0.294474 , 0.132 , 294.474 , 294.900474
0.294832 , 0.122 , 294.832 , 295.248832
0.295138 , 0.116 , 295.138 , 295.549138
0.295432 , 0.122 , 295.432 , 295.849432
0.29577 , 0.085 , 295.77 , 296.15077
0.296002 , 0.099 , 296.002 , 296.397002
0.296276 , 0.116 , 296.276 , 296.688276
0.2966 , 0.116 , 296.6 , 297.0126
0.296908 , 0.116 , 296.908 , 297.320908
0.298202 , 0.135 , 297.202 , 297.635202
0.297508 , 0.116 , 297.508 , 297.921508
0.297802 , 0.116 , 297.802 , 298.215802
0.29811 , 0.062 , 298.11 , 298.47011
0.298278 , 0.1 , 298.278 , 298.676278
0.298576 , 0.098 , 298.576 , 298.972576
0.298834 , 0.1 , 298.834 , 299.232834
0.29911 , 0.1 , 299.11 , 299.50911
0.299404 , 0.116 , 299.404 , 299.819404
0.29971 , 0.1 , 299.71 , 300.10971
0.300004 , 0.1 , 300.004 , 300.404004
0.31628 , 0.1 , 300.28 , 300.69628
0.300574 , 0.085 , 300.574 , 300.959574
0.300806 , 0.085 , 300.806 , 301.191806
0.301038 , 0.121 , 301.038 , 301.460038
0.317344 , 0.1 , 301.344 , 301.761344
0.301675 , 0.081 , 301.675 , 302.057675
0.301882 , 0.1 , 301.882 , 302.283882
0.302146 , 0.116 , 302.146 , 302.564146
0.31744 , 0.1 , 302.44 , 302.85744
0.302714 , 0.116 , 302.714 , 303.132714
0.303008 , 0.085 , 303.008 , 303.396008
0.303242 , 0.067 , 303.242 , 303.612242
0.30344 , 0.073 , 303.44 , 303.81644
0.303648 , 0.096 , 303.648 , 304.047648
0.303914 , 0.1 , 303.914 , 304.317914
0.304178 , 0.116 , 304.178 , 304.598178
0.304484 , 0.116 , 304.484 , 304.904484
0.304778 , 0.115 , 304.778 , 305.197778
0.305084 , 0.1 , 305.084 , 305.489084
0.305348 , 0.1 , 305.348 , 305.753348
0.30561 , 0.085 , 305.61 , 306.00061
0.305842 , 0.053 , 305.842 , 306.200842
0.306026 , 0.037 , 306.026 , 306.369026
0.32221 , 0.037 , 306.21 , 306.56921
0.306378 , 0.07 , 306.378 , 306.754378
0.321612 , 0.069 , 306.612 , 307.002612
0.306844 , 0.099 , 306.844 , 307.249844
0.307118 , 0.1 , 307.118 , 307.525118
0.30738 , 0.116 , 307.38 , 307.80338
0.307686 , 0.101 , 307.686 , 308.094686
0.30795 , 0.101 , 307.95 , 308.35895
0.308214 , 0.115 , 308.214 , 308.637214
0.30852 , 0.116 , 308.52 , 308.94452
0.308846 , 0.099 , 308.846 , 309.253846
0.30912 , 0.116 , 309.12 , 309.54512
0.309416 , 0.115 , 309.416 , 309.840416
0.309722 , 0.115 , 309.722 , 310.146722
0.310016 , 0.115 , 310.016 , 310.441016
0.310322 , 0.116 , 310.322 , 310.748322
0.310616 , 0.116 , 310.616 , 311.042616
0.310922 , 0.116 , 310.922 , 311.348922
0.311218 , 0.115 , 311.218 , 311.644218
0.311524 , 0.047 , 311.524 , 311.882524
0.311692 , 0.063 , 311.692 , 312.066692
0.311884 , 0.052 , 311.884 , 312.247884
0.31205 , 0.068 , 312.05 , 312.43005
0.31225 , 0.1 , 312.25 , 312.66225
0.312492 , 0.116 , 312.492 , 312.920492
0.312788 , 0.1 , 312.788 , 313.200788
0.31405 , 0.119 , 313.05 , 313.48305
0.313326 , 0.116 , 313.326 , 313.755326
0.31362 , 0.053 , 313.62 , 313.98662
0.31382 , 0.053 , 313.82 , 314.18682
0.313988 , 0.07 , 313.988 , 314.371988
0.31419 , 0.069 , 314.19 , 314.57319
0.314392 , 0.069 , 314.392 , 314.775392
0.314592 , 0.068 , 314.592 , 314.974592
0.314792 , 0.069 , 314.792 , 315.175792
0.314992 , 0.069 , 314.992 , 315.375992
0.315192 , 0.069 , 315.192 , 315.576192
0.315362 , 0.069 , 315.362 , 315.746362
0.315562 , 0.069 , 315.562 , 315.946562
0.315764 , 0.069 , 315.764 , 316.148764
0.315964 , 0.068 , 315.964 , 316.347964
0.316162 , 0.07 , 316.162 , 316.548162
0.316368 , 0.082 , 316.368 , 316.766368
0.316596 , 0.099 , 316.596 , 317.011596
0.316858 , 0.099 , 316.858 , 317.273858
0.317132 , 0.084 , 317.132 , 317.533132
0.317364 , 0.084 , 317.364 , 317.765364
0.317596 , 0.1 , 317.596 , 318.013596
0.317858 , 0.084 , 317.858 , 318.259858
0.318102 , 0.094 , 318.102 , 318.514102
0.318334 , 0.1 , 318.334 , 318.752334
0.318596 , 0.085 , 318.596 , 318.999596
0.318828 , 0.1 , 318.828 , 319.246828
0.319094 , 0.082 , 319.094 , 319.495094
0.319336 , 0.084 , 319.336 , 319.739336
0.335598 , 0.1 , 319.598 , 320.033598
0.319894 , 0.098 , 319.894 , 320.311894
0.320136 , 0.1 , 320.136 , 320.556136
0.320398 , 0.085 , 320.398 , 320.803398
0.32063 , 0.1 , 320.63 , 321.05063
0.3219 , 0.097 , 320.9 , 321.3189
0.321136 , 0.1 , 321.136 , 321.557136
0.3214 , 0.1 , 321.4 , 321.8214
0.321662 , 0.1 , 321.662 , 322.083662
0.321906 , 0.063 , 321.906 , 322.290906
0.322106 , 0.078 , 322.106 , 322.506106
0.322338 , 0.063 , 322.338 , 322.723338
0.322538 , 0.062 , 322.538 , 322.922538
0.322706 , 0.062 , 322.706 , 323.090706
0.322906 , 0.101 , 322.906 , 323.329906
0.323172 , 0.099 , 323.172 , 323.594172
0.323432 , 0.069 , 323.432 , 323.824432
0.323632 , 0.069 , 323.632 , 324.024632
0.323832 , 0.069 , 323.832 , 324.224832
0.324032 , 0.069 , 324.032 , 324.425032
0.324232 , 0.1 , 324.232 , 324.656232
0.324508 , 0.099 , 324.508 , 324.931508
0.339738 , 0.101 , 324.738 , 325.178738
0.325018 , 0.084 , 325.018 , 325.427018
0.325264 , 0.084 , 325.264 , 325.673264
0.32554 , 0.116 , 325.54 , 325.98154
0.325834 , 0.1 , 325.834 , 326.259834
0.326108 , 0.1 , 326.108 , 326.534108
0.326372 , 0.1 , 326.372 , 326.798372
0.326634 , 0.1 , 326.634 , 327.060634
0.32691 , 0.095 , 326.91 , 327.33191
0.327142 , 0.1 , 327.142 , 327.569142
0.327404 , 0.1 , 327.404 , 327.831404
0.327666 , 0.1 , 327.666 , 328.093666
0.327942 , 0.1 , 327.942 , 328.369942
0.328204 , 0.116 , 328.204 , 328.648204
0.328512 , 0.1 , 328.512 , 328.940512
0.328774 , 0.116 , 328.774 , 329.218774
0.330068 , 0.121 , 329.068 , 329.519068
0.329342 , 0.1 , 329.342 , 329.771342
0.329636 , 0.116 , 329.636 , 330.081636
0.329944 , 0.115 , 329.944 , 330.388944
0.330236 , 0.1 , 330.236 , 330.666236
0.330512 , 0.1 , 330.512 , 330.942512
0.330806 , 0.1 , 330.806 , 331.236806
0.331068 , 0.122 , 331.068 , 331.521068
0.331374 , 0.116 , 331.374 , 331.821374
0.331668 , 0.122 , 331.668 , 332.121668
0.331974 , 0.131 , 331.974 , 332.436974
0.33231 , 0.117 , 332.31 , 332.75931
0.332606 , 0.115 , 332.606 , 333.053606
0.332912 , 0.116 , 332.912 , 333.360912
0.333208 , 0.13 , 333.208 , 333.671208
0.333512 , 0.131 , 333.512 , 333.976512
0.333836 , 0.136 , 333.836 , 334.305836
0.334174 , 0.131 , 334.174 , 334.639174
0.334512 , 0.131 , 334.512 , 334.977512
0.334838 , 0.115 , 334.838 , 335.287838
0.335144 , 0.115 , 335.144 , 335.594144
0.335436 , 0.116 , 335.436 , 335.887436
0.335744 , 0.115 , 335.744 , 336.194744
0.336036 , 0.116 , 336.036 , 336.488036
0.336344 , 0.115 , 336.344 , 336.795344
0.336636 , 0.116 , 336.636 , 337.088636
0.336944 , 0.116 , 336.944 , 337.396944
0.352238 , 0.116 , 337.238 , 337.706238
0.337544 , 0.132 , 337.544 , 338.013544
0.33787 , 0.122 , 337.87 , 338.32987
0.338176 , 0.131 , 338.176 , 338.645176
0.338512 , 0.116 , 338.512 , 338.966512
0.338808 , 0.131 , 338.808 , 339.277808
0.339116 , 0.131 , 339.116 , 339.586116
0.340442 , 0.136 , 339.442 , 339.918442
0.33978 , 0.116 , 339.78 , 340.23578
0.340074 , 0.137 , 340.074 , 340.551074
0.340412 , 0.084 , 340.412 , 340.836412
0.340644 , 0.083 , 340.644 , 341.067644
0.340874 , 0.084 , 340.874 , 341.298874
0.341074 , 0.1 , 341.074 , 341.515074
0.341348 , 0.1 , 341.348 , 341.789348
0.341596 , 0.084 , 341.596 , 342.021596
0.341844 , 0.099 , 341.844 , 342.284844
0.342074 , 0.084 , 342.074 , 342.500074
0.34235 , 0.085 , 342.35 , 342.77735
0.342582 , 0.1 , 342.582 , 343.024582
0.342844 , 0.084 , 342.844 , 343.270844
0.343074 , 0.101 , 343.074 , 343.518074
0.34335 , 0.084 , 343.35 , 343.77735
0.343582 , 0.1 , 343.582 , 344.025582
0.359844 , 0.084 , 343.844 , 344.287844
0.344074 , 0.085 , 344.074 , 344.503074
0.34432 , 0.1 , 344.32 , 344.76432
0.344582 , 0.085 , 344.582 , 345.011582
0.344814 , 0.101 , 344.814 , 345.259814
0.345078 , 0.084 , 345.078 , 345.507078
0.345322 , 0.094 , 345.322 , 345.761322
0.345554 , 0.084 , 345.554 , 345.983554
0.345786 , 0.084 , 345.786 , 346.215786
0.346016 , 0.101 , 346.016 , 346.463016
0.34628 , 0.084 , 346.28 , 346.71028
0.346519 , 0.079 , 346.519 , 346.944519
0.346754 , 0.085 , 346.754 , 347.185754
0.346988 , 0.084 , 346.988 , 347.418988
0.34725 , 0.1 , 347.25 , 347.69725
0.347526 , 0.132 , 347.526 , 348.005526
0.347852 , 0.115 , 347.852 , 348.314852
0.348126 , 0.116 , 348.126 , 348.590126
0.34842 , 0.131 , 348.42 , 348.89942
0.348758 , 0.116 , 348.758 , 349.222758
0.349052 , 0.1 , 349.052 , 349.501052
0.349328 , 0.1 , 349.328 , 349.777328
0.34959 , 0.116 , 349.59 , 350.05559
0.349886 , 0.118 , 349.886 , 350.353886
0.35016 , 0.116 , 350.16 , 350.62616
0.350454 , 0.115 , 350.454 , 350.919454
0.35073 , 0.115 , 350.73 , 351.19573
0.351022 , 0.132 , 351.022 , 351.505022
0.35136 , 0.085 , 351.36 , 351.79636
0.351592 , 0.1 , 351.592 , 352.043592
0.351854 , 0.069 , 351.854 , 352.274854
0.352054 , 0.116 , 352.054 , 352.522054
0.35233 , 0.131 , 352.33 , 352.81333
0.368656 , 0.115 , 352.656 , 353.139656
0.352962 , 0.084 , 352.962 , 353.398962
0.353196 , 0.067 , 353.196 , 353.616196
0.353394 , 0.099 , 353.394 , 353.846394
0.353654 , 0.116 , 353.654 , 354.123654
0.35393 , 0.1 , 353.93 , 354.38393
0.354224 , 0.1 , 354.224 , 354.678224
0.354486 , 0.1 , 354.486 , 354.940486
0.354746 , 0.084 , 354.746 , 355.184746
0.370994 , 0.1 , 354.994 , 355.464994
0.356256 , 0.132 , 355.256 , 355.744256
0.371564 , 0.115 , 355.564 , 356.050564
0.355856 , 0.138 , 355.856 , 356.349856
0.356194 , 0.116 , 356.194 , 356.666194
0.356488 , 0.138 , 356.488 , 356.982488
0.356826 , 0.131 , 356.826 , 357.313826
0.357164 , 0.062 , 357.164 , 357.583164
0.357364 , 0.085 , 357.364 , 357.806364
0.357596 , 0.1 , 357.596 , 358.053596
0.357858 , 0.1 , 357.858 , 358.315858
0.358134 , 0.132 , 358.134 , 358.624134
0.358462 , 0.115 , 358.462 , 358.935462
0.358768 , 0.116 , 358.768 , 359.242768
0.359062 , 0.115 , 359.062 , 359.536062
0.359368 , 0.116 , 359.368 , 359.843368
0.359662 , 0.138 , 359.662 , 360.159662
0.360032 , 0.153 , 360.032 , 360.545032
0.3604 , 0.1 , 360.4 , 360.8604
0.360664 , 0.115 , 360.664 , 361.139664
0.360938 , 0.116 , 360.938 , 361.414938
0.361264 , 0.099 , 361.264 , 361.724264
0.361538 , 0.1 , 361.538 , 361.999538
0.361802 , 0.116 , 361.802 , 362.279802
0.362096 , 0.138 , 362.096 , 362.596096
0.362434 , 0.131 , 362.434 , 362.927434
0.36274 , 0.131 , 362.74 , 363.23374
0.363064 , 0.138 , 363.064 , 363.565064
0.363402 , 0.132 , 363.402 , 363.897402
0.36374 , 0.132 , 363.74 , 364.23574
0.380066 , 0.069 , 364.066 , 364.515066
0.364298 , 0.138 , 364.298 , 364.800298
0.364636 , 0.116 , 364.636 , 365.116636
0.364936 , 0.119 , 364.936 , 365.419936
0.365236 , 0.116 , 365.236 , 365.717236
0.36554 , 0.117 , 365.54 , 366.02254
0.365838 , 0.069 , 365.838 , 366.272838
0.366038 , 0.115 , 366.038 , 366.519038
0.366344 , 0.116 , 366.344 , 366.826344
0.369638 , 0.149 , 366.638 , 367.156638
0.366976 , 0.147 , 366.976 , 367.489976
0.367344 , 0.147 , 367.344 , 367.858344
0.367744 , 0.147 , 367.744 , 368.258744
0.3681 , 0.1 , 368.1 , 368.5681
0.368346 , 0.115 , 368.346 , 368.829346
0.368638 , 0.085 , 368.638 , 369.091638
0.36887 , 0.136 , 368.87 , 369.37487
0.369178 , 0.131 , 369.178 , 369.678178
0.369504 , 0.122 , 369.504 , 369.995504
0.36981 , 0.131 , 369.81 , 370.31081
0.370138 , 0.12 , 370.138 , 370.628138
0.385442 , 0.131 , 370.442 , 370.958442
0.370778 , 0.132 , 370.778 , 371.280778
0.371104 , 0.121 , 371.104 , 371.596104
0.37141 , 0.131 , 371.41 , 371.91241
0.371746 , 0.117 , 371.746 , 372.234746
0.372042 , 0.131 , 372.042 , 372.545042
0.37238 , 0.131 , 372.38 , 372.88338
0.372704 , 0.122 , 372.704 , 373.198704
0.373012 , 0.142 , 373.012 , 373.527012
0.373348 , 0.081 , 373.348 , 373.802348
0.37358 , 0.084 , 373.58 , 374.03758
0.37378 , 0.132 , 373.78 , 374.28578
0.374106 , 0.122 , 374.106 , 374.602106
0.374412 , 0.147 , 374.412 , 374.933412
0.37475 , 0.147 , 374.75 , 375.27175
0.375106 , 0.137 , 375.106 , 375.618106
0.375444 , 0.131 , 375.444 , 375.950444
0.375748 , 0.132 , 375.748 , 376.255748
0.376106 , 0.137 , 376.106 , 376.619106
0.376442 , 0.1 , 376.442 , 376.918442
0.376704 , 0.085 , 376.704 , 377.165704
0.377948 , 0.1 , 376.948 , 377.425948
0.37718 , 0.101 , 377.18 , 377.65818
0.377444 , 0.1 , 377.444 , 377.921444
0.377706 , 0.101 , 377.706 , 378.184706
0.37795 , 0.101 , 377.95 , 378.42895
0.378214 , 0.1 , 378.214 , 378.692214
0.378478 , 0.099 , 378.478 , 378.955478
0.378744 , 0.083 , 378.744 , 379.205744
0.378984 , 0.101 , 378.984 , 379.463984
0.379248 , 0.099 , 379.248 , 379.726248
0.379478 , 0.115 , 379.478 , 379.972478
0.379754 , 0.099 , 379.754 , 380.232754
0.380016 , 0.116 , 380.016 , 380.512016
0.380278 , 0.1 , 380.278 , 380.758278
0.380554 , 0.1 , 380.554 , 381.034554
0.380818 , 0.1 , 380.818 , 381.298818
0.38108 , 0.1 , 381.08 , 381.56108
0.381352 , 0.1 , 381.352 , 381.833352
0.381586 , 0.101 , 381.586 , 382.068586
0.38185 , 0.084 , 381.85 , 382.31585
0.382082 , 0.099 , 382.082 , 382.563082
0.382356 , 0.099 , 382.356 , 382.837356
0.382588 , 0.1 , 382.588 , 383.070588
0.38285 , 0.116 , 382.85 , 383.34885
0.383156 , 0.078 , 383.156 , 383.617156
0.383388 , 0.085 , 383.388 , 383.856388
0.38362 , 0.116 , 383.62 , 384.11962
0.383914 , 0.085 , 383.914 , 384.382914
0.384158 , 0.078 , 384.158 , 384.620158
0.384388 , 0.085 , 384.388 , 384.857388
0.38462 , 0.07 , 384.62 , 385.07462
0.384822 , 0.084 , 384.822 , 385.290822
0.385052 , 0.085 , 385.052 , 385.522052
0.385284 , 0.068 , 385.284 , 385.737284
0.385484 , 0.084 , 385.484 , 385.953484
0.385714 , 0.085 , 385.714 , 386.184714
0.385916 , 0.085 , 385.916 , 386.386916
0.38616 , 0.078 , 386.16 , 386.62416
0.38636 , 0.078 , 386.36 , 386.82436
0.386592 , 0.084 , 386.592 , 387.062592
0.386792 , 0.084 , 386.792 , 387.262792
0.387024 , 0.069 , 387.024 , 387.480024
0.387224 , 0.084 , 387.224 , 387.695224
0.387456 , 0.1 , 387.456 , 387.943456
0.388718 , 0.12 , 387.718 , 388.226718
0.387992 , 0.116 , 387.992 , 388.495992
0.388288 , 0.115 , 388.288 , 388.791288
0.388562 , 0.116 , 388.562 , 389.066562
0.388856 , 0.131 , 388.856 , 389.375856
0.389194 , 0.116 , 389.194 , 389.699194
0.389488 , 0.084 , 389.488 , 389.961488
0.38972 , 0.084 , 389.72 , 390.19372
0.38992 , 0.122 , 389.92 , 390.43192
0.390226 , 0.132 , 390.226 , 390.748226
0.390564 , 0.132 , 390.564 , 391.086564
0.39089 , 0.154 , 390.89 , 391.43489
0.391228 , 0.147 , 391.228 , 391.766228
0.391566 , 0.148 , 391.566 , 392.105566
0.391924 , 0.138 , 391.924 , 392.453924
0.393262 , 0.148 , 392.262 , 392.803262
0.3926 , 0.147 , 392.6 , 393.1396
0.392968 , 0.147 , 392.968 , 393.507968
0.393324 , 0.154 , 393.324 , 393.871324
0.393694 , 0.169 , 393.694 , 394.256694
0.394094 , 0.169 , 394.094 , 394.657094
0.39453 , 0.135 , 394.53 , 395.05953
0.394864 , 0.153 , 394.864 , 395.411864
0.395232 , 0.147 , 395.232 , 395.774232
0.3956 , 0.147 , 395.6 , 396.1426
0.395968 , 0.163 , 395.968 , 396.526968
0.39637 , 0.147 , 396.37 , 396.91337
0.396728 , 0.153 , 396.728 , 397.277728
0.397096 , 0.153 , 397.096 , 397.646096
0.397464 , 0.153 , 397.464 , 398.014464
0.397834 , 0.147 , 397.834 , 398.378834
0.398202 , 0.148 , 398.202 , 398.748202
0.398572 , 0.147 , 398.572 , 399.117572
0.398928 , 0.154 , 398.928 , 399.480928
0.399298 , 0.153 , 399.298 , 399.850298
0.399666 , 0.132 , 399.666 , 400.197666
0.400004 , 0.147 , 400.004 , 400.551004
0.400374 , 0.131 , 400.374 , 400.905374
0.400698 , 0.169 , 400.698 , 401.267698
0.401098 , 0.169 , 401.098 , 401.668098
0.401498 , 0.153 , 401.498 , 402.052498
0.401866 , 0.154 , 401.866 , 402.421866
0.402236 , 0.147 , 402.236 , 402.785236
0.402606 , 0.163 , 402.606 , 403.171606
0.403006 , 0.163 , 403.006 , 403.572006
0.403406 , 0.147 , 403.406 , 403.956406
0.403776 , 0.162 , 403.776 , 404.341776
0.404174 , 0.148 , 404.174 , 404.726174
0.404547 , 0.154 , 404.547 , 405.105547
0.404932 , 0.169 , 404.932 , 405.505932
0.405332 , 0.153 , 405.332 , 405.890332
0.4057 , 0.169 , 405.7 , 406.2747
0.4061 , 0.154 , 406.1 , 406.6601
0.40647 , 0.169 , 406.47 , 407.04547
0.40687 , 0.153 , 406.87 , 407.42987
0.407238 , 0.169 , 407.238 , 407.814238
0.407638 , 0.165 , 407.638 , 408.210638
0.408008 , 0.162 , 408.008 , 408.578008
0.408408 , 0.147 , 408.408 , 408.963408
0.408776 , 0.163 , 408.776 , 409.347776
0.409178 , 0.147 , 409.178 , 409.734178
0.425534 , 0.153 , 409.534 , 410.112534
0.409934 , 0.154 , 409.934 , 410.497934
0.410304 , 0.153 , 410.304 , 410.867304
0.410672 , 0.153 , 410.672 , 411.235672
0.411042 , 0.168 , 411.042 , 411.621042
0.411442 , 0.147 , 411.442 , 412.000442
0.411812 , 0.147 , 411.812 , 412.370812
0.41218 , 0.162 , 412.18 , 412.75418
0.412576 , 0.149 , 412.576 , 413.137576
0.412936 , 0.153 , 412.936 , 413.501936
0.413304 , 0.169 , 413.304 , 413.886304
0.413704 , 0.153 , 413.704 , 414.270704
0.414104 , 0.153 , 414.104 , 414.671104
0.414474 , 0.153 , 414.474 , 415.041474
0.414842 , 0.169 , 414.842 , 415.425842
0.416244 , 0.164 , 415.244 , 415.824244
0.415612 , 0.162 , 415.612 , 416.189612
0.431012 , 0.148 , 416.012 , 416.591012
0.416382 , 0.163 , 416.382 , 416.961382
0.416782 , 0.148 , 416.782 , 417.346782
0.41717 , 0.154 , 417.17 , 417.74117
0.41754 , 0.153 , 417.54 , 418.11054
0.41791 , 0.168 , 417.91 , 418.49591
0.41831 , 0.153 , 418.31 , 418.88131
0.418678 , 0.169 , 418.678 , 419.265678
0.41908 , 0.153 , 419.08 , 419.65208
0.419448 , 0.166 , 419.448 , 420.033448
0.419818 , 0.162 , 419.818 , 420.399818
0.420218 , 0.163 , 420.218 , 420.801218
0.420586 , 0.163 , 420.586 , 421.169586
0.420988 , 0.147 , 420.988 , 421.555988
0.421344 , 0.169 , 421.344 , 421.934344
0.421744 , 0.153 , 421.744 , 422.318744
0.422114 , 0.153 , 422.114 , 422.689114
0.422482 , 0.153 , 422.482 , 423.057482
0.42285 , 0.169 , 422.85 , 423.44185
0.423252 , 0.147 , 423.252 , 423.822252
0.423622 , 0.163 , 423.622 , 424.208622
0.424022 , 0.132 , 424.022 , 424.578022
0.424348 , 0.169 , 424.348 , 424.941348
0.424748 , 0.153 , 424.748 , 425.325748
0.425148 , 0.153 , 425.148 , 425.726148
0.425516 , 0.154 , 425.516 , 426.095516
0.425916 , 0.154 , 425.916 , 426.495916
0.426286 , 0.153 , 426.286 , 426.865286
0.426686 , 0.154 , 426.686 , 427.266686
0.427056 , 0.132 , 427.056 , 427.615056
0.427394 , 0.163 , 427.394 , 427.984394
0.427794 , 0.148 , 427.794 , 428.369794
0.429152 , 0.119 , 428.152 , 428.700152
0.428456 , 0.148 , 428.456 , 429.032456
0.444826 , 0.147 , 428.826 , 429.417826
0.429194 , 0.163 , 429.194 , 429.786194
0.429594 , 0.148 , 429.594 , 430.171594
0.429952 , 0.153 , 429.952 , 430.534952
0.43032 , 0.154 , 430.32 , 430.90432
0.43069 , 0.169 , 430.69 , 431.28969
0.43109 , 0.153 , 431.09 , 431.67409
0.431458 , 0.167 , 431.458 , 432.056458
0.431844 , 0.147 , 431.844 , 432.422844
0.43223 , 0.147 , 432.23 , 432.80923
0.432598 , 0.147 , 432.598 , 433.177598
0.432956 , 0.155 , 432.956 , 433.543956
0.433328 , 0.152 , 433.328 , 433.913328
0.433709 , 0.138 , 433.709 , 434.280709
0.434094 , 0.151 , 434.094 , 434.679094
0.434462 , 0.147 , 434.462 , 435.043462
0.434832 , 0.147 , 434.832 , 435.413832
0.4352 , 0.147 , 435.2 , 435.7822
0.435558 , 0.153 , 435.558 , 436.146558
0.435926 , 0.153 , 435.926 , 436.514926
0.436296 , 0.153 , 436.296 , 436.885296
0.436664 , 0.163 , 436.664 , 437.263664
0.437032 , 0.163 , 437.032 , 437.632032
0.437434 , 0.131 , 437.434 , 438.002434
0.437802 , 0.132 , 437.802 , 438.371802
0.438128 , 0.153 , 438.128 , 438.719128
0.438498 , 0.152 , 438.498 , 439.088498
0.438866 , 0.185 , 438.866 , 439.489866
0.439298 , 0.169 , 439.298 , 439.906298
0.439698 , 0.153 , 439.698 , 440.290698
0.440066 , 0.148 , 440.066 , 440.654066
0.440436 , 0.148 , 440.436 , 441.024436
0.440806 , 0.147 , 440.806 , 441.393806
0.441162 , 0.154 , 441.162 , 441.757162
0.441532 , 0.116 , 441.532 , 442.089532
0.44184 , 0.115 , 441.84 , 442.39684
0.442132 , 0.136 , 442.132 , 442.710132
0.44247 , 0.116 , 442.47 , 443.02847
0.442766 , 0.169 , 442.766 , 443.377766
0.443168 , 0.152 , 443.168 , 443.763168
0.443534 , 0.137 , 443.534 , 444.114534
0.443902 , 0.153 , 443.902 , 444.498902
0.445274 , 0.163 , 444.274 , 444.882274
0.444642 , 0.162 , 444.642 , 445.248642
Total GPU = 324434.970333