#Qurey Time, Memory allocation , I/O Time , Total
0 , 0.068 , 0 , 0.068
0 , 0.068 , 0 , 0.068
0 , 0 , 0 , 0
0 , 0.1 , 0 , 0.1
0 , 0 , 0 , 0
0 , 0.084 , 0 , 0.084
0 , 0.132 , 0 , 0.132
0 , 0.132 , 0 , 0.132
0 , 0 , 0 , 0
0 , 0.131 , 0 , 0.131
0 , 0.101 , 0 , 0.101
0 , 0.101 , 0 , 0.101
0 , 0 , 0 , 0
0.015 , 0.1 , 0 , 0.115
0 , 0 , 0 , 0
0 , 0.116 , 0 , 0.116
0 , 0.115 , 0 , 0.115
0 , 0.115 , 0 , 0.115
0 , 0 , 0 , 0
0 , 0.063 , 0 , 0.063
0 , 0 , 0 , 0
0 , 0.085 , 0 , 0.085
0 , 0 , 0 , 0
0 , 0.1 , 0 , 0.1
0 , 0 , 0 , 0
0 , 0.047 , 0 , 0.047
0 , 0 , 0 , 0
0 , 0.053 , 0 , 0.053
0 , 0.085 , 0 , 0.085
0 , 0.085 , 0 , 0.085
0 , 0 , 0 , 0
0 , 0.132 , 0 , 0.132
0 , 0 , 0 , 0
0 , 0.132 , 0 , 0.132
0 , 0.1 , 0 , 0.1
0 , 0.1 , 0 , 0.1
0 , 0 , 0 , 0
0 , 0.131 , 0 , 0.131
0 , 0.121 , 0 , 0.121
0 , 0.121 , 0 , 0.121
0 , 0 , 0 , 0
0 , 0.152 , 0 , 0.152
0 , 0 , 0 , 0
0 , 0.1 , 0 , 0.1
0 , 0.1 , 0 , 0.1
0 , 0.1 , 0 , 0.1
0 , 0 , 0 , 0
0 , 0.105 , 0 , 0.105
0 , 0 , 0 , 0
0 , 0.085 , 0 , 0.085
0 , 0.115 , 0 , 0.115
0 , 0.115 , 0 , 0.115
0 , 0 , 0 , 0
0 , 0.154 , 0 , 0.154
0 , 0 , 0 , 0
0 , 0.136 , 0 , 0.136
0 , 0.084 , 0 , 0.084
0 , 0.084 , 0 , 0.084
0 , 0.084 , 0 , 0.084
0 , 0.084 , 0 , 0.084
0 , 0 , 0 , 0
0 , 0.102 , 0 , 0.102
0 , 0.216 , 0 , 0.216
0 , 0.216 , 0 , 0.216
0 , 0 , 0 , 0
0.016 , 0.085 , 0 , 0.101
0 , 0.215 , 0 , 0.215
0 , 0.215 , 0 , 0.215
0 , 0 , 0 , 0
0.001 , 0.103 , 0 , 0.104
0.001 , 0.184 , 0 , 0.185
0.001 , 0.184 , 0 , 0.185
0 , 0.085 , 0 , 0.085
0 , 0.085 , 0 , 0.085
0 , 0.116 , 0 , 0.116
0 , 0 , 0 , 0
0 , 0.1 , 0 , 0.1
0 , 0.1 , 0 , 0.1
0 , 0 , 0 , 0
0 , 0.151 , 0 , 0.151
0 , 0 , 0 , 0
0 , 0.1 , 0 , 0.1
0 , 0 , 0 , 0
0 , 0.1 , 0 , 0.1
0 , 0 , 0 , 0
0 , 0.132 , 0 , 0.132
0 , 0 , 0 , 0
0 , 0.101 , 0 , 0.101
0 , 0 , 0 , 0
0 , 0.1 , 0 , 0.1
0 , 0 , 0 , 0
0 , 0.1 , 0 , 0.1
0 , 0 , 0 , 0
0 , 0.116 , 0 , 0.116
0 , 0 , 0 , 0
0 , 0.084 , 0 , 0.084
0 , 0.1 , 0 , 0.1
0 , 0.1 , 0 , 0.1
0.001 , 0.104 , 0 , 0.105
0.001 , 0.104 , 0 , 0.105
0 , 0.101 , 0 , 0.101
0 , 0.101 , 0 , 0.101
0 , 0 , 0 , 0
0 , 0.115 , 0 , 0.115
0 , 0 , 0 , 0
0 , 0.153 , 0 , 0.153
0 , 0 , 0 , 0
0 , 0.1 , 0 , 0.1
0 , 0.1 , 0 , 0.1
0 , 0.1 , 0 , 0.1
0 , 0 , 0 , 0
0 , 0.1 , 0 , 0.1
0 , 0 , 0 , 0
0 , 0.1 , 0 , 0.1
0 , 0.163 , 0 , 0.163
0 , 0.163 , 0 , 0.163
0 , 0 , 0 , 0
0 , 0.131 , 0 , 0.131
0 , 0.1 , 0 , 0.1
0 , 0.1 , 0 , 0.1
0 , 0 , 0 , 0
0 , 0.1 , 0 , 0.1
0 , 0 , 0 , 0
0 , 0.1 , 0 , 0.1
0 , 0.121 , 0 , 0.121
0 , 0.121 , 0 , 0.121
0 , 0 , 0 , 0
0 , 0.138 , 0 , 0.138
0 , 0.138 , 0 , 0.138
0 , 0.138 , 0 , 0.138
0 , 0.1 , 0 , 0.1
0 , 0.1 , 0 , 0.1
0 , 0 , 0 , 0
0 , 0.121 , 0 , 0.121
0 , 0.137 , 0 , 0.137
0 , 0.137 , 0 , 0.137
0 , 0 , 0 , 0
0 , 0.101 , 0 , 0.101
0 , 0.131 , 0 , 0.131
0 , 0.131 , 0 , 0.131
0 , 0 , 0 , 0
0 , 0.1 , 0 , 0.1
0 , 0 , 0 , 0
0 , 0.115 , 0 , 0.115
0 , 0 , 0 , 0
0 , 0.121 , 0 , 0.121
0 , 0 , 0 , 0
0 , 0.099 , 0 , 0.099
0 , 0.1 , 0 , 0.1
0 , 0.1 , 0 , 0.1
0 , 0 , 0 , 0
0 , 0.116 , 0 , 0.116
0 , 0.132 , 0 , 0.132
0 , 0.132 , 0 , 0.132
0 , 0 , 0 , 0
0 , 0.132 , 0 , 0.132
0 , 0.1 , 0 , 0.1
0 , 0 , 0 , 0
0 , 0 , 0 , 0
0 , 0.162 , 0 , 0.162
0 , 0 , 0 , 0
0 , 0.116 , 0 , 0.116
0 , 0 , 0 , 0
0 , 0.1 , 0 , 0.1
0.015 , 0.138 , 0 , 0.153
0.015 , 0.138 , 0 , 0.153
0.001 , 0.121 , 0 , 0.122
0.001 , 0.121 , 0 , 0.122
0 , 0.1 , 0 , 0.1
0 , 0.1 , 0 , 0.1
0 , 0 , 0 , 0
0 , 0.132 , 0 , 0.132
0 , 0 , 0 , 0
0 , 0.1 , 0 , 0.1
0 , 0.15 , 0 , 0.15
0 , 0.15 , 0 , 0.15
0 , 0.1 , 0 , 0.1
0 , 0.1 , 0 , 0.1
0 , 0 , 0 , 0
0 , 0.101 , 0 , 0.101
0 , 0.185 , 0 , 0.185
0 , 0.185 , 0 , 0.185
0 , 0.1 , 0 , 0.1
0 , 0.1 , 0 , 0.1
0 , 0.121 , 0 , 0.121
0 , 0.121 , 0 , 0.121
0 , 0.1 , 0 , 0.1
0 , 0.1 , 0 , 0.1
0 , 0 , 0 , 0
0 , 0.122 , 0 , 0.122
0 , 0.1 , 0 , 0.1
0 , 0.1 , 0 , 0.1
0 , 0 , 0 , 0
0 , 0.131 , 0 , 0.131
0 , 0.1 , 0 , 0.1
0 , 0 , 0 , 0
0 , 0.1 , 0 , 0.1
0 , 0.1 , 0 , 0.1
0 , 0 , 0 , 0
0 , 0.1 , 0 , 0.1
0 , 0.122 , 0 , 0.122
0 , 0 , 0 , 0
0 , 0 , 0 , 0
0 , 0.138 , 0 , 0.138
0 , 0 , 0 , 0
0 , 0.122 , 0 , 0.122
0 , 0 , 0 , 0
0 , 0.1 , 0 , 0.1
0 , 0.116 , 0 , 0.116
0 , 0.116 , 0 , 0.116
0 , 0 , 0 , 0
0 , 0.1 , 0 , 0.1
0.001 , 0.136 , 0 , 0.137
0 , 0.136 , 0 , 0.136
0 , 0.1 , 0 , 0.1
0 , 0.1 , 0 , 0.1
0 , 0 , 0 , 0
0 , 0.1 , 0 , 0.1
0 , 0 , 0 , 0
0 , 0.1 , 0 , 0.1
0 , 0 , 0 , 0
0 , 0.116 , 0 , 0.116
0 , 0 , 0 , 0
0 , 0.148 , 0 , 0.148
0 , 0 , 0 , 0
0 , 0.1 , 0 , 0.1
0 , 0.101 , 0 , 0.101
0 , 0.101 , 0 , 0.101
0 , 0 , 0 , 0
0.016 , 0.1 , 0 , 0.116
0 , 0 , 0 , 0
0 , 0.1 , 0 , 0.1
0 , 0 , 0 , 0
0 , 0.131 , 0 , 0.131
0 , 0 , 0 , 0
0 , 0.099 , 0 , 0.099
0 , 0 , 0 , 0
0 , 0.1 , 0 , 0.1
0 , 0 , 0 , 0
0 , 0.105 , 0 , 0.105
0 , 0.17 , 0 , 0.17
0 , 0.169 , 0 , 0.169
0 , 0 , 0 , 0
0 , 0.1 , 0 , 0.1
0 , 0 , 0 , 0
0 , 0.1 , 0 , 0.1
0 , 0 , 0 , 0
0 , 0.107 , 0 , 0.107
0 , 0 , 0 , 0
0 , 0.1 , 0 , 0.1
0 , 0 , 0 , 0
0 , 0.147 , 0 , 0.147
0 , 0 , 0 , 0
0 , 0.1 , 0 , 0.1
0 , 0 , 0 , 0
0 , 0.106 , 0 , 0.106
0 , 0.106 , 0 , 0.106
0 , 0.106 , 0 , 0.106
0 , 0.137 , 0 , 0.137
0 , 0 , 0 , 0
0 , 0.154 , 0 , 0.154
0 , 0 , 0 , 0
0 , 0.1 , 0 , 0.1
0 , 0.1 , 0 , 0.1
0 , 0 , 0 , 0
0 , 0.132 , 0 , 0.132
0 , 0 , 0 , 0
0 , 0.183 , 0 , 0.183
0 , 0 , 0 , 0
0 , 0.107 , 0 , 0.107
0 , 0 , 0 , 0
0.016 , 0.1 , 0 , 0.116
0 , 0 , 0 , 0
0 , 0.1 , 0 , 0.1
0 , 0 , 0 , 0
0 , 0.1 , 0 , 0.1
0 , 0.1 , 0 , 0.1
0 , 0.1 , 0 , 0.1
0 , 0.116 , 0 , 0.116
0 , 0.116 , 0 , 0.116
0.016 , 0.116 , 0 , 0.132
0.016 , 0.116 , 0 , 0.132
0 , 0 , 0 , 0
0.016 , 0.163 , 0 , 0.179
0 , 0.121 , 0 , 0.121
0 , 0.121 , 0 , 0.121
0 , 0 , 0 , 0
0 , 0.1 , 0 , 0.1
0 , 0 , 0 , 0
0 , 0.138 , 0 , 0.138
0 , 0 , 0 , 0
0 , 0.122 , 0 , 0.122
0 , 0 , 0 , 0
0 , 0.1 , 0 , 0.1
0 , 0.169 , 0 , 0.169
0 , 0.169 , 0 , 0.169
0 , 0 , 0 , 0
0 , 0.1 , 0 , 0.1
0 , 0.1 , 0 , 0.1
0 , 0.1 , 0 , 0.1
0 , 0 , 0 , 0
0 , 0.121 , 0 , 0.121
0.001 , 0.115 , 0 , 0.116
0.001 , 0.115 , 0 , 0.116
0.001 , 0.152 , 0 , 0.153
0 , 0.152 , 0 , 0.152
0 , 0 , 0 , 0
0 , 0.115 , 0 , 0.115
0 , 0 , 0 , 0
0 , 0.1 , 0 , 0.1
0.016 , 0.147 , 0 , 0.163
0.017 , 0.147 , 0 , 0.164
0 , 0 , 0 , 0
0 , 0.115 , 0 , 0.115
0 , 0 , 0 , 0
0 , 0.1 , 0 , 0.1
0 , 0 , 0 , 0
0 , 0.122 , 0 , 0.122
0 , 0 , 0 , 0
0 , 0.1 , 0 , 0.1
0 , 0.1 , 0 , 0.1
0 , 0.1 , 0 , 0.1
0 , 0 , 0 , 0
0 , 0.101 , 0 , 0.101
0 , 0 , 0 , 0
0 , 0.105 , 0 , 0.105
0 , 0.168 , 0 , 0.168
0 , 0.167 , 0 , 0.167
0 , 0 , 0 , 0
0 , 0.101 , 0 , 0.101
0 , 0.131 , 0 , 0.131
0 , 0.131 , 0 , 0.131
0 , 0 , 0 , 0
0 , 0.1 , 0 , 0.1
0 , 0 , 0 , 0
0.001 , 0.103 , 0 , 0.104
0 , 0.106 , 0 , 0.106
0 , 0.105 , 0 , 0.105
0 , 0 , 0 , 0
0 , 0.116 , 0 , 0.116
0 , 0 , 0 , 0
0 , 0.1 , 0 , 0.1
0 , 0.132 , 0 , 0.132
0 , 0.132 , 0 , 0.132
0 , 0 , 0 , 0
0 , 0.1 , 0 , 0.1
0 , 0 , 0 , 0
0 , 0.103 , 0 , 0.103
0 , 0 , 0 , 0
0 , 0.116 , 0 , 0.116
0 , 0 , 0 , 0
0 , 0.121 , 0 , 0.121
0 , 0.099 , 0 , 0.099
0 , 0.099 , 0 , 0.099
0 , 0.122 , 0 , 0.122
0 , 0.122 , 0 , 0.122
0 , 0.1 , 0 , 0.1
0 , 0.1 , 0 , 0.1
0 , 0 , 0 , 0
0 , 0.1 , 0 , 0.1
0 , 0 , 0 , 0
0 , 0.101 , 0 , 0.101
0 , 0 , 0 , 0
0 , 0.116 , 0 , 0.116
0 , 0.132 , 0 , 0.132
0 , 0.132 , 0 , 0.132
0 , 0.116 , 0 , 0.116
0 , 0.116 , 0 , 0.116
0 , 0 , 0 , 0
0 , 0.1 , 0 , 0.1
0 , 0.137 , 0 , 0.137
0 , 0.137 , 0 , 0.137
0 , 0.1 , 0 , 0.1
0 , 0 , 0 , 0
0 , 0.101 , 0 , 0.101
0 , 0.101 , 0 , 0.101
0 , 0.1 , 0 , 0.1
0 , 0.1 , 0 , 0.1
0 , 0 , 0 , 0
0 , 0.116 , 0 , 0.116
0 , 0 , 0 , 0
0 , 0.132 , 0 , 0.132
0 , 0 , 0 , 0
0 , 0.1 , 0 , 0.1
0 , 0.099 , 0 , 0.099
0.001 , 0.098 , 0 , 0.099
0 , 0 , 0 , 0
0 , 0.099 , 0 , 0.099
0 , 0 , 0 , 0
0 , 0.101 , 0 , 0.101
0 , 0 , 0 , 0
0 , 0.1 , 0 , 0.1
0 , 0 , 0 , 0
0 , 0.106 , 0 , 0.106
0 , 0 , 0 , 0
0.001 , 0.132 , 0 , 0.133
0 , 0 , 0 , 0
0 , 0.116 , 0 , 0.116
0 , 0.085 , 0 , 0.085
0 , 0.085 , 0 , 0.085
0 , 0.105 , 0 , 0.105
0 , 0.106 , 0 , 0.106
0 , 0 , 0 , 0
0 , 0.084 , 0 , 0.084
0 , 0.116 , 0 , 0.116
0 , 0.116 , 0 , 0.116
0 , 0 , 0 , 0
0 , 0.106 , 0 , 0.106
0 , 0 , 0 , 0
0 , 0.084 , 0 , 0.084
0.016 , 0.085 , 0 , 0.101
0 , 0.101 , 0 , 0.101
0 , 0 , 0 , 0
0 , 0.1 , 0 , 0.1
0 , 0 , 0 , 0
0 , 0.085 , 0 , 0.085
0 , 0.1 , 0 , 0.1
0 , 0.1 , 0 , 0.1
0 , 0.146 , 0 , 0.146
0 , 0.146 , 0 , 0.146
0 , 0.099 , 0 , 0.099
0 , 0.099 , 0 , 0.099
0 , 0 , 0 , 0
0 , 0.123 , 0 , 0.123
0 , 0 , 0 , 0
0 , 0.084 , 0 , 0.084
0 , 0 , 0 , 0
0 , 0.084 , 0 , 0.084
0 , 0 , 0 , 0
0 , 0.1 , 0 , 0.1
0 , 0 , 0 , 0
0 , 0.084 , 0 , 0.084
0.015 , 0.085 , 0 , 0.1
0 , 0.085 , 0 , 0.085
0 , 0 , 0 , 0
0 , 0.1 , 0 , 0.1
0 , 0 , 0 , 0
0 , 0.1 , 0 , 0.1
0 , 0.085 , 0 , 0.085
0 , 0.085 , 0 , 0.085
0 , 0 , 0 , 0
0 , 0.1 , 0 , 0.1
0 , 0.118 , 0 , 0.118
0 , 0.118 , 0 , 0.118
0 , 0 , 0 , 0
0 , 0.101 , 0 , 0.101
0 , 0 , 0 , 0
0 , 0.1 , 0 , 0.1
0 , 0.084 , 0 , 0.084
0 , 0.084 , 0 , 0.084
0 , 0 , 0 , 0
0 , 0.099 , 0 , 0.099
0 , 0 , 0 , 0
0.016 , 0.084 , 0 , 0.1
0 , 0 , 0 , 0
0 , 0.169 , 0 , 0.169
0 , 0.084 , 0 , 0.084
0 , 0.084 , 0 , 0.084
0 , 0.116 , 0 , 0.116
0 , 0.116 , 0 , 0.116
0 , 0 , 0 , 0
0 , 0.085 , 0 , 0.085
0 , 0.107 , 0 , 0.107
0 , 0.106 , 0 , 0.106
0 , 0 , 0 , 0
0 , 0.116 , 0 , 0.116
0 , 0 , 0 , 0
0 , 0.1 , 0 , 0.1
0 , 0 , 0 , 0
0 , 0.099 , 0 , 0.099
0 , 0.085 , 0 , 0.085
0.016 , 0.085 , 0 , 0.101
0 , 0 , 0 , 0
0 , 0.116 , 0 , 0.116
0 , 0.085 , 0 , 0.085
0 , 0 , 0 , 0
0 , 0.183 , 0 , 0.183
0 , 0.184 , 0 , 0.184
0 , 0.116 , 0 , 0.116
0 , 0.116 , 0 , 0.116
0 , 0 , 0 , 0
0 , 0.116 , 0 , 0.116
0 , 0 , 0 , 0
0 , 0.099 , 0 , 0.099
0 , 0 , 0 , 0
0 , 0.1 , 0 , 0.1
0 , 0.085 , 0 , 0.085
0 , 0.085 , 0 , 0.085
0 , 0 , 0 , 0
0 , 0.084 , 0 , 0.084
0 , 0 , 0 , 0
0 , 0.1 , 0 , 0.1
0 , 0 , 0 , 0
0 , 0.1 , 0 , 0.1
0 , 0.137 , 0 , 0.137
0 , 0.137 , 0 , 0.137
0 , 0 , 0 , 0
0 , 0.1 , 0 , 0.1
0 , 0 , 0 , 0
0 , 0.1 , 0 , 0.1
0 , 0 , 0 , 0
0.016 , 0.116 , 0 , 0.132
0 , 0 , 0 , 0
0 , 0.1 , 0 , 0.1
0 , 0 , 0 , 0
0 , 0.101 , 0 , 0.101
0 , 0.084 , 0 , 0.084
0 , 0.084 , 0 , 0.084
0 , 0 , 0 , 0
0 , 0.101 , 0 , 0.101
0 , 0.153 , 0 , 0.153
0 , 0.153 , 0 , 0.153
0 , 0.084 , 0 , 0.084
0 , 0.084 , 0 , 0.084
0 , 0.084 , 0 , 0.084
0 , 0 , 0 , 0
0 , 0.116 , 0 , 0.116
0 , 0.116 , 0 , 0.116
0 , 0 , 0 , 0
0 , 0.084 , 0 , 0.084
0 , 0 , 0 , 0
0 , 0.084 , 0 , 0.084
0 , 0 , 0 , 0
0 , 0.1 , 0 , 0.1
0 , 0.1 , 0 , 0.1
0 , 0.1 , 0 , 0.1
0 , 0 , 0 , 0
0 , 0.154 , 0 , 0.154
0 , 0 , 0 , 0
0.001 , 0.102 , 0 , 0.103
0 , 0 , 0 , 0
0 , 0.085 , 0 , 0.085
0 , 0 , 0 , 0
0 , 0.084 , 0 , 0.084
0 , 0 , 0 , 0
0 , 0.13 , 0 , 0.13
0 , 0 , 0 , 0
0 , 0.085 , 0 , 0.085
0 , 0 , 0 , 0
0 , 0.136 , 0 , 0.136
0 , 0 , 0 , 0
0 , 0.084 , 0 , 0.084
0 , 0 , 0 , 0
0 , 0.085 , 0 , 0.085
0 , 0 , 0 , 0
0.016 , 0.084 , 0 , 0.1
0 , 0 , 0 , 0
0 , 0.084 , 0 , 0.084
0 , 0.084 , 0 , 0.084
0 , 0.084 , 0 , 0.084
0 , 0.084 , 0 , 0.084
0 , 0.084 , 0 , 0.084
0 , 0.1 , 0 , 0.1
0 , 0 , 0 , 0
0 , 0 , 0 , 0
0.001 , 0.099 , 0 , 0.1
0 , 0 , 0 , 0
0 , 0.1 , 0 , 0.1
0 , 0.116 , 0 , 0.116
0 , 0.116 , 0 , 0.116
0 , 0.1 , 0 , 0.1
0 , 0.1 , 0 , 0.1
0 , 0 , 0 , 0
0 , 0.131 , 0 , 0.131
0 , 0 , 0 , 0
0 , 0.116 , 0 , 0.116
0 , 0 , 0 , 0
0 , 0.099 , 0 , 0.099
0 , 0.116 , 0 , 0.116
0 , 0 , 0 , 0
0 , 0 , 0 , 0
0 , 0.084 , 0 , 0.084
0 , 0 , 0 , 0
0 , 0.084 , 0 , 0.084
0 , 0 , 0 , 0
0.016 , 0.084 , 0 , 0.1
0 , 0 , 0 , 0
0.001 , 0.101 , 0 , 0.102
0 , 0 , 0 , 0
0 , 0.101 , 0 , 0.101
0 , 0 , 0 , 0
0 , 0.115 , 0 , 0.115
0 , 0 , 0 , 0
0 , 0.084 , 0 , 0.084
0 , 0 , 0 , 0
0 , 0.116 , 0 , 0.116
0 , 0.116 , 0 , 0.116
0 , 0.116 , 0 , 0.116
0 , 0 , 0 , 0
0 , 0.084 , 0 , 0.084
0 , 0 , 0 , 0
0 , 0.115 , 0 , 0.115
0 , 0 , 0 , 0
0 , 0.084 , 0 , 0.084
0 , 0.084 , 0 , 0.084
0 , 0.084 , 0 , 0.084
0 , 0.147 , 0 , 0.147
0 , 0.147 , 0 , 0.147
0 , 0.131 , 0 , 0.131
0 , 0.131 , 0 , 0.131
0 , 0 , 0 , 0
0.016 , 0.084 , 0 , 0.1
0 , 0 , 0 , 0
0 , 0.084 , 0 , 0.084
0 , 0 , 0 , 0
0 , 0.099 , 0 , 0.099
0 , 0.148 , 0 , 0.148
0 , 0.148 , 0 , 0.148
0 , 0 , 0 , 0
0 , 0.1 , 0 , 0.1
0 , 0.107 , 0 , 0.107
0 , 0 , 0 , 0
0 , 0 , 0 , 0
0 , 0.1 , 0 , 0.1
0 , 0.116 , 0 , 0.116
0 , 0.116 , 0 , 0.116
0 , 0.131 , 0 , 0.131
0 , 0.131 , 0 , 0.131
0 , 0 , 0 , 0
0 , 0.085 , 0 , 0.085
0 , 0.136 , 0 , 0.136
0 , 0.135 , 0 , 0.135
0 , 0 , 0 , 0
0 , 0.084 , 0 , 0.084
0 , 0 , 0 , 0
0 , 0.1 , 0 , 0.1
0 , 0.106 , 0 , 0.106
0 , 0 , 0 , 0
0 , 0.085 , 0 , 0.085
0 , 0.085 , 0 , 0.085
0 , 0 , 0 , 0
0 , 0.116 , 0 , 0.116
0 , 0 , 0 , 0
0 , 0.102 , 0 , 0.102
0 , 0 , 0 , 0
0 , 0.1 , 0 , 0.1
0 , 0 , 0 , 0
0 , 0.084 , 0 , 0.084
0 , 0 , 0 , 0
0.001 , 0.136 , 0 , 0.137
0 , 0 , 0 , 0
0 , 0.084 , 0 , 0.084
0 , 0 , 0 , 0
0 , 0.105 , 0 , 0.105
0 , 0.115 , 0 , 0.115
0 , 0 , 0 , 0
0 , 0 , 0 , 0
0 , 0.085 , 0 , 0.085
0 , 0 , 0 , 0
0 , 0.121 , 0 , 0.121
0 , 0 , 0 , 0
0 , 0.116 , 0 , 0.116
0 , 0 , 0 , 0
0 , 0.084 , 0 , 0.084
0 , 0.121 , 0 , 0.121
0 , 0.121 , 0 , 0.121
0 , 0.084 , 0 , 0.084
0 , 0.084 , 0 , 0.084
0 , 0 , 0 , 0
0 , 0.116 , 0 , 0.116
0 , 0 , 0 , 0
0 , 0.082 , 0 , 0.082
0 , 0.085 , 0 , 0.085
0 , 0.085 , 0 , 0.085
0 , 0 , 0 , 0
0 , 0.085 , 0 , 0.085
0 , 0 , 0 , 0
0 , 0.085 , 0 , 0.085
0 , 0 , 0 , 0
0 , 0.084 , 0 , 0.084
0.001 , 0.132 , 0 , 0.133
0 , 0.132 , 0 , 0.132
0 , 0 , 0 , 0
0 , 0.084 , 0 , 0.084
0 , 0.122 , 0 , 0.122
0 , 0.122 , 0 , 0.122
0 , 0.154 , 0 , 0.154
0 , 0.154 , 0 , 0.154
0 , 0 , 0 , 0
0 , 0.085 , 0 , 0.085
0 , 0.085 , 0 , 0.085
0 , 0 , 0 , 0
0 , 0.084 , 0 , 0.084
0 , 0.084 , 0 , 0.084
0 , 0 , 0 , 0
0 , 0.083 , 0 , 0.083
0 , 0.085 , 0 , 0.085
0 , 0.085 , 0 , 0.085
0 , 0.084 , 0 , 0.084
0 , 0 , 0 , 0
0 , 0 , 0 , 0
0 , 0.116 , 0 , 0.116
0 , 0 , 0 , 0
0 , 0.084 , 0 , 0.084
0 , 0.085 , 0 , 0.085
0 , 0.085 , 0 , 0.085
0 , 0 , 0 , 0
0 , 0.147 , 0 , 0.147
0 , 0.131 , 0 , 0.131
0 , 0.131 , 0 , 0.131
0 , 0 , 0 , 0
0 , 0.1 , 0 , 0.1
0 , 0 , 0 , 0
0 , 0.106 , 0 , 0.106
0 , 0 , 0 , 0
0 , 0.084 , 0 , 0.084
0 , 0 , 0 , 0
0 , 0.084 , 0 , 0.084
0 , 0 , 0 , 0
0 , 0.138 , 0 , 0.138
0 , 0 , 0 , 0
0 , 0.084 , 0 , 0.084
0 , 0 , 0 , 0
0 , 0.1 , 0 , 0.1
0.001 , 0.099 , 0 , 0.1
0 , 0 , 0 , 0
0 , 0 , 0 , 0
0 , 0.084 , 0 , 0.084
0 , 0.163 , 0 , 0.163
0 , 0.163 , 0 , 0.163
0 , 0 , 0 , 0
0 , 0.085 , 0 , 0.085
0 , 0 , 0 , 0
0 , 0.083 , 0 , 0.083
0 , 0 , 0 , 0
0 , 0.085 , 0 , 0.085
0 , 0.116 , 0 , 0.116
0 , 0.116 , 0 , 0.116
0 , 0.085 , 0 , 0.085
0 , 0 , 0 , 0
0 , 0 , 0 , 0
0 , 0.084 , 0 , 0.084
0 , 0 , 0 , 0
0 , 0.084 , 0 , 0.084
0 , 0.131 , 0 , 0.131
0 , 0.131 , 0 , 0.131
0 , 0 , 0 , 0
0 , 0.116 , 0 , 0.116
0 , 0.085 , 0 , 0.085
0 , 0.085 , 0 , 0.085
0 , 0 , 0 , 0
0 , 0.084 , 0 , 0.084
0 , 0 , 0 , 0
0 , 0.085 , 0 , 0.085
0 , 0.082 , 0 , 0.082
0 , 0.082 , 0 , 0.082
0 , 0 , 0 , 0
0 , 0.132 , 0 , 0.132
0 , 0 , 0 , 0
0 , 0.116 , 0 , 0.116
0 , 0 , 0 , 0
0.016 , 0.084 , 0 , 0.1
0 , 0 , 0 , 0
0 , 0.099 , 0 , 0.099
0 , 0.099 , 0 , 0.099
0 , 0.099 , 0 , 0.099
0 , 0 , 0 , 0
0 , 0.084 , 0 , 0.084
0 , 0 , 0 , 0
0 , 0.085 , 0 , 0.085
0 , 0.085 , 0 , 0.085
0 , 0.084 , 0 , 0.084
0 , 0 , 0 , 0
0 , 0.1 , 0 , 0.1
0 , 0.085 , 0 , 0.085
0 , 0.085 , 0 , 0.085
0 , 0 , 0 , 0
0 , 0.084 , 0 , 0.084
0 , 0 , 0 , 0
0 , 0.084 , 0 , 0.084
0 , 0 , 0 , 0
0.001 , 0.133 , 0 , 0.134
0 , 0 , 0 , 0
0 , 0.085 , 0 , 0.085
0 , 0 , 0 , 0
0 , 0.121 , 0 , 0.121
0 , 0.084 , 0 , 0.084
0 , 0 , 0 , 0
0 , 0 , 0 , 0
0.016 , 0.1 , 0 , 0.116
0 , 0 , 0 , 0
0 , 0.084 , 0 , 0.084
0 , 0 , 0 , 0
0 , 0.085 , 0 , 0.085
0 , 0 , 0 , 0
0 , 0.117 , 0 , 0.117
0 , 0 , 0 , 0
0 , 0.084 , 0 , 0.084
0 , 0 , 0 , 0
0 , 0.085 , 0 , 0.085
0 , 0 , 0 , 0
0 , 0.1 , 0 , 0.1
0 , 0 , 0 , 0
0 , 0.1 , 0 , 0.1
0 , 0 , 0 , 0
0.015 , 0.116 , 0 , 0.131
0 , 0 , 0 , 0
0 , 0.115 , 0 , 0.115
0 , 0 , 0 , 0
0 , 0.083 , 0 , 0.083
0 , 0 , 0 , 0
0 , 0.084 , 0 , 0.084
0 , 0 , 0 , 0
0 , 0.099 , 0 , 0.099
0 , 0 , 0 , 0
0 , 0.085 , 0 , 0.085
0.016 , 0.106 , 0 , 0.122
0.016 , 0.105 , 0 , 0.121
0 , 0 , 0 , 0
0 , 0.137 , 0 , 0.137
0 , 0 , 0 , 0
0 , 0.084 , 0 , 0.084
0 , 0.1 , 0 , 0.1
0 , 0.1 , 0 , 0.1
0 , 0 , 0 , 0
0 , 0.122 , 0 , 0.122
0 , 0 , 0 , 0
0.001 , 0.132 , 0 , 0.133
0 , 0 , 0 , 0
0 , 0.132 , 0 , 0.132
0 , 0 , 0 , 0
0 , 0.131 , 0 , 0.131
0 , 0 , 0 , 0
0 , 0.084 , 0 , 0.084
0 , 0 , 0 , 0
0 , 0.1 , 0 , 0.1
0 , 0.131 , 0 , 0.131
0 , 0.131 , 0 , 0.131
0 , 0 , 0 , 0
0 , 0.084 , 0 , 0.084
0 , 0 , 0 , 0
0 , 0.084 , 0 , 0.084
0 , 0.085 , 0 , 0.085
0 , 0.085 , 0 , 0.085
0 , 0 , 0 , 0
0 , 0.084 , 0 , 0.084
0 , 0 , 0 , 0
0 , 0.084 , 0 , 0.084
0 , 0.116 , 0 , 0.116
0 , 0.116 , 0 , 0.116
0 , 0.085 , 0 , 0.085
0 , 0.085 , 0 , 0.085
0 , 0.084 , 0 , 0.084
0 , 0.084 , 0 , 0.084
0 , 0 , 0 , 0
0 , 0.085 , 0 , 0.085
0 , 0.116 , 0 , 0.116
0 , 0.116 , 0 , 0.116
0 , 0 , 0 , 0
0 , 0.084 , 0 , 0.084
0 , 0 , 0 , 0
0.016 , 0.084 , 0 , 0.1
0 , 0 , 0 , 0
0 , 0.084 , 0 , 0.084
0 , 0.084 , 0 , 0.084
0 , 0.084 , 0 , 0.084
0 , 0 , 0 , 0
0 , 0.116 , 0 , 0.116
0 , 0 , 0 , 0
0 , 0.085 , 0 , 0.085
0 , 0.085 , 0 , 0.085
0 , 0.085 , 0 , 0.085
0 , 0 , 0 , 0
0.016 , 0.084 , 0 , 0.1
0 , 0 , 0 , 0
0 , 0.138 , 0 , 0.138
0 , 0 , 0 , 0
0 , 0.101 , 0 , 0.101
0 , 0 , 0 , 0
0 , 0.1 , 0 , 0.1
0 , 0 , 0 , 0
0 , 0.084 , 0 , 0.084
0 , 0 , 0 , 0
0 , 0.1 , 0 , 0.1
0 , 0 , 0 , 0
0 , 0.085 , 0 , 0.085
0 , 0.134 , 0 , 0.134
0 , 0.134 , 0 , 0.134
0 , 0 , 0 , 0
0 , 0.085 , 0 , 0.085
0 , 0 , 0 , 0
0 , 0.1 , 0 , 0.1
0 , 0.1 , 0 , 0.1
0 , 0.1 , 0 , 0.1
0 , 0 , 0 , 0
0 , 0.084 , 0 , 0.084
0 , 0 , 0 , 0
0 , 0.1 , 0 , 0.1
0 , 0 , 0 , 0
0 , 0.085 , 0 , 0.085
0 , 0.184 , 0 , 0.184
0 , 0.183 , 0 , 0.183
0 , 0 , 0 , 0
0 , 0.084 , 0 , 0.084
0.001 , 0.097 , 0 , 0.098
0 , 0.098 , 0 , 0.098
0 , 0 , 0 , 0
0 , 0.085 , 0 , 0.085
0 , 0 , 0 , 0
0 , 0.084 , 0 , 0.084
0 , 0.099 , 0 , 0.099
0 , 0.099 , 0 , 0.099
0.016 , 0.131 , 0 , 0.147
0 , 0.131 , 0 , 0.131
0 , 0.085 , 0 , 0.085
0 , 0.085 , 0 , 0.085
0 , 0 , 0 , 0
0 , 0.116 , 0 , 0.116
0 , 0.084 , 0 , 0.084
0 , 0 , 0 , 0
0 , 0 , 0 , 0
0 , 0.085 , 0 , 0.085
0 , 0 , 0 , 0
0 , 0.085 , 0 , 0.085
0 , 0 , 0 , 0
0 , 0.085 , 0 , 0.085
0 , 0.1 , 0 , 0.1
0 , 0.1 , 0 , 0.1
0 , 0 , 0 , 0
0 , 0.116 , 0 , 0.116
0 , 0.1 , 0 , 0.1
0 , 0.1 , 0 , 0.1
0 , 0.122 , 0 , 0.122
0 , 0.122 , 0 , 0.122
0.016 , 0.084 , 0 , 0.1
0.016 , 0.084 , 0 , 0.1
0 , 0 , 0 , 0
0 , 0.1 , 0 , 0.1
0 , 0 , 0 , 0
0 , 0.1 , 0 , 0.1
0.015 , 0.085 , 0 , 0.1
0.015 , 0.085 , 0 , 0.1
0 , 0.1 , 0 , 0.1
0 , 0.1 , 0 , 0.1
0 , 0 , 0 , 0
0 , 0.084 , 0 , 0.084
0 , 0.105 , 0 , 0.105
0 , 0.105 , 0 , 0.105
0 , 0 , 0 , 0
0 , 0.084 , 0 , 0.084
0 , 0 , 0 , 0
0 , 0.084 , 0 , 0.084
0 , 0 , 0 , 0
0 , 0.106 , 0 , 0.106
0 , 0 , 0 , 0
0 , 0.169 , 0 , 0.169
0 , 0 , 0 , 0
0.001 , 0.101 , 0 , 0.102
0 , 0 , 0 , 0
0 , 0.131 , 0 , 0.131
0 , 0.084 , 0 , 0.084
0 , 0.084 , 0 , 0.084
0 , 0 , 0 , 0
0 , 0.084 , 0 , 0.084
0 , 0 , 0 , 0
0 , 0.084 , 0 , 0.084
0 , 0 , 0 , 0
0 , 0.085 , 0 , 0.085
0 , 0.085 , 0 , 0.085
0 , 0.085 , 0 , 0.085
0 , 0 , 0 , 0
0 , 0.1 , 0 , 0.1
0 , 0.085 , 0 , 0.085
0 , 0.085 , 0 , 0.085
0 , 0 , 0 , 0
0.015 , 0.084 , 0 , 0.099
0 , 0 , 0 , 0
0 , 0.085 , 0 , 0.085
0 , 0 , 0 , 0
0 , 0.154 , 0 , 0.154
0 , 0 , 0 , 0
0 , 0.085 , 0 , 0.085
0 , 0.131 , 0 , 0.131
0 , 0.131 , 0 , 0.131
0 , 0.1 , 0 , 0.1
0 , 0.1 , 0 , 0.1
0 , 0 , 0 , 0
0 , 0.084 , 0 , 0.084
0 , 0.084 , 0 , 0.084
0.016 , 0.083 , 0 , 0.099
0 , 0.084 , 0 , 0.084
0 , 0.084 , 0 , 0.084
0 , 0 , 0 , 0
0 , 0.084 , 0 , 0.084
0 , 0.154 , 0 , 0.154
0 , 0.154 , 0 , 0.154
0 , 0 , 0 , 0
0 , 0.084 , 0 , 0.084
0 , 0 , 0 , 0
0 , 0.115 , 0 , 0.115
0 , 0 , 0 , 0
0 , 0.1 , 0 , 0.1
0 , 0 , 0 , 0
0 , 0.1 , 0 , 0.1
0 , 0.132 , 0 , 0.132
0 , 0.132 , 0 , 0.132
0 , 0 , 0 , 0
0 , 0.101 , 0 , 0.101
0 , 0.085 , 0 , 0.085
0 , 0.085 , 0 , 0.085
0 , 0.1 , 0 , 0.1
0 , 0.1 , 0 , 0.1
0 , 0 , 0 , 0
0 , 0.084 , 0 , 0.084
0 , 0 , 0 , 0
0 , 0.099 , 0 , 0.099
0 , 0 , 0 , 0
0 , 0.084 , 0 , 0.084
0 , 0.147 , 0 , 0.147
0 , 0.147 , 0 , 0.147
0 , 0 , 0 , 0
0 , 0.132 , 0 , 0.132
0 , 0 , 0 , 0
0 , 0.1 , 0 , 0.1
0 , 0.084 , 0 , 0.084
0 , 0.084 , 0 , 0.084
0 , 0.1 , 0 , 0.1
0 , 0.1 , 0 , 0.1
0 , 0 , 0 , 0
0 , 0.084 , 0 , 0.084
0 , 0.132 , 0 , 0.132
0 , 0.132 , 0 , 0.132
0 , 0 , 0 , 0
0 , 0.1 , 0 , 0.1
0 , 0 , 0 , 0
0 , 0.084 , 0 , 0.084
0 , 0.084 , 0 , 0.084
0 , 0.084 , 0 , 0.084
0 , 0 , 0 , 0
0 , 0.085 , 0 , 0.085
0 , 0.153 , 0 , 0.153
0 , 0.1 , 0 , 0.1
0 , 0.083 , 0 , 0.083
0 , 0.1 , 0 , 0.1
0.001 , 0.095 , 0 , 0.096
0 , 0.1 , 0 , 0.1
0 , 0.085 , 0 , 0.085
0 , 0.1 , 0 , 0.1
0 , 0.096 , 0 , 0.096
0 , 0.1 , 0 , 0.1
0 , 0.1 , 0 , 0.1
0 , 0.084 , 0 , 0.084
0.001 , 0.096 , 0 , 0.097
0 , 0.1 , 0 , 0.1
0.016 , 0.084 , 0 , 0.1
0 , 0.099 , 0 , 0.099
0 , 0.097 , 0 , 0.097
0 , 0.1 , 0 , 0.1
0 , 0.095 , 0 , 0.095
0 , 0.09 , 0 , 0.09
0 , 0.099 , 0 , 0.099
0 , 0.084 , 0 , 0.084
0 , 0.101 , 0 , 0.101
0 , 0.084 , 0 , 0.084
0 , 0.099 , 0 , 0.099
0 , 0.1 , 0 , 0.1
0 , 0.085 , 0 , 0.085
0 , 0.1 , 0 , 0.1
0 , 0.079 , 0 , 0.079
0 , 0.099 , 0 , 0.099
0 , 0.084 , 0 , 0.084
0 , 0.099 , 0 , 0.099
0 , 0.082 , 0 , 0.082
0 , 0.085 , 0 , 0.085
0 , 0.101 , 0 , 0.101
0 , 0.084 , 0 , 0.084
0 , 0.1 , 0 , 0.1
0 , 0.1 , 0 , 0.1
0 , 0.084 , 0 , 0.084
0 , 0.116 , 0 , 0.116
0 , 0.081 , 0 , 0.081
0 , 0.084 , 0 , 0.084
0 , 0.084 , 0 , 0.084
0 , 0.1 , 0 , 0.1
0 , 0.083 , 0 , 0.083
0 , 0.1 , 0 , 0.1
0 , 0.084 , 0 , 0.084
0 , 0.084 , 0 , 0.084
0 , 0.1 , 0 , 0.1
0 , 0.085 , 0 , 0.085
0 , 0.085 , 0 , 0.085
0 , 0.1 , 0 , 0.1
0 , 0.085 , 0 , 0.085
0 , 0.099 , 0 , 0.099
0 , 0.101 , 0 , 0.101
0 , 0.084 , 0 , 0.084
0 , 0.1 , 0 , 0.1
0 , 0.094 , 0 , 0.094
0 , 0.101 , 0 , 0.101
0 , 0.099 , 0 , 0.099
0 , 0.084 , 0 , 0.084
0 , 0.1 , 0 , 0.1
0 , 0.1 , 0 , 0.1
0 , 0.085 , 0 , 0.085
0 , 0.1 , 0 , 0.1
0 , 0.085 , 0 , 0.085
0 , 0.099 , 0 , 0.099
0 , 0.084 , 0 , 0.084
0 , 0.085 , 0 , 0.085
0 , 0.1 , 0 , 0.1
0 , 0.084 , 0 , 0.084
0 , 0.085 , 0 , 0.085
0 , 0.084 , 0 , 0.084
0 , 0.101 , 0 , 0.101
0 , 0.083 , 0 , 0.083
0 , 0.078 , 0 , 0.078
0 , 0.085 , 0 , 0.085
0 , 0.085 , 0 , 0.085
0 , 0.1 , 0 , 0.1
0 , 0.084 , 0 , 0.084
0.016 , 0.078 , 0 , 0.094
0 , 0.084 , 0 , 0.084
0.015 , 0.085 , 0 , 0.1
0 , 0.085 , 0 , 0.085
0 , 0.084 , 0 , 0.084
0 , 0.078 , 0 , 0.078
0 , 0.085 , 0 , 0.085
0 , 0.1 , 0 , 0.1
0 , 0.085 , 0 , 0.085
0 , 0.084 , 0 , 0.084
0 , 0.079 , 0 , 0.079
0 , 0.085 , 0 , 0.085
0 , 0.085 , 0 , 0.085
0 , 0.085 , 0 , 0.085
0 , 0.1 , 0 , 0.1
0 , 0.078 , 0 , 0.078
0 , 0.085 , 0 , 0.085
0 , 0.085 , 0 , 0.085
0 , 0.1 , 0 , 0.1
0 , 0.085 , 0 , 0.085
0 , 0.079 , 0 , 0.079
0 , 0.085 , 0 , 0.085
0 , 0.1 , 0 , 0.1
0 , 0.085 , 0 , 0.085
0 , 0.084 , 0 , 0.084
0 , 0.078 , 0 , 0.078
0 , 0.084 , 0 , 0.084
0 , 0.085 , 0 , 0.085
0 , 0.1 , 0 , 0.1
0 , 0.084 , 0 , 0.084
0 , 0.079 , 0 , 0.079
0 , 0.085 , 0 , 0.085
0 , 0.085 , 0 , 0.085
0 , 0.085 , 0 , 0.085
0 , 0.084 , 0 , 0.084
0 , 0.084 , 0 , 0.084
0 , 0.101 , 0 , 0.101
0 , 0.084 , 0 , 0.084
0 , 0.085 , 0 , 0.085
0 , 0.085 , 0 , 0.085
0 , 0.084 , 0 , 0.084
0 , 0.078 , 0 , 0.078
0 , 0.131 , 0 , 0.131
0 , 0.084 , 0 , 0.084
0.001 , 0.096 , 0 , 0.097
0 , 0.084 , 0 , 0.084
0 , 0.1 , 0 , 0.1
0 , 0.085 , 0 , 0.085
0 , 0.084 , 0 , 0.084
0 , 0.079 , 0 , 0.079
0 , 0.084 , 0 , 0.084
0 , 0.085 , 0 , 0.085
0.015 , 0.085 , 0 , 0.1
0 , 0.084 , 0 , 0.084
0 , 0.081 , 0 , 0.081
0 , 0.084 , 0 , 0.084
0 , 0.085 , 0 , 0.085
0 , 0.085 , 0 , 0.085
0 , 0.084 , 0 , 0.084
0 , 0.085 , 0 , 0.085
0 , 0.078 , 0 , 0.078
0 , 0.101 , 0 , 0.101
0 , 0.083 , 0 , 0.083
0.016 , 0.084 , 0 , 0.1
0 , 0.1 , 0 , 0.1
0 , 0.094 , 0 , 0.094
0.016 , 0.084 , 0 , 0.1
0 , 0.085 , 0 , 0.085
0 , 0.085 , 0 , 0.085
0 , 0.084 , 0 , 0.084
0 , 0.079 , 0 , 0.079
0.001 , 0.099 , 0 , 0.1
0 , 0.085 , 0 , 0.085
0 , 0.084 , 0 , 0.084
0 , 0.084 , 0 , 0.084
0 , 0.085 , 0 , 0.085
0 , 0.078 , 0 , 0.078
0 , 0.084 , 0 , 0.084
0 , 0.084 , 0 , 0.084
0 , 0.085 , 0 , 0.085
0 , 0.084 , 0 , 0.084
0 , 0.084 , 0 , 0.084
0 , 0.082 , 0 , 0.082
0.001 , 0.099 , 0 , 0.1
0.015 , 0.069 , 0 , 0.084
0 , 0.084 , 0 , 0.084
0 , 0.084 , 0 , 0.084
0 , 0.083 , 0 , 0.083
0 , 0.083 , 0 , 0.083
0.001 , 0.095 , 0 , 0.096
0 , 0.084 , 0 , 0.084
0 , 0.084 , 0 , 0.084
0.015 , 0.069 , 0 , 0.084
0 , 0.068 , 0 , 0.068
0 , 0.085 , 0 , 0.085
0 , 0.078 , 0 , 0.078
0 , 0.084 , 0 , 0.084
0 , 0.085 , 0 , 0.085
0 , 0.085 , 0 , 0.085
0 , 0.085 , 0 , 0.085
0 , 0.084 , 0 , 0.084
0 , 0.08 , 0 , 0.08
0 , 0.098 , 0 , 0.098
0 , 0.085 , 0 , 0.085
0 , 0.086 , 0 , 0.086
0 , 0.083 , 0 , 0.083
0 , 0.084 , 0 , 0.084
0 , 0.085 , 0 , 0.085
0 , 0.078 , 0 , 0.078
0 , 0.084 , 0 , 0.084
0 , 0.069 , 0 , 0.069
0 , 0.1 , 0 , 0.1
0 , 0.084 , 0 , 0.084
0 , 0.084 , 0 , 0.084
0 , 0.078 , 0 , 0.078
0 , 0.084 , 0 , 0.084
0 , 0.085 , 0 , 0.085
0 , 0.085 , 0 , 0.085
0 , 0.085 , 0 , 0.085
0 , 0.084 , 0 , 0.084
0 , 0.08 , 0 , 0.08
0 , 0.099 , 0 , 0.099
0 , 0.084 , 0 , 0.084
0 , 0.084 , 0 , 0.084
0 , 0.085 , 0 , 0.085
0 , 0.085 , 0 , 0.085
0 , 0.084 , 0 , 0.084
0 , 0.081 , 0 , 0.081
0 , 0.082 , 0 , 0.082
0 , 0.084 , 0 , 0.084
0 , 0.083 , 0 , 0.083
0 , 0.084 , 0 , 0.084
0.016 , 0.068 , 0 , 0.084
0 , 0.084 , 0 , 0.084
0 , 0.084 , 0 , 0.084
0 , 0.078 , 0 , 0.078
0 , 0.095 , 0 , 0.095
0 , 0.085 , 0 , 0.085
0 , 0.085 , 0 , 0.085
0 , 0.084 , 0 , 0.084
0 , 0.069 , 0 , 0.069
0 , 0.068 , 0 , 0.068
0 , 0.085 , 0 , 0.085
0 , 0.078 , 0 , 0.078
0 , 0.097 , 0 , 0.097
0 , 0.085 , 0 , 0.085
0 , 0.085 , 0 , 0.085
0 , 0.085 , 0 , 0.085
0 , 0.085 , 0 , 0.085
0 , 0.084 , 0 , 0.084
0 , 0.067 , 0 , 0.067
0 , 0.079 , 0 , 0.079
0 , 0.085 , 0 , 0.085
0 , 0.069 , 0 , 0.069
0 , 0.084 , 0 , 0.084
0 , 0.085 , 0 , 0.085
0.015 , 0.069 , 0 , 0.084
0 , 0.068 , 0 , 0.068
0 , 0.085 , 0 , 0.085
0 , 0.078 , 0 , 0.078
0 , 0.116 , 0 , 0.116
0 , 0.084 , 0 , 0.084
0 , 0.084 , 0 , 0.084
0 , 0.081 , 0 , 0.081
0 , 0.078 , 0 , 0.078
0 , 0.085 , 0 , 0.085
0 , 0.068 , 0 , 0.068
0 , 0.084 , 0 , 0.084
0 , 0.099 , 0 , 0.099
0 , 0.084 , 0 , 0.084
0 , 0.068 , 0 , 0.068
0 , 0.078 , 0 , 0.078
0.001 , 0.079 , 0 , 0.08
0 , 0.084 , 0 , 0.084
0 , 0.084 , 0 , 0.084
0 , 0.069 , 0 , 0.069
0 , 0.069 , 0 , 0.069
0 , 0.084 , 0 , 0.084
0 , 0.085 , 0 , 0.085
0 , 0.078 , 0 , 0.078
0 , 0.084 , 0 , 0.084
0 , 0.069 , 0 , 0.069
0 , 0.069 , 0 , 0.069
0 , 0.084 , 0 , 0.084
0 , 0.084 , 0 , 0.084
0 , 0.084 , 0 , 0.084
0 , 0.078 , 0 , 0.078
0 , 0.095 , 0 , 0.095
0 , 0.084 , 0 , 0.084
0 , 0.069 , 0 , 0.069
0 , 0.084 , 0 , 0.084
0 , 0.085 , 0 , 0.085
0 , 0.085 , 0 , 0.085
0 , 0.067 , 0 , 0.067
0 , 0.084 , 0 , 0.084
0 , 0.079 , 0 , 0.079
0 , 0.081 , 0 , 0.081
0 , 0.085 , 0 , 0.085
0.016 , 0.069 , 0 , 0.085
0 , 0.068 , 0 , 0.068
0 , 0.084 , 0 , 0.084
0 , 0.085 , 0 , 0.085
0 , 0.084 , 0 , 0.084
0 , 0.066 , 0 , 0.066
0 , 0.078 , 0 , 0.078
0 , 0.085 , 0 , 0.085
0 , 0.069 , 0 , 0.069
0 , 0.084 , 0 , 0.084
0 , 0.085 , 0 , 0.085
0 , 0.085 , 0 , 0.085
0 , 0.069 , 0 , 0.069
0 , 0.084 , 0 , 0.084
0 , 0.062 , 0 , 0.062
0 , 0.078 , 0 , 0.078
0 , 0.062 , 0 , 0.062
0 , 0.084 , 0 , 0.084
0 , 0.085 , 0 , 0.085
0 , 0.069 , 0 , 0.069
0 , 0.084 , 0 , 0.084
0 , 0.069 , 0 , 0.069
0 , 0.084 , 0 , 0.084
0 , 0.084 , 0 , 0.084
0 , 0.066 , 0 , 0.066
0 , 0.079 , 0 , 0.079
0 , 0.08 , 0 , 0.08
0 , 0.084 , 0 , 0.084
0 , 0.069 , 0 , 0.069
0 , 0.069 , 0 , 0.069
0 , 0.084 , 0 , 0.084
0 , 0.068 , 0 , 0.068
0 , 0.084 , 0 , 0.084
0.016 , 0.068 , 0 , 0.084
0 , 0.068 , 0 , 0.068
0 , 0.079 , 0 , 0.079
0 , 0.079 , 0 , 0.079
0 , 0.085 , 0 , 0.085
0 , 0.069 , 0 , 0.069
0 , 0.069 , 0 , 0.069
0 , 0.069 , 0 , 0.069
0 , 0.085 , 0 , 0.085
0 , 0.069 , 0 , 0.069
0 , 0.085 , 0 , 0.085
0 , 0.068 , 0 , 0.068
0 , 0.085 , 0 , 0.085
0 , 0.063 , 0 , 0.063
0 , 0.078 , 0 , 0.078
0.001 , 0.082 , 0 , 0.083
0 , 0.069 , 0 , 0.069
0 , 0.084 , 0 , 0.084
0 , 0.085 , 0 , 0.085
0 , 0.069 , 0 , 0.069
0 , 0.084 , 0 , 0.084
0 , 0.069 , 0 , 0.069
0 , 0.084 , 0 , 0.084
0 , 0.065 , 0 , 0.065
0 , 0.078 , 0 , 0.078
0 , 0.079 , 0 , 0.079
0 , 0.083 , 0 , 0.083
0 , 0.084 , 0 , 0.084
0 , 0.069 , 0 , 0.069
0 , 0.085 , 0 , 0.085
0 , 0.085 , 0 , 0.085
0 , 0.069 , 0 , 0.069
0 , 0.084 , 0 , 0.084
0 , 0.07 , 0 , 0.07
0 , 0.084 , 0 , 0.084
0 , 0.067 , 0 , 0.067
0 , 0.078 , 0 , 0.078
0 , 0.079 , 0 , 0.079
0 , 0.08 , 0 , 0.08
0 , 0.084 , 0 , 0.084
0 , 0.069 , 0 , 0.069
0 , 0.084 , 0 , 0.084
0 , 0.069 , 0 , 0.069
0 , 0.085 , 0 , 0.085
0 , 0.069 , 0 , 0.069
0 , 0.084 , 0 , 0.084
0 , 0.069 , 0 , 0.069
0 , 0.085 , 0 , 0.085
0 , 0.065 , 0 , 0.065
0 , 0.078 , 0 , 0.078
0 , 0.078 , 0 , 0.078
0 , 0.084 , 0 , 0.084
0 , 0.085 , 0 , 0.085
0 , 0.069 , 0 , 0.069
0 , 0.069 , 0 , 0.069
0 , 0.068 , 0 , 0.068
0 , 0.084 , 0 , 0.084
0 , 0.068 , 0 , 0.068
0 , 0.085 , 0 , 0.085
0 , 0.069 , 0 , 0.069
0.016 , 0.069 , 0 , 0.085
0 , 0.068 , 0 , 0.068
0 , 0.063 , 0 , 0.063
0 , 0.078 , 0 , 0.078
0 , 0.078 , 0 , 0.078
0 , 0.078 , 0 , 0.078
0 , 0.1 , 0 , 0.1
0 , 0.069 , 0 , 0.069
0 , 0.085 , 0 , 0.085
0 , 0.084 , 0 , 0.084
0 , 0.068 , 0 , 0.068
0 , 0.084 , 0 , 0.084
0 , 0.116 , 0 , 0.116
0 , 0.069 , 0 , 0.069
0 , 0.07 , 0 , 0.07
0 , 0.084 , 0 , 0.084
0 , 0.069 , 0 , 0.069
0 , 0.069 , 0 , 0.069
0 , 0.069 , 0 , 0.069
0 , 0.063 , 0 , 0.063
0 , 0.078 , 0 , 0.078
0 , 0.078 , 0 , 0.078
0 , 0.079 , 0 , 0.079
0 , 0.084 , 0 , 0.084
0 , 0.069 , 0 , 0.069
0 , 0.1 , 0 , 0.1
0 , 0.069 , 0 , 0.069
0 , 0.084 , 0 , 0.084
0 , 0.069 , 0 , 0.069
0 , 0.084 , 0 , 0.084
0 , 0.062 , 0 , 0.062
0 , 0.078 , 0 , 0.078
0 , 0.078 , 0 , 0.078
0 , 0.084 , 0 , 0.084
0 , 0.085 , 0 , 0.085
0 , 0.069 , 0 , 0.069
0 , 0.084 , 0 , 0.084
0 , 0.068 , 0 , 0.068
0 , 0.085 , 0 , 0.085
0 , 0.069 , 0 , 0.069
0 , 0.069 , 0 , 0.069
0 , 0.085 , 0 , 0.085
0 , 0.064 , 0 , 0.064
0 , 0.078 , 0 , 0.078
0 , 0.079 , 0 , 0.079
0.001 , 0.081 , 0 , 0.082
0 , 0.116 , 0 , 0.116
0 , 0.069 , 0 , 0.069
0 , 0.069 , 0 , 0.069
0 , 0.084 , 0 , 0.084
0 , 0.067 , 0 , 0.067
0 , 0.062 , 0 , 0.062
0 , 0.079 , 0 , 0.079
0 , 0.078 , 0 , 0.078
0 , 0.079 , 0 , 0.079
0 , 0.085 , 0 , 0.085
0 , 0.069 , 0 , 0.069
0 , 0.069 , 0 , 0.069
0 , 0.1 , 0 , 0.1
0.015 , 0.069 , 0 , 0.084
0 , 0.085 , 0 , 0.085
0 , 0.069 , 0 , 0.069
0 , 0.069 , 0 , 0.069
0 , 0.069 , 0 , 0.069
0 , 0.069 , 0 , 0.069
0 , 0.066 , 0 , 0.066
0 , 0.063 , 0 , 0.063
0 , 0.078 , 0 , 0.078
0 , 0.078 , 0 , 0.078
0 , 0.063 , 0 , 0.063
0 , 0.081 , 0 , 0.081
0 , 0.085 , 0 , 0.085
0 , 0.068 , 0 , 0.068
0 , 0.069 , 0 , 0.069
0 , 0.068 , 0 , 0.068
0 , 0.069 , 0 , 0.069
0 , 0.069 , 0 , 0.069
0 , 0.068 , 0 , 0.068
0 , 0.085 , 0 , 0.085
0 , 0.069 , 0 , 0.069
0 , 0.069 , 0 , 0.069
0 , 0.084 , 0 , 0.084
0 , 0.069 , 0 , 0.069
0 , 0.069 , 0 , 0.069
0 , 0.084 , 0 , 0.084
0 , 0.068 , 0 , 0.068
0 , 0.063 , 0 , 0.063
0 , 0.078 , 0 , 0.078
0 , 0.078 , 0 , 0.078
0 , 0.062 , 0 , 0.062
0 , 0.063 , 0 , 0.063
0.016 , 0.062 , 0 , 0.078
0 , 0.081 , 0 , 0.081
0 , 0.085 , 0 , 0.085
0 , 0.069 , 0 , 0.069
0 , 0.068 , 0 , 0.068
0 , 0.069 , 0 , 0.069
0 , 0.084 , 0 , 0.084
0 , 0.068 , 0 , 0.068
0 , 0.068 , 0 , 0.068
0 , 0.069 , 0 , 0.069
0.016 , 0.069 , 0 , 0.085
0 , 0.085 , 0 , 0.085
0 , 0.069 , 0 , 0.069
0 , 0.069 , 0 , 0.069
0 , 0.069 , 0 , 0.069
0 , 0.069 , 0 , 0.069
0 , 0.069 , 0 , 0.069
0 , 0.069 , 0 , 0.069
0 , 0.069 , 0 , 0.069
0 , 0.069 , 0 , 0.069
0 , 0.068 , 0 , 0.068
0 , 0.084 , 0 , 0.084
0 , 0.068 , 0 , 0.068
0 , 0.064 , 0 , 0.064
0 , 0.062 , 0 , 0.062
0 , 0.062 , 0 , 0.062
0 , 0.062 , 0 , 0.062
0 , 0.078 , 0 , 0.078
0 , 0.079 , 0 , 0.079
0 , 0.079 , 0 , 0.079
0 , 0.079 , 0 , 0.079
0 , 0.063 , 0 , 0.063
0 , 0.062 , 0 , 0.062
0 , 0.115 , 0 , 0.115
0 , 0.069 , 0 , 0.069
0 , 0.069 , 0 , 0.069
0.016 , 0.068 , 0 , 0.084
0 , 0.069 , 0 , 0.069
0 , 0.069 , 0 , 0.069
0 , 0.069 , 0 , 0.069
0 , 0.084 , 0 , 0.084
0 , 0.067 , 0 , 0.067
0 , 0.063 , 0 , 0.063
0 , 0.063 , 0 , 0.063
0 , 0.063 , 0 , 0.063
0 , 0.078 , 0 , 0.078
0 , 0.131 , 0 , 0.131
0 , 0.099 , 0 , 0.099
0 , 0.062 , 0 , 0.062
0 , 0.062 , 0 , 0.062
0 , 0.1 , 0 , 0.1
0 , 0.069 , 0 , 0.069
0 , 0.069 , 0 , 0.069
0 , 0.132 , 0 , 0.132
0 , 0.1 , 0 , 0.1
0 , 0.069 , 0 , 0.069
0 , 0.069 , 0 , 0.069
0 , 0.085 , 0 , 0.085
0 , 0.069 , 0 , 0.069
0 , 0.069 , 0 , 0.069
0 , 0.085 , 0 , 0.085
0 , 0.069 , 0 , 0.069
0 , 0.069 , 0 , 0.069
0 , 0.084 , 0 , 0.084
0 , 0.066 , 0 , 0.066
0 , 0.063 , 0 , 0.063
0 , 0.078 , 0 , 0.078
0 , 0.072 , 0 , 0.072
0.001 , 0.079 , 0 , 0.08
0.001 , 0.082 , 0 , 0.083
0 , 0.069 , 0 , 0.069
0 , 0.069 , 0 , 0.069
0 , 0.069 , 0 , 0.069
0 , 0.069 , 0 , 0.069
0 , 0.069 , 0 , 0.069
0 , 0.069 , 0 , 0.069
0 , 0.085 , 0 , 0.085
0 , 0.069 , 0 , 0.069
0 , 0.069 , 0 , 0.069
0 , 0.069 , 0 , 0.069
0 , 0.068 , 0 , 0.068
0 , 0.069 , 0 , 0.069
0 , 0.069 , 0 , 0.069
0 , 0.069 , 0 , 0.069
0 , 0.068 , 0 , 0.068
0 , 0.084 , 0 , 0.084
0 , 0.069 , 0 , 0.069
0 , 0.093 , 0 , 0.093
0 , 0.084 , 0 , 0.084
0 , 0.1 , 0 , 0.1
0 , 0.069 , 0 , 0.069
0 , 0.068 , 0 , 0.068
0.015 , 0.068 , 0 , 0.083
0 , 0.069 , 0 , 0.069
0 , 0.069 , 0 , 0.069
0 , 0.069 , 0 , 0.069
0 , 0.069 , 0 , 0.069
0 , 0.069 , 0 , 0.069
0 , 0.069 , 0 , 0.069
0 , 0.069 , 0 , 0.069
0 , 0.069 , 0 , 0.069
0 , 0.066 , 0 , 0.066
0 , 0.062 , 0 , 0.062
0 , 0.063 , 0 , 0.063
0 , 0.078 , 0 , 0.078
0 , 0.062 , 0 , 0.062
0.001 , 0.08 , 0 , 0.081
0 , 0.085 , 0 , 0.085
0 , 0.068 , 0 , 0.068
0 , 0.085 , 0 , 0.085
0 , 0.084 , 0 , 0.084
0 , 0.084 , 0 , 0.084
0 , 0.085 , 0 , 0.085
0 , 0.101 , 0 , 0.101
0 , 0.1 , 0 , 0.1
0.016 , 0.081 , 0 , 0.097
0 , 0.1 , 0 , 0.1
0 , 0.1 , 0 , 0.1
0 , 0.1 , 0 , 0.1
0 , 0.1 , 0 , 0.1
0 , 0.1 , 0 , 0.1
0 , 0.101 , 0 , 0.101
0 , 0.085 , 0 , 0.085
0 , 0.1 , 0 , 0.1
0 , 0.1 , 0 , 0.1
0 , 0.096 , 0 , 0.096
0 , 0.1 , 0 , 0.1
0 , 0.1 , 0 , 0.1
0 , 0.1 , 0 , 0.1
0 , 0.084 , 0 , 0.084
0 , 0.084 , 0 , 0.084
0 , 0.101 , 0 , 0.101
0 , 0.078 , 0 , 0.078
0 , 0.1 , 0 , 0.1
0 , 0.084 , 0 , 0.084
0 , 0.099 , 0 , 0.099
0 , 0.079 , 0 , 0.079
0 , 0.115 , 0 , 0.115
0 , 0.084 , 0 , 0.084
0 , 0.1 , 0 , 0.1
0 , 0.084 , 0 , 0.084
0 , 0.1 , 0 , 0.1
0 , 0.1 , 0 , 0.1
0 , 0.085 , 0 , 0.085
0 , 0.085 , 0 , 0.085
0 , 0.1 , 0 , 0.1
0 , 0.084 , 0 , 0.084
0 , 0.096 , 0 , 0.096
0 , 0.1 , 0 , 0.1
0 , 0.1 , 0 , 0.1
0 , 0.1 , 0 , 0.1
0 , 0.1 , 0 , 0.1
0 , 0.1 , 0 , 0.1
0.015 , 0.085 , 0 , 0.1
0 , 0.084 , 0 , 0.084
0 , 0.084 , 0 , 0.084
0 , 0.1 , 0 , 0.1
0 , 0.084 , 0 , 0.084
0 , 0.084 , 0 , 0.084
0 , 0.1 , 0 , 0.1
0.016 , 0.084 , 0 , 0.1
0 , 0.086 , 0 , 0.086
0.001 , 0.097 , 0 , 0.098
0 , 0.101 , 0 , 0.101
0 , 0.084 , 0 , 0.084
0 , 0.1 , 0 , 0.1
0 , 0.096 , 0 , 0.096
0 , 0.1 , 0 , 0.1
0 , 0.084 , 0 , 0.084
0 , 0.084 , 0 , 0.084
0 , 0.099 , 0 , 0.099
0 , 0.1 , 0 , 0.1
0 , 0.085 , 0 , 0.085
0 , 0.084 , 0 , 0.084
0 , 0.1 , 0 , 0.1
0 , 0.081 , 0 , 0.081
0 , 0.084 , 0 , 0.084
0 , 0.1 , 0 , 0.1
0 , 0.084 , 0 , 0.084
0 , 0.085 , 0 , 0.085
0 , 0.078 , 0 , 0.078
0 , 0.084 , 0 , 0.084
0 , 0.084 , 0 , 0.084
0 , 0.099 , 0 , 0.099
0 , 0.085 , 0 , 0.085
0 , 0.094 , 0 , 0.094
0 , 0.085 , 0 , 0.085
0 , 0.101 , 0 , 0.101
0 , 0.084 , 0 , 0.084
0 , 0.084 , 0 , 0.084
0 , 0.078 , 0 , 0.078
0 , 0.084 , 0 , 0.084
0 , 0.084 , 0 , 0.084
0 , 0.1 , 0 , 0.1
0 , 0.085 , 0 , 0.085
0 , 0.08 , 0 , 0.08
0 , 0.1 , 0 , 0.1
0 , 0.084 , 0 , 0.084
0 , 0.084 , 0 , 0.084
0 , 0.084 , 0 , 0.084
0 , 0.084 , 0 , 0.084
0 , 0.079 , 0 , 0.079
0 , 0.084 , 0 , 0.084
0 , 0.085 , 0 , 0.085
0 , 0.084 , 0 , 0.084
0 , 0.085 , 0 , 0.085
0 , 0.078 , 0 , 0.078
0 , 0.085 , 0 , 0.085
0 , 0.084 , 0 , 0.084
0 , 0.084 , 0 , 0.084
0 , 0.084 , 0 , 0.084
0 , 0.086 , 0 , 0.086
0 , 0.078 , 0 , 0.078
0 , 0.085 , 0 , 0.085
0 , 0.085 , 0 , 0.085
0 , 0.085 , 0 , 0.085
0 , 0.084 , 0 , 0.084
0 , 0.085 , 0 , 0.085
0 , 0.079 , 0 , 0.079
0 , 0.084 , 0 , 0.084
0 , 0.085 , 0 , 0.085
0 , 0.085 , 0 , 0.085
0.016 , 0.068 , 0 , 0.084
0 , 0.085 , 0 , 0.085
0 , 0.082 , 0 , 0.082
0 , 0.097 , 0 , 0.097
0.015 , 0.085 , 0 , 0.1
0 , 0.069 , 0 , 0.069
0 , 0.084 , 0 , 0.084
0 , 0.084 , 0 , 0.084
0 , 0.085 , 0 , 0.085
0 , 0.078 , 0 , 0.078
0 , 0.084 , 0 , 0.084
0 , 0.085 , 0 , 0.085
0 , 0.085 , 0 , 0.085
0 , 0.084 , 0 , 0.084
0 , 0.084 , 0 , 0.084
0.001 , 0.096 , 0 , 0.097
0 , 0.1 , 0 , 0.1
0 , 0.084 , 0 , 0.084
0 , 0.085 , 0 , 0.085
0 , 0.1 , 0 , 0.1
0 , 0.1 , 0 , 0.1
0 , 0.084 , 0 , 0.084
0 , 0.1 , 0 , 0.1
0 , 0.085 , 0 , 0.085
0 , 0.078 , 0 , 0.078
0 , 0.084 , 0 , 0.084
0 , 0.116 , 0 , 0.116
0 , 0.084 , 0 , 0.084
0 , 0.096 , 0 , 0.096
0 , 0.1 , 0 , 0.1
0 , 0.1 , 0 , 0.1
0 , 0.101 , 0 , 0.101
0 , 0.085 , 0 , 0.085
0.016 , 0.084 , 0 , 0.1
0 , 0.084 , 0 , 0.084
0 , 0.078 , 0 , 0.078
0 , 0.085 , 0 , 0.085
0 , 0.085 , 0 , 0.085
0 , 0.084 , 0 , 0.084
0 , 0.1 , 0 , 0.1
0 , 0.079 , 0 , 0.079
0 , 0.085 , 0 , 0.085
0 , 0.084 , 0 , 0.084
0 , 0.085 , 0 , 0.085
0 , 0.1 , 0 , 0.1
0 , 0.081 , 0 , 0.081
0.001 , 0.099 , 0 , 0.1
0 , 0.1 , 0 , 0.1
0 , 0.085 , 0 , 0.085
0 , 0.084 , 0 , 0.084
0 , 0.084 , 0 , 0.084
0 , 0.078 , 0 , 0.078
0 , 0.084 , 0 , 0.084
0 , 0.085 , 0 , 0.085
0 , 0.085 , 0 , 0.085
0 , 0.084 , 0 , 0.084
0 , 0.101 , 0 , 0.101
0.015 , 0.068 , 0 , 0.083
0 , 0.078 , 0 , 0.078
0 , 0.085 , 0 , 0.085
0 , 0.084 , 0 , 0.084
0 , 0.085 , 0 , 0.085
0 , 0.085 , 0 , 0.085
0 , 0.084 , 0 , 0.084
0 , 0.079 , 0 , 0.079
0 , 0.097 , 0 , 0.097
0 , 0.084 , 0 , 0.084
0 , 0.084 , 0 , 0.084
0 , 0.084 , 0 , 0.084
0 , 0.085 , 0 , 0.085
0 , 0.085 , 0 , 0.085
0 , 0.078 , 0 , 0.078
0 , 0.084 , 0 , 0.084
0 , 0.084 , 0 , 0.084
0.016 , 0.069 , 0 , 0.085
0 , 0.084 , 0 , 0.084
0 , 0.069 , 0 , 0.069
0 , 0.084 , 0 , 0.084
0 , 0.078 , 0 , 0.078
0 , 0.084 , 0 , 0.084
0 , 0.069 , 0 , 0.069
0 , 0.085 , 0 , 0.085
0 , 0.084 , 0 , 0.084
0 , 0.085 , 0 , 0.085
0 , 0.085 , 0 , 0.085
0 , 0.08 , 0 , 0.08
0 , 0.078 , 0 , 0.078
0 , 0.085 , 0 , 0.085
0 , 0.069 , 0 , 0.069
0 , 0.1 , 0 , 0.1
0 , 0.083 , 0 , 0.083
0 , 0.084 , 0 , 0.084
0 , 0.085 , 0 , 0.085
0 , 0.082 , 0 , 0.082
0 , 0.084 , 0 , 0.084
0 , 0.085 , 0 , 0.085
0 , 0.069 , 0 , 0.069
0 , 0.084 , 0 , 0.084
0 , 0.084 , 0 , 0.084
0 , 0.084 , 0 , 0.084
0 , 0.068 , 0 , 0.068
0 , 0.079 , 0 , 0.079
0 , 0.078 , 0 , 0.078
0 , 0.084 , 0 , 0.084
0 , 0.068 , 0 , 0.068
0 , 0.084 , 0 , 0.084
0 , 0.069 , 0 , 0.069
0 , 0.085 , 0 , 0.085
0 , 0.085 , 0 , 0.085
0 , 0.069 , 0 , 0.069
0 , 0.085 , 0 , 0.085
0 , 0.065 , 0 , 0.065
0 , 0.078 , 0 , 0.078
0 , 0.063 , 0 , 0.063
0 , 0.085 , 0 , 0.085
0 , 0.069 , 0 , 0.069
0 , 0.084 , 0 , 0.084
0 , 0.069 , 0 , 0.069
0 , 0.084 , 0 , 0.084
0 , 0.064 , 0 , 0.064
0 , 0.085 , 0 , 0.085
0 , 0.085 , 0 , 0.085
0 , 0.069 , 0 , 0.069
0 , 0.079 , 0 , 0.079
0 , 0.078 , 0 , 0.078
0.001 , 0.078 , 0 , 0.079
0 , 0.084 , 0 , 0.084
0 , 0.069 , 0 , 0.069
0 , 0.084 , 0 , 0.084
0 , 0.069 , 0 , 0.069
0 , 0.084 , 0 , 0.084
0 , 0.068 , 0 , 0.068
0.016 , 0.069 , 0 , 0.085
0 , 0.085 , 0 , 0.085
0 , 0.085 , 0 , 0.085
0 , 0.068 , 0 , 0.068
0 , 0.078 , 0 , 0.078
0 , 0.078 , 0 , 0.078
0 , 0.063 , 0 , 0.063
0 , 0.082 , 0 , 0.082
0 , 0.084 , 0 , 0.084
0 , 0.068 , 0 , 0.068
0 , 0.084 , 0 , 0.084
0 , 0.069 , 0 , 0.069
0 , 0.085 , 0 , 0.085
0 , 0.069 , 0 , 0.069
0 , 0.069 , 0 , 0.069
0 , 0.116 , 0 , 0.116
0 , 0.083 , 0 , 0.083
0 , 0.069 , 0 , 0.069
0 , 0.084 , 0 , 0.084
0 , 0.085 , 0 , 0.085
0 , 0.069 , 0 , 0.069
0 , 0.084 , 0 , 0.084
0 , 0.069 , 0 , 0.069
0 , 0.069 , 0 , 0.069
0 , 0.069 , 0 , 0.069
0 , 0.085 , 0 , 0.085
0 , 0.069 , 0 , 0.069
0 , 0.069 , 0 , 0.069
0 , 0.085 , 0 , 0.085
0 , 0.068 , 0 , 0.068
0 , 0.063 , 0 , 0.063
0.016 , 0.062 , 0 , 0.078
0 , 0.066 , 0 , 0.066
0 , 0.08 , 0 , 0.08
0 , 0.063 , 0 , 0.063
0.001 , 0.079 , 0 , 0.08
0.001 , 0.081 , 0 , 0.082
0 , 0.084 , 0 , 0.084
0 , 0.068 , 0 , 0.068
0 , 0.068 , 0 , 0.068
0 , 0.084 , 0 , 0.084
0 , 0.068 , 0 , 0.068
0 , 0.084 , 0 , 0.084
0 , 0.069 , 0 , 0.069
0 , 0.085 , 0 , 0.085
0 , 0.069 , 0 , 0.069
0 , 0.069 , 0 , 0.069
0.016 , 0.069 , 0 , 0.085
0 , 0.069 , 0 , 0.069
0 , 0.066 , 0 , 0.066
0 , 0.064 , 0 , 0.064
0 , 0.063 , 0 , 0.063
0 , 0.078 , 0 , 0.078
0 , 0.079 , 0 , 0.079
0 , 0.079 , 0 , 0.079
0 , 0.079 , 0 , 0.079
0 , 0.116 , 0 , 0.116
0 , 0.068 , 0 , 0.068
0 , 0.068 , 0 , 0.068
0 , 0.068 , 0 , 0.068
0 , 0.085 , 0 , 0.085
0 , 0.071 , 0 , 0.071
0 , 0.066 , 0 , 0.066
0 , 0.064 , 0 , 0.064
0 , 0.062 , 0 , 0.062
0 , 0.062 , 0 , 0.062
0 , 0.063 , 0 , 0.063
0 , 0.063 , 0 , 0.063
0 , 0.062 , 0 , 0.062
0 , 0.063 , 0 , 0.063
0 , 0.062 , 0 , 0.062
0 , 0.078 , 0 , 0.078
0 , 0.079 , 0 , 0.079
0 , 0.078 , 0 , 0.078
0 , 0.079 , 0 , 0.079
0 , 0.079 , 0 , 0.079
0 , 0.078 , 0 , 0.078
0 , 0.062 , 0 , 0.062
0 , 0.063 , 0 , 0.063
0 , 0.063 , 0 , 0.063
0 , 0.062 , 0 , 0.062
0 , 0.08 , 0 , 0.08
0.001 , 0.081 , 0 , 0.082
0 , 0.085 , 0 , 0.085
0 , 0.069 , 0 , 0.069
0.016 , 0.068 , 0 , 0.084
0 , 0.069 , 0 , 0.069
0 , 0.069 , 0 , 0.069
0 , 0.069 , 0 , 0.069
0 , 0.069 , 0 , 0.069
0 , 0.068 , 0 , 0.068
0 , 0.069 , 0 , 0.069
0 , 0.069 , 0 , 0.069
0 , 0.069 , 0 , 0.069
0 , 0.069 , 0 , 0.069
0 , 0.069 , 0 , 0.069
0 , 0.068 , 0 , 0.068
0 , 0.068 , 0 , 0.068
0 , 0.069 , 0 , 0.069
0 , 0.069 , 0 , 0.069
0 , 0.069 , 0 , 0.069
0 , 0.084 , 0 , 0.084
0 , 0.084 , 0 , 0.084
0 , 0.068 , 0 , 0.068
0 , 0.069 , 0 , 0.069
0 , 0.069 , 0 , 0.069
0 , 0.069 , 0 , 0.069
0 , 0.069 , 0 , 0.069
0 , 0.069 , 0 , 0.069
0 , 0.069 , 0 , 0.069
0 , 0.069 , 0 , 0.069
0 , 0.068 , 0 , 0.068
0 , 0.069 , 0 , 0.069
0 , 0.068 , 0 , 0.068
0 , 0.068 , 0 , 0.068
0 , 0.069 , 0 , 0.069
0 , 0.069 , 0 , 0.069
0 , 0.069 , 0 , 0.069
0 , 0.069 , 0 , 0.069
0 , 0.069 , 0 , 0.069
0 , 0.069 , 0 , 0.069
0 , 0.069 , 0 , 0.069
0 , 0.068 , 0 , 0.068
0 , 0.122 , 0 , 0.122
0 , 0.069 , 0 , 0.069
0 , 0.069 , 0 , 0.069
0 , 0.069 , 0 , 0.069
0 , 0.069 , 0 , 0.069
0 , 0.069 , 0 , 0.069
0 , 0.07 , 0 , 0.07
0 , 0.068 , 0 , 0.068
0 , 0.069 , 0 , 0.069
0 , 0.069 , 0 , 0.069
0 , 0.068 , 0 , 0.068
0 , 0.069 , 0 , 0.069
0 , 0.068 , 0 , 0.068
0 , 0.069 , 0 , 0.069
0.016 , 0.053 , 0 , 0.069
0 , 0.068 , 0 , 0.068
0 , 0.068 , 0 , 0.068
0 , 0.084 , 0 , 0.084
0 , 0.1 , 0 , 0.1
0 , 0.063 , 0 , 0.063
0 , 0.062 , 0 , 0.062
0 , 0.063 , 0 , 0.063
0 , 0.063 , 0 , 0.063
0 , 0.063 , 0 , 0.063
0 , 0.063 , 0 , 0.063
0 , 0.062 , 0 , 0.062
0 , 0.063 , 0 , 0.063
0 , 0.116 , 0 , 0.116
0 , 0.069 , 0 , 0.069
0 , 0.069 , 0 , 0.069
0 , 0.069 , 0 , 0.069
0 , 0.069 , 0 , 0.069
0 , 0.069 , 0 , 0.069
0 , 0.069 , 0 , 0.069
0 , 0.069 , 0 , 0.069
0 , 0.054 , 0 , 0.054
0 , 0.069 , 0 , 0.069
0 , 0.069 , 0 , 0.069
0 , 0.069 , 0 , 0.069
0 , 0.069 , 0 , 0.069
0 , 0.069 , 0 , 0.069
0 , 0.068 , 0 , 0.068
0 , 0.068 , 0 , 0.068
0 , 0.068 , 0 , 0.068
0 , 0.084 , 0 , 0.084
0 , 0.069 , 0 , 0.069
0 , 0.068 , 0 , 0.068
0 , 0.07 , 0 , 0.07
0 , 0.069 , 0 , 0.069
0 , 0.069 , 0 , 0.069
0 , 0.085 , 0 , 0.085
0 , 0.069 , 0 , 0.069
0 , 0.069 , 0 , 0.069
0 , 0.069 , 0 , 0.069
0 , 0.084 , 0 , 0.084
0 , 0.067 , 0 , 0.067
0 , 0.062 , 0 , 0.062
0 , 0.078 , 0 , 0.078
0 , 0.081 , 0 , 0.081
0 , 0.084 , 0 , 0.084
0 , 0.069 , 0 , 0.069
0 , 0.085 , 0 , 0.085
0 , 0.069 , 0 , 0.069
0 , 0.085 , 0 , 0.085
0 , 0.069 , 0 , 0.069
0 , 0.068 , 0 , 0.068
0 , 0.084 , 0 , 0.084
0 , 0.069 , 0 , 0.069
0 , 0.069 , 0 , 0.069
0 , 0.085 , 0 , 0.085
0 , 0.067 , 0 , 0.067
0 , 0.062 , 0 , 0.062
0 , 0.078 , 0 , 0.078
0 , 0.078 , 0 , 0.078
0 , 0.079 , 0 , 0.079
0 , 0.084 , 0 , 0.084
0 , 0.069 , 0 , 0.069
0 , 0.069 , 0 , 0.069
0 , 0.085 , 0 , 0.085
0 , 0.069 , 0 , 0.069
0 , 0.085 , 0 , 0.085
0 , 0.068 , 0 , 0.068
0.015 , 0.069 , 0 , 0.084
0 , 0.084 , 0 , 0.084
0 , 0.069 , 0 , 0.069
0 , 0.084 , 0 , 0.084
0 , 0.068 , 0 , 0.068
0 , 0.063 , 0 , 0.063
0 , 0.079 , 0 , 0.079
0 , 0.078 , 0 , 0.078
0 , 0.062 , 0 , 0.062
0.001 , 0.08 , 0 , 0.081
0 , 0.085 , 0 , 0.085
Total GPU = 167.748999999999