#Qurey Time, Memory allocation , I/O Time , Total
0 , 0.1 , 0 , 0.1
0 , 0.1 , 0 , 0.1
0 , 0.184 , 0 , 0.184
0 , 0.184 , 0 , 0.184
0 , 0 , 0 , 0
0 , 0.153 , 0 , 0.153
0 , 0 , 0 , 0
0 , 0.138 , 0 , 0.138
0 , 0.238 , 0 , 0.238
0 , 0.238 , 0 , 0.238
0.015 , 0.131 , 0 , 0.146
0 , 0 , 0 , 0
0 , 0.154 , 0 , 0.154
0 , 0.154 , 0 , 0.154
0 , 0 , 0 , 0
0 , 0.138 , 0 , 0.138
0 , 0 , 0 , 0
0 , 0.131 , 0 , 0.131
0 , 0.1 , 0 , 0.1
0 , 0 , 0 , 0
0 , 0.121 , 0 , 0.121
0 , 0.121 , 0 , 0.121
0 , 0 , 0 , 0
0 , 0.068 , 0 , 0.068
0 , 0 , 0 , 0
0 , 0.068 , 0 , 0.068
0 , 0 , 0 , 0
0 , 0.047 , 0 , 0.047
0 , 0 , 0 , 0
0 , 0.038 , 0 , 0.038
0 , 0 , 0 , 0
0 , 0.084 , 0 , 0.084
0 , 0 , 0 , 0
0.016 , 0.047 , 0 , 0.063
0 , 0.069 , 0 , 0.069
0 , 0 , 0 , 0
0 , 0.1 , 0 , 0.1
0 , 0.1 , 0 , 0.1
0 , 0 , 0 , 0
0 , 0.084 , 0 , 0.084
0 , 0.2 , 0 , 0.2
0 , 0.2 , 0 , 0.2
0 , 0.068 , 0 , 0.068
0 , 0 , 0 , 0
0 , 0 , 0 , 0
0 , 0.054 , 0 , 0.054
0 , 0 , 0 , 0
0 , 0.068 , 0 , 0.068
0 , 0 , 0 , 0
0 , 0.069 , 0 , 0.069
0 , 0 , 0 , 0
0 , 0.046 , 0 , 0.046
0 , 0.052 , 0 , 0.052
0 , 0.052 , 0 , 0.052
0 , 0 , 0 , 0
0 , 0.052 , 0 , 0.052
0 , 0 , 0 , 0
0 , 0.038 , 0 , 0.038
0 , 0 , 0 , 0
0 , 0.037 , 0 , 0.037
0 , 0.053 , 0 , 0.053
0 , 0.053 , 0 , 0.053
0 , 0 , 0 , 0
0 , 0.047 , 0 , 0.047
0 , 0.047 , 0 , 0.047
0 , 0.047 , 0 , 0.047
0 , 0 , 0 , 0
0 , 0.053 , 0 , 0.053
0 , 0 , 0 , 0
0 , 0.053 , 0 , 0.053
0 , 0 , 0 , 0
0 , 0.053 , 0 , 0.053
0 , 0 , 0 , 0
0 , 0.047 , 0 , 0.047
0 , 0.052 , 0 , 0.052
0 , 0 , 0 , 0
0.001 , 0.052 , 0 , 0.053
0.001 , 0.052 , 0 , 0.053
0 , 0 , 0 , 0
0 , 0.054 , 0 , 0.054
0 , 0 , 0 , 0
0 , 0.062 , 0 , 0.062
0 , 0 , 0 , 0
0 , 0.053 , 0 , 0.053
0 , 0 , 0 , 0
0.015 , 0.038 , 0 , 0.053
0 , 0.047 , 0 , 0.047
0 , 0.047 , 0 , 0.047
0 , 0 , 0 , 0
0 , 0.047 , 0 , 0.047
0 , 0 , 0 , 0
0 , 0.052 , 0 , 0.052
0 , 0.053 , 0 , 0.053
0 , 0.053 , 0 , 0.053
0 , 0 , 0 , 0
0 , 0.047 , 0 , 0.047
0 , 0 , 0 , 0
0 , 0.047 , 0 , 0.047
0 , 0.052 , 0 , 0.052
0.001 , 0.052 , 0 , 0.053
0 , 0.053 , 0 , 0.053
0 , 0.053 , 0 , 0.053
0 , 0 , 0 , 0
0 , 0.048 , 0 , 0.048
0 , 0.052 , 0 , 0.052
0 , 0.052 , 0 , 0.052
0 , 0 , 0 , 0
0 , 0.068 , 0 , 0.068
0 , 0 , 0 , 0
0 , 0.053 , 0 , 0.053
0 , 0 , 0 , 0
0 , 0.047 , 0 , 0.047
0 , 0.047 , 0 , 0.047
0 , 0.047 , 0 , 0.047
0 , 0.053 , 0 , 0.053
0 , 0 , 0 , 0
0 , 0 , 0 , 0
0 , 0.038 , 0 , 0.038
0 , 0.038 , 0 , 0.038
0 , 0 , 0 , 0
0 , 0.085 , 0 , 0.085
0 , 0.085 , 0 , 0.085
0 , 0 , 0 , 0
0 , 0.054 , 0 , 0.054
0.015 , 0.037 , 0 , 0.052
0 , 0 , 0 , 0
0 , 0 , 0 , 0
0 , 0.047 , 0 , 0.047
0 , 0.047 , 0 , 0.047
0 , 0.047 , 0 , 0.047
0 , 0 , 0 , 0
0 , 0.053 , 0 , 0.053
0 , 0 , 0 , 0
0 , 0.053 , 0 , 0.053
0 , 0 , 0 , 0
0 , 0.138 , 0 , 0.138
0 , 0 , 0 , 0
0 , 0.053 , 0 , 0.053
0 , 0.047 , 0 , 0.047
0 , 0.047 , 0 , 0.047
0 , 0 , 0 , 0
0.001 , 0.064 , 0 , 0.065
0 , 0 , 0 , 0
0 , 0.052 , 0 , 0.052
0 , 0 , 0 , 0
0 , 0.047 , 0 , 0.047
0 , 0.054 , 0 , 0.054
0 , 0.054 , 0 , 0.054
0 , 0.053 , 0 , 0.053
0 , 0 , 0 , 0
0 , 0.047 , 0 , 0.047
0 , 0.047 , 0 , 0.047
0 , 0 , 0 , 0
0 , 0.053 , 0 , 0.053
0 , 0.036 , 0 , 0.036
0 , 0.036 , 0 , 0.036
0 , 0 , 0 , 0
0 , 0.053 , 0 , 0.053
0 , 0 , 0 , 0
0.015 , 0.038 , 0 , 0.053
0 , 0 , 0 , 0
0 , 0.047 , 0 , 0.047
0 , 0.037 , 0 , 0.037
0 , 0.037 , 0 , 0.037
0 , 0.041 , 0 , 0.041
0 , 0.041 , 0 , 0.041
0 , 0 , 0 , 0
0 , 0.053 , 0 , 0.053
0 , 0 , 0 , 0
0 , 0.063 , 0 , 0.063
0 , 0.046 , 0 , 0.046
0 , 0.046 , 0 , 0.046
0 , 0.051 , 0 , 0.051
0.001 , 0.051 , 0 , 0.052
0 , 0 , 0 , 0
0 , 0.054 , 0 , 0.054
0 , 0 , 0 , 0
0 , 0.037 , 0 , 0.037
0 , 0 , 0 , 0
0 , 0.053 , 0 , 0.053
0 , 0.054 , 0 , 0.054
0 , 0.054 , 0 , 0.054
0 , 0 , 0 , 0
0 , 0.047 , 0 , 0.047
0.001 , 0.052 , 0 , 0.053
0.001 , 0.052 , 0 , 0.053
0 , 0 , 0 , 0
0 , 0.053 , 0 , 0.053
0 , 0.047 , 0 , 0.047
0 , 0.047 , 0 , 0.047
0 , 0.053 , 0 , 0.053
0 , 0.053 , 0 , 0.053
0 , 0.047 , 0 , 0.047
0 , 0.047 , 0 , 0.047
0 , 0 , 0 , 0
0.001 , 0.064 , 0 , 0.065
0 , 0 , 0 , 0
0 , 0.069 , 0 , 0.069
0 , 0.047 , 0 , 0.047
0 , 0.047 , 0 , 0.047
0 , 0.053 , 0 , 0.053
0 , 0.053 , 0 , 0.053
0 , 0 , 0 , 0
0 , 0.084 , 0 , 0.084
0 , 0.099 , 0 , 0.099
0 , 0.099 , 0 , 0.099
0 , 0 , 0 , 0
0 , 0.07 , 0 , 0.07
0 , 0 , 0 , 0
0 , 0.053 , 0 , 0.053
0 , 0.052 , 0 , 0.052
0 , 0.052 , 0 , 0.052
0 , 0 , 0 , 0
0 , 0.1 , 0 , 0.1
0 , 0.053 , 0 , 0.053
0 , 0.053 , 0 , 0.053
0 , 0 , 0 , 0
0 , 0.084 , 0 , 0.084
0 , 0.052 , 0 , 0.052
0 , 0.052 , 0 , 0.052
0 , 0 , 0 , 0
0 , 0.047 , 0 , 0.047
0 , 0 , 0 , 0
0 , 0.053 , 0 , 0.053
0 , 0 , 0 , 0
0 , 0.069 , 0 , 0.069
0 , 0 , 0 , 0
0 , 0.053 , 0 , 0.053
0 , 0 , 0 , 0
0.016 , 0.047 , 0 , 0.063
0 , 0.053 , 0 , 0.053
0 , 0.053 , 0 , 0.053
0 , 0.085 , 0 , 0.085
0 , 0.085 , 0 , 0.085
0 , 0 , 0 , 0
0 , 0.085 , 0 , 0.085
0 , 0.048 , 0 , 0.048
0 , 0.048 , 0 , 0.048
0 , 0 , 0 , 0
0 , 0.105 , 0 , 0.105
0 , 0.085 , 0 , 0.085
0 , 0.085 , 0 , 0.085
0 , 0 , 0 , 0
0 , 0.116 , 0 , 0.116
0 , 0 , 0 , 0
0 , 0.047 , 0 , 0.047
0 , 0 , 0 , 0
0 , 0.052 , 0 , 0.052
0 , 0.101 , 0 , 0.101
0 , 0.101 , 0 , 0.101
0 , 0 , 0 , 0
0 , 0.054 , 0 , 0.054
0 , 0 , 0 , 0
0 , 0.084 , 0 , 0.084
0 , 0 , 0 , 0
0 , 0.069 , 0 , 0.069
0 , 0 , 0 , 0
0 , 0.053 , 0 , 0.053
0 , 0.085 , 0 , 0.085
0 , 0.085 , 0 , 0.085
0 , 0 , 0 , 0
0 , 0.1 , 0 , 0.1
0 , 0 , 0 , 0
0 , 0.131 , 0 , 0.131
0 , 0.17 , 0 , 0.17
0 , 0.17 , 0 , 0.17
0 , 0 , 0 , 0
0.016 , 0.17 , 0 , 0.186
0 , 0.169 , 0 , 0.169
0 , 0.169 , 0 , 0.169
0 , 0 , 0 , 0
0 , 0.116 , 0 , 0.116
0 , 0 , 0 , 0
0 , 0.169 , 0 , 0.169
0 , 0.204 , 0 , 0.204
0 , 0.204 , 0 , 0.204
0 , 0 , 0 , 0
0 , 0.17 , 0 , 0.17
0 , 0.168 , 0 , 0.168
0 , 0.168 , 0 , 0.168
0 , 0.048 , 0 , 0.048
0 , 0.048 , 0 , 0.048
0 , 0.047 , 0 , 0.047
0 , 0.047 , 0 , 0.047
0 , 0 , 0 , 0
0 , 0.1 , 0 , 0.1
0 , 0 , 0 , 0
0 , 0.047 , 0 , 0.047
0 , 0.047 , 0 , 0.047
0 , 0 , 0 , 0
0 , 0.137 , 0 , 0.137
0.015 , 0.137 , 0 , 0.152
0 , 0 , 0 , 0
0 , 0.166 , 0 , 0.166
0 , 0 , 0 , 0
0.001 , 0.05 , 0 , 0.051
0 , 0 , 0 , 0
0 , 0.107 , 0 , 0.107
0 , 0 , 0 , 0
0 , 0.084 , 0 , 0.084
0 , 0.1 , 0 , 0.1
0 , 0.1 , 0 , 0.1
0 , 0 , 0 , 0
0 , 0.07 , 0 , 0.07
0 , 0.068 , 0 , 0.068
0 , 0.068 , 0 , 0.068
0 , 0 , 0 , 0
0 , 0.1 , 0 , 0.1
0 , 0 , 0 , 0
0 , 0.116 , 0 , 0.116
0 , 0 , 0 , 0
0.001 , 0.066 , 0 , 0.067
0 , 0.102 , 0 , 0.102
0 , 0 , 0 , 0
0 , 0.169 , 0 , 0.169
0 , 0.169 , 0 , 0.169
0 , 0 , 0 , 0
0 , 0.106 , 0 , 0.106
0 , 0 , 0 , 0
0 , 0.084 , 0 , 0.084
0 , 0.1 , 0 , 0.1
0.015 , 0.1 , 0 , 0.115
0 , 0.1 , 0 , 0.1
0 , 0.1 , 0 , 0.1
0 , 0 , 0 , 0
0 , 0.085 , 0 , 0.085
0 , 0 , 0 , 0
0 , 0.053 , 0 , 0.053
0 , 0.047 , 0 , 0.047
0 , 0.047 , 0 , 0.047
0 , 0.084 , 0 , 0.084
0 , 0 , 0 , 0
0 , 0 , 0 , 0
0 , 0.069 , 0 , 0.069
0 , 0 , 0 , 0
0 , 0.063 , 0 , 0.063
0 , 0 , 0 , 0
0.016 , 0.047 , 0 , 0.063
0 , 0.084 , 0 , 0.084
0 , 0.084 , 0 , 0.084
0.001 , 0.079 , 0 , 0.08
0.001 , 0.08 , 0 , 0.081
0 , 0.138 , 0 , 0.138
0 , 0.137 , 0 , 0.137
0 , 0 , 0 , 0
0 , 0.132 , 0 , 0.132
0 , 0.106 , 0 , 0.106
0 , 0.106 , 0 , 0.106
0 , 0 , 0 , 0
0 , 0.106 , 0 , 0.106
0 , 0 , 0 , 0
0 , 0.101 , 0 , 0.101
0 , 0 , 0 , 0
0 , 0.067 , 0 , 0.067
0 , 0.1 , 0 , 0.1
0 , 0.1 , 0 , 0.1
0 , 0.084 , 0 , 0.084
0 , 0 , 0 , 0
0 , 0.247 , 0 , 0.247
0 , 0.247 , 0 , 0.247
0.016 , 0.131 , 0 , 0.147
0 , 0 , 0 , 0
0 , 0.147 , 0 , 0.147
0 , 0.147 , 0 , 0.147
0 , 0 , 0 , 0
0.001 , 0.149 , 0 , 0.15
0.015 , 0.131 , 0 , 0.146
0.016 , 0.131 , 0 , 0.147
0 , 0.116 , 0 , 0.116
0 , 0.116 , 0 , 0.116
0 , 0.169 , 0 , 0.169
0 , 0.169 , 0 , 0.169
0 , 0 , 0 , 0
0 , 0.085 , 0 , 0.085
0 , 0 , 0 , 0
0.016 , 0.084 , 0 , 0.1
0 , 0.1 , 0 , 0.1
0 , 0.1 , 0 , 0.1
0 , 0 , 0 , 0
0 , 0.084 , 0 , 0.084
0 , 0 , 0 , 0
0 , 0.116 , 0 , 0.116
0 , 0 , 0 , 0
0 , 0.084 , 0 , 0.084
0 , 0 , 0 , 0
0 , 0.1 , 0 , 0.1
0 , 0 , 0 , 0
0.001 , 0.104 , 0 , 0.105
0 , 0.084 , 0 , 0.084
0 , 0.084 , 0 , 0.084
0 , 0 , 0 , 0
0 , 0.1 , 0 , 0.1
0 , 0.086 , 0 , 0.086
0 , 0 , 0 , 0
0 , 0.084 , 0 , 0.084
0 , 0.084 , 0 , 0.084
0 , 0 , 0 , 0
0 , 0.084 , 0 , 0.084
0 , 0.102 , 0 , 0.102
0 , 0.102 , 0 , 0.102
0 , 0 , 0 , 0
0 , 0.116 , 0 , 0.116
0 , 0.168 , 0 , 0.168
0 , 0.168 , 0 , 0.168
0 , 0 , 0 , 0
0 , 0.137 , 0 , 0.137
0.001 , 0.135 , 0 , 0.136
0.001 , 0.135 , 0 , 0.136
0 , 0.085 , 0 , 0.085
0 , 0.085 , 0 , 0.085
0 , 0 , 0 , 0
0 , 0.085 , 0 , 0.085
0 , 0.162 , 0 , 0.162
0 , 0.162 , 0 , 0.162
0 , 0.115 , 0 , 0.115
0 , 0 , 0 , 0
0 , 0 , 0 , 0
0 , 0.085 , 0 , 0.085
0 , 0.153 , 0 , 0.153
0 , 0.153 , 0 , 0.153
0 , 0.138 , 0 , 0.138
0 , 0 , 0 , 0
0 , 0 , 0 , 0
0 , 0.185 , 0 , 0.185
0 , 0.132 , 0 , 0.132
0 , 0.132 , 0 , 0.132
0 , 0 , 0 , 0
0 , 0.138 , 0 , 0.138
0 , 0.152 , 0 , 0.152
0 , 0.152 , 0 , 0.152
0 , 0 , 0 , 0
0 , 0.131 , 0 , 0.131
0 , 0 , 0 , 0
0.001 , 0.165 , 0 , 0.166
0 , 0 , 0 , 0
0 , 0.138 , 0 , 0.138
0 , 0 , 0 , 0
0 , 0.137 , 0 , 0.137
0 , 0 , 0 , 0
0.016 , 0.1 , 0 , 0.116
0 , 0 , 0 , 0
0 , 0.115 , 0 , 0.115
0 , 0.153 , 0 , 0.153
0 , 0.153 , 0 , 0.153
0 , 0 , 0 , 0
0 , 0.052 , 0 , 0.052
0 , 0.122 , 0 , 0.122
0 , 0.122 , 0 , 0.122
0 , 0.138 , 0 , 0.138
0 , 0.138 , 0 , 0.138
0 , 0 , 0 , 0
0 , 0.122 , 0 , 0.122
0 , 0 , 0 , 0
0 , 0.1 , 0 , 0.1
0.015 , 0.132 , 0 , 0.147
0 , 0.132 , 0 , 0.132
0 , 0 , 0 , 0
0 , 0.084 , 0 , 0.084
0 , 0 , 0 , 0
0 , 0.122 , 0 , 0.122
0 , 0.122 , 0 , 0.122
0 , 0 , 0 , 0
0 , 0.069 , 0 , 0.069
0 , 0.069 , 0 , 0.069
0 , 0 , 0 , 0
0 , 0.106 , 0 , 0.106
0 , 0 , 0 , 0
0 , 0.116 , 0 , 0.116
0 , 0 , 0 , 0
0 , 0.147 , 0 , 0.147
0 , 0 , 0 , 0
0.001 , 0.168 , 0 , 0.169
0 , 0.084 , 0 , 0.084
0 , 0.084 , 0 , 0.084
0 , 0.069 , 0 , 0.069
0 , 0.069 , 0 , 0.069
0 , 0.069 , 0 , 0.069
0 , 0.069 , 0 , 0.069
0 , 0 , 0 , 0
0 , 0.13 , 0 , 0.13
0 , 0.105 , 0 , 0.105
0 , 0.105 , 0 , 0.105
0 , 0 , 0 , 0
0.001 , 0.136 , 0 , 0.137
0 , 0.137 , 0 , 0.137
0 , 0.137 , 0 , 0.137
0 , 0 , 0 , 0
0 , 0.146 , 0 , 0.146
0 , 0.148 , 0 , 0.148
0 , 0.148 , 0 , 0.148
0 , 0.084 , 0 , 0.084
0 , 0.084 , 0 , 0.084
0.016 , 0.152 , 0 , 0.168
0.016 , 0.152 , 0 , 0.168
0 , 0 , 0 , 0
0 , 0.116 , 0 , 0.116
0 , 0.132 , 0 , 0.132
0 , 0.132 , 0 , 0.132
0 , 0 , 0 , 0
0 , 0.084 , 0 , 0.084
0 , 0 , 0 , 0
0 , 0.185 , 0 , 0.185
0 , 0.163 , 0 , 0.163
0 , 0.163 , 0 , 0.163
0 , 0 , 0 , 0
0 , 0.132 , 0 , 0.132
0 , 0 , 0 , 0
0 , 0.147 , 0 , 0.147
0 , 0.168 , 0 , 0.168
0 , 0.168 , 0 , 0.168
0 , 0.138 , 0 , 0.138
0 , 0.138 , 0 , 0.138
0 , 0 , 0 , 0
0 , 0.116 , 0 , 0.116
0 , 0 , 0 , 0
0 , 0.137 , 0 , 0.137
0 , 0.169 , 0 , 0.169
0 , 0.169 , 0 , 0.169
0 , 0.116 , 0 , 0.116
0 , 0.116 , 0 , 0.116
0 , 0 , 0 , 0
0 , 0.153 , 0 , 0.153
0 , 0 , 0 , 0
0 , 0.116 , 0 , 0.116
0 , 0.116 , 0 , 0.116
0 , 0.116 , 0 , 0.116
0 , 0.084 , 0 , 0.084
0 , 0.084 , 0 , 0.084
0 , 0 , 0 , 0
0 , 0.1 , 0 , 0.1
0 , 0.101 , 0 , 0.101
0 , 0.101 , 0 , 0.101
0.001 , 0.115 , 0 , 0.116
0 , 0 , 0 , 0
0 , 0.147 , 0 , 0.147
0 , 0.147 , 0 , 0.147
0 , 0 , 0 , 0
0 , 0.116 , 0 , 0.116
0 , 0 , 0 , 0
0 , 0.106 , 0 , 0.106
0.016 , 0.047 , 0 , 0.063
0 , 0.047 , 0 , 0.047
0 , 0 , 0 , 0
0 , 0.053 , 0 , 0.053
0 , 0 , 0 , 0
0 , 0.053 , 0 , 0.053
0 , 0 , 0 , 0
0 , 0.084 , 0 , 0.084
0 , 0 , 0 , 0
0 , 0.1 , 0 , 0.1
0 , 0.1 , 0 , 0.1
0 , 0.1 , 0 , 0.1
0 , 0 , 0 , 0
0 , 0.116 , 0 , 0.116
0 , 0.121 , 0 , 0.121
0 , 0.121 , 0 , 0.121
0 , 0.116 , 0 , 0.116
0 , 0.116 , 0 , 0.116
0 , 0 , 0 , 0
0 , 0.116 , 0 , 0.116
0 , 0 , 0 , 0
0 , 0.122 , 0 , 0.122
0 , 0 , 0 , 0
0 , 0.1 , 0 , 0.1
0 , 0 , 0 , 0
0.001 , 0.117 , 0 , 0.118
0 , 0 , 0 , 0
0 , 0.1 , 0 , 0.1
0.016 , 0.1 , 0 , 0.116
0.016 , 0.1 , 0 , 0.116
0 , 0 , 0 , 0
0 , 0.084 , 0 , 0.084
0 , 0.101 , 0 , 0.101
0 , 0.101 , 0 , 0.101
0 , 0.046 , 0 , 0.046
0 , 0.046 , 0 , 0.046
0 , 0.1 , 0 , 0.1
0 , 0 , 0 , 0
0 , 0 , 0 , 0
0 , 0.116 , 0 , 0.116
0 , 0.05 , 0 , 0.05
0 , 0.05 , 0 , 0.05
0 , 0.101 , 0 , 0.101
0 , 0.101 , 0 , 0.101
0 , 0.116 , 0 , 0.116
0 , 0 , 0 , 0
0.015 , 0.115 , 0 , 0.13
0.015 , 0.115 , 0 , 0.13
0 , 0 , 0 , 0
0 , 0.101 , 0 , 0.101
0 , 0 , 0 , 0
0 , 0.047 , 0 , 0.047
0 , 0.132 , 0 , 0.132
0 , 0.132 , 0 , 0.132
0 , 0 , 0 , 0
0 , 0.1 , 0 , 0.1
0 , 0.099 , 0 , 0.099
0 , 0.099 , 0 , 0.099
0 , 0 , 0 , 0
0 , 0.1 , 0 , 0.1
0 , 0.166 , 0 , 0.166
0 , 0.166 , 0 , 0.166
0 , 0 , 0 , 0
0 , 0.1 , 0 , 0.1
0 , 0.116 , 0 , 0.116
0 , 0 , 0 , 0
0 , 0.099 , 0 , 0.099
0 , 0.099 , 0 , 0.099
0 , 0 , 0 , 0
0 , 0.106 , 0 , 0.106
0 , 0 , 0 , 0
0 , 0.037 , 0 , 0.037
0 , 0.116 , 0 , 0.116
0 , 0.116 , 0 , 0.116
0 , 0 , 0 , 0
0 , 0.106 , 0 , 0.106
0 , 0 , 0 , 0
0 , 0.1 , 0 , 0.1
0.015 , 0.116 , 0 , 0.131
0 , 0.131 , 0 , 0.131
0.001 , 0.12 , 0 , 0.121
0 , 0.121 , 0 , 0.121
0 , 0.085 , 0 , 0.085
0 , 0.085 , 0 , 0.085
0 , 0 , 0 , 0
0 , 0.1 , 0 , 0.1
0 , 0 , 0 , 0
0 , 0.053 , 0 , 0.053
0 , 0 , 0 , 0
0 , 0.053 , 0 , 0.053
0 , 0 , 0 , 0
0 , 0.101 , 0 , 0.101
0 , 0.115 , 0 , 0.115
0 , 0.115 , 0 , 0.115
0 , 0.116 , 0 , 0.116
0 , 0.116 , 0 , 0.116
0 , 0 , 0 , 0
0 , 0.146 , 0 , 0.146
0 , 0.053 , 0 , 0.053
0 , 0.053 , 0 , 0.053
0 , 0 , 0 , 0
0 , 0.084 , 0 , 0.084
0 , 0 , 0 , 0
0 , 0.085 , 0 , 0.085
0 , 0 , 0 , 0
0 , 0.1 , 0 , 0.1
0 , 0 , 0 , 0
0 , 0.047 , 0 , 0.047
0 , 0 , 0 , 0
0 , 0.053 , 0 , 0.053
0 , 0.053 , 0 , 0.053
0 , 0.053 , 0 , 0.053
0 , 0.085 , 0 , 0.085
0 , 0.085 , 0 , 0.085
0 , 0 , 0 , 0
0 , 0.053 , 0 , 0.053
0 , 0.053 , 0 , 0.053
0 , 0.052 , 0 , 0.052
0 , 0 , 0 , 0
0.138 , 0.046 , 0 , 0.184
0 , 0 , 0 , 0
0 , 0 , 0 , 0
0 , 0 , 0 , 0
0 , 0 , 0 , 0
0 , 0 , 0 , 0
0 , 0 , 0 , 0
0 , 0 , 0 , 0
0 , 0 , 0 , 0
0 , 0 , 0 , 0
0 , 0 , 0 , 0
0 , 0 , 0 , 0
0 , 0 , 0 , 0
0 , 0 , 0 , 0
0 , 0 , 0 , 0
0 , 0 , 0 , 0
0 , 0 , 0 , 0
0 , 0 , 0 , 0
0 , 0 , 0 , 0
0 , 0 , 0 , 0
0 , 0 , 0 , 0
0 , 0 , 0 , 0
0 , 0 , 0 , 0
0 , 0 , 0 , 0
0 , 0 , 0 , 0
0 , 0 , 0 , 0
0 , 0 , 0 , 0
0 , 0 , 0 , 0
0 , 0 , 0 , 0
0 , 0 , 0 , 0
0 , 0 , 0 , 0
0 , 0 , 0 , 0
0 , 0 , 0 , 0
0 , 0 , 0 , 0
0 , 0 , 0 , 0
0 , 0 , 0 , 0
0 , 0 , 0 , 0
0 , 0 , 0 , 0
0 , 0 , 0 , 0
0 , 0 , 0 , 0
0 , 0 , 0 , 0
0 , 0 , 0 , 0
0 , 0 , 0 , 0
0 , 0 , 0 , 0
0 , 0 , 0 , 0
0 , 0 , 0 , 0
0 , 0 , 0 , 0
0 , 0 , 0 , 0
0 , 0 , 0 , 0
0 , 0 , 0 , 0
0 , 0 , 0 , 0
0 , 0 , 0 , 0
0 , 0 , 0 , 0
0 , 0 , 0 , 0
0 , 0 , 0 , 0
0 , 0 , 0 , 0
0 , 0 , 0 , 0
0 , 0 , 0 , 0
0 , 0 , 0 , 0
0 , 0 , 0 , 0
0 , 0 , 0 , 0
0 , 0 , 0 , 0
0 , 0 , 0 , 0
0 , 0 , 0 , 0
0 , 0 , 0 , 0
0 , 0 , 0 , 0
0 , 0 , 0 , 0
0 , 0 , 0 , 0
0 , 0 , 0 , 0
0 , 0 , 0 , 0
0 , 0 , 0 , 0
0 , 0 , 0 , 0
0 , 0 , 0 , 0
0 , 0 , 0 , 0
0 , 0 , 0 , 0
0 , 0 , 0 , 0
0 , 0 , 0 , 0
0 , 0 , 0 , 0
0 , 0 , 0 , 0
0 , 0 , 0 , 0
0 , 0 , 0 , 0
0 , 0 , 0 , 0
0 , 0 , 0 , 0
0 , 0 , 0 , 0
0 , 0 , 0 , 0
0 , 0 , 0 , 0
0 , 0 , 0 , 0
0 , 0 , 0 , 0
0 , 0 , 0 , 0
0 , 0 , 0 , 0
0 , 0 , 0 , 0
0 , 0 , 0 , 0
0 , 0 , 0 , 0
0 , 0 , 0 , 0
0 , 0 , 0 , 0
0 , 0 , 0 , 0
0 , 0 , 0 , 0
0 , 0 , 0 , 0
0 , 0 , 0 , 0
0 , 0 , 0 , 0
0 , 0 , 0 , 0
0 , 0 , 0 , 0
0 , 0 , 0 , 0
0 , 0 , 0 , 0
0 , 0 , 0 , 0
0 , 0 , 0 , 0
0 , 0 , 0 , 0
0 , 0 , 0 , 0
0 , 0 , 0 , 0
0 , 0 , 0 , 0
0 , 0 , 0 , 0
0 , 0 , 0 , 0
0 , 0 , 0 , 0
0 , 0 , 0 , 0
0 , 0 , 0 , 0
0 , 0 , 0 , 0
0 , 0 , 0 , 0
0 , 0 , 0 , 0
0 , 0 , 0 , 0
0 , 0 , 0 , 0
0 , 0 , 0 , 0
0 , 0 , 0 , 0
0 , 0 , 0 , 0
0 , 0 , 0 , 0
0 , 0 , 0 , 0
0 , 0 , 0 , 0
0 , 0 , 0 , 0
0 , 0 , 0 , 0
0 , 0 , 0 , 0
0 , 0 , 0 , 0
0 , 0 , 0 , 0
0 , 0 , 0 , 0
0 , 0 , 0 , 0
0 , 0 , 0 , 0
0 , 0 , 0 , 0
0 , 0 , 0 , 0
0 , 0 , 0 , 0
0 , 0 , 0 , 0
0 , 0 , 0 , 0
0 , 0 , 0 , 0
0 , 0 , 0 , 0
0 , 0 , 0 , 0
0 , 0 , 0 , 0
0 , 0 , 0 , 0
0 , 0 , 0 , 0
0 , 0 , 0 , 0
0 , 0 , 0 , 0
0 , 0 , 0 , 0
0 , 0 , 0 , 0
0 , 0 , 0 , 0
0 , 0 , 0 , 0
0 , 0 , 0 , 0
0 , 0 , 0 , 0
0 , 0 , 0 , 0
0 , 0 , 0 , 0
0 , 0 , 0 , 0
0 , 0 , 0 , 0
0 , 0 , 0 , 0
0 , 0 , 0 , 0
0 , 0 , 0 , 0
0 , 0 , 0 , 0
0 , 0 , 0 , 0
0 , 0 , 0 , 0
0 , 0 , 0 , 0
0 , 0 , 0 , 0
0 , 0 , 0 , 0
0 , 0 , 0 , 0
0 , 0 , 0 , 0
0 , 0 , 0 , 0
0 , 0 , 0 , 0
0 , 0 , 0 , 0
0 , 0 , 0 , 0
0 , 0 , 0 , 0
0 , 0 , 0 , 0
0 , 0 , 0 , 0
0 , 0 , 0 , 0
0 , 0 , 0 , 0
0 , 0 , 0 , 0
0 , 0 , 0 , 0
0 , 0 , 0 , 0
0 , 0 , 0 , 0
0 , 0 , 0 , 0
0 , 0 , 0 , 0
0 , 0 , 0 , 0
0 , 0 , 0 , 0
0 , 0 , 0 , 0
0 , 0 , 0 , 0
0 , 0 , 0 , 0
0 , 0 , 0 , 0
0 , 0 , 0 , 0
0 , 0 , 0 , 0
0 , 0 , 0 , 0
0 , 0 , 0 , 0
0 , 0 , 0 , 0
0 , 0 , 0 , 0
0 , 0 , 0 , 0
0 , 0 , 0 , 0
0 , 0 , 0 , 0
0 , 0 , 0 , 0
0 , 0 , 0 , 0
0 , 0 , 0 , 0
0 , 0 , 0 , 0
0 , 0 , 0 , 0
0 , 0 , 0 , 0
0 , 0 , 0 , 0
0 , 0 , 0 , 0
0 , 0 , 0 , 0
0 , 0 , 0 , 0
0 , 0 , 0 , 0
0 , 0 , 0 , 0
0 , 0 , 0 , 0
0 , 0 , 0 , 0
0 , 0 , 0 , 0
0 , 0 , 0 , 0
0 , 0 , 0 , 0
0 , 0 , 0 , 0
0 , 0 , 0 , 0
0 , 0 , 0 , 0
0 , 0 , 0 , 0
0 , 0 , 0 , 0
0 , 0 , 0 , 0
0 , 0 , 0 , 0
0 , 0 , 0 , 0
0 , 0 , 0 , 0
0 , 0 , 0 , 0
0 , 0 , 0 , 0
0 , 0 , 0 , 0
0 , 0 , 0 , 0
0 , 0 , 0 , 0
0 , 0 , 0 , 0
0 , 0 , 0 , 0
0 , 0 , 0 , 0
0 , 0 , 0 , 0
0 , 0 , 0 , 0
0 , 0 , 0 , 0
0 , 0 , 0 , 0
0 , 0 , 0 , 0
0 , 0 , 0 , 0
0 , 0 , 0 , 0
0 , 0 , 0 , 0
0 , 0 , 0 , 0
0 , 0 , 0 , 0
0 , 0 , 0 , 0
0 , 0 , 0 , 0
0 , 0 , 0 , 0
0 , 0 , 0 , 0
0 , 0 , 0 , 0
0 , 0 , 0 , 0
0 , 0 , 0 , 0
0 , 0 , 0 , 0
0 , 0 , 0 , 0
0 , 0 , 0 , 0
0 , 0 , 0 , 0
0 , 0 , 0 , 0
0 , 0 , 0 , 0
0 , 0 , 0 , 0
0 , 0 , 0 , 0
0 , 0 , 0 , 0
0 , 0 , 0 , 0
0 , 0 , 0 , 0
0 , 0 , 0 , 0
0 , 0 , 0 , 0
0 , 0 , 0 , 0
0 , 0 , 0 , 0
0 , 0 , 0 , 0
0 , 0 , 0 , 0
0 , 0 , 0 , 0
0 , 0 , 0 , 0
0 , 0 , 0 , 0
0 , 0 , 0 , 0
0 , 0 , 0 , 0
0 , 0 , 0 , 0
0 , 0 , 0 , 0
0 , 0 , 0 , 0
0 , 0 , 0 , 0
0 , 0 , 0 , 0
0 , 0 , 0 , 0
0 , 0 , 0 , 0
0 , 0 , 0 , 0
0 , 0 , 0 , 0
0 , 0 , 0 , 0
0 , 0 , 0 , 0
0 , 0 , 0 , 0
0 , 0 , 0 , 0
0 , 0 , 0 , 0
0 , 0 , 0 , 0
0 , 0 , 0 , 0
0 , 0 , 0 , 0
0 , 0 , 0 , 0
0 , 0 , 0 , 0
0 , 0 , 0 , 0
0 , 0 , 0 , 0
0 , 0 , 0 , 0
0 , 0 , 0 , 0
0 , 0 , 0 , 0
0 , 0 , 0 , 0
0 , 0 , 0 , 0
0 , 0 , 0 , 0
0 , 0 , 0 , 0
0 , 0 , 0 , 0
0 , 0 , 0 , 0
0 , 0 , 0 , 0
0 , 0 , 0 , 0
0 , 0 , 0 , 0
0 , 0 , 0 , 0
0 , 0 , 0 , 0
0 , 0 , 0 , 0
0 , 0 , 0 , 0
0 , 0 , 0 , 0
0 , 0 , 0 , 0
0 , 0 , 0 , 0
0 , 0 , 0 , 0
0 , 0 , 0 , 0
0 , 0 , 0 , 0
0 , 0 , 0 , 0
0 , 0 , 0 , 0
0 , 0 , 0 , 0
0 , 0 , 0 , 0
0 , 0 , 0 , 0
0 , 0 , 0 , 0
0 , 0 , 0 , 0
0 , 0 , 0 , 0
0 , 0 , 0 , 0
0 , 0 , 0 , 0
0 , 0 , 0 , 0
0 , 0 , 0 , 0
0 , 0 , 0 , 0
0 , 0 , 0 , 0
0 , 0 , 0 , 0
0 , 0 , 0 , 0
0 , 0 , 0 , 0
0 , 0 , 0 , 0
0 , 0 , 0 , 0
0 , 0 , 0 , 0
0 , 0 , 0 , 0
0 , 0 , 0 , 0
0 , 0 , 0 , 0
0.001 , 0 , 0 , 0.001
0 , 0 , 0 , 0
0 , 0 , 0 , 0
0 , 0 , 0 , 0
0 , 0 , 0 , 0
0 , 0 , 0 , 0
0 , 0 , 0 , 0
0 , 0 , 0 , 0
0 , 0 , 0 , 0
0 , 0 , 0 , 0
0 , 0 , 0 , 0
0 , 0 , 0 , 0
0 , 0 , 0 , 0
0 , 0 , 0 , 0
0 , 0 , 0 , 0
0 , 0 , 0 , 0
0 , 0 , 0 , 0
0 , 0 , 0 , 0
0 , 0 , 0 , 0
0 , 0 , 0 , 0
0 , 0 , 0 , 0
0 , 0 , 0 , 0
0 , 0 , 0 , 0
0 , 0 , 0 , 0
0 , 0 , 0 , 0
0 , 0 , 0 , 0
0 , 0 , 0 , 0
0 , 0 , 0 , 0
0 , 0 , 0 , 0
0 , 0 , 0 , 0
0 , 0 , 0 , 0
0 , 0 , 0 , 0
0 , 0 , 0 , 0
0 , 0 , 0 , 0
0 , 0 , 0 , 0
0 , 0 , 0 , 0
0 , 0 , 0 , 0
0 , 0 , 0 , 0
0 , 0 , 0 , 0
0 , 0 , 0 , 0
0 , 0 , 0 , 0
0 , 0 , 0 , 0
0 , 0 , 0 , 0
0 , 0 , 0 , 0
0 , 0 , 0 , 0
0 , 0 , 0 , 0
0 , 0 , 0 , 0
0 , 0 , 0 , 0
0 , 0 , 0 , 0
0 , 0 , 0 , 0
0 , 0 , 0 , 0
0 , 0 , 0 , 0
0 , 0 , 0 , 0
0 , 0 , 0 , 0
0 , 0 , 0 , 0
0 , 0 , 0 , 0
0 , 0 , 0 , 0
0 , 0 , 0 , 0
0 , 0 , 0 , 0
0 , 0 , 0 , 0
0 , 0 , 0 , 0
0 , 0 , 0 , 0
0 , 0 , 0 , 0
0 , 0 , 0 , 0
0 , 0 , 0 , 0
0 , 0 , 0 , 0
0 , 0 , 0 , 0
0 , 0 , 0 , 0
0 , 0 , 0 , 0
0 , 0 , 0 , 0
0 , 0 , 0 , 0
0 , 0 , 0 , 0
0 , 0 , 0 , 0
0 , 0 , 0 , 0
0 , 0 , 0 , 0
0 , 0 , 0 , 0
0 , 0 , 0 , 0
0 , 0 , 0 , 0
0 , 0 , 0 , 0
0 , 0 , 0 , 0
0 , 0 , 0 , 0
0 , 0 , 0 , 0
0 , 0 , 0 , 0
0 , 0 , 0 , 0
0 , 0 , 0 , 0
0 , 0 , 0 , 0
0 , 0 , 0 , 0
0 , 0 , 0 , 0
0 , 0 , 0 , 0
0 , 0 , 0 , 0
0 , 0 , 0 , 0
0 , 0 , 0 , 0
0 , 0 , 0 , 0
0 , 0 , 0 , 0
0 , 0 , 0 , 0
0 , 0 , 0 , 0
0 , 0 , 0 , 0
0 , 0 , 0 , 0
0 , 0 , 0 , 0
0 , 0 , 0 , 0
0 , 0 , 0 , 0
0 , 0 , 0 , 0
0 , 0 , 0 , 0
0 , 0 , 0 , 0
0 , 0 , 0 , 0
0 , 0 , 0 , 0
0 , 0 , 0 , 0
0 , 0 , 0 , 0
0 , 0 , 0 , 0
0 , 0 , 0 , 0
0 , 0 , 0 , 0
0 , 0 , 0 , 0
0 , 0 , 0 , 0
0 , 0 , 0 , 0
0 , 0 , 0 , 0
0 , 0 , 0 , 0
0 , 0 , 0 , 0
0 , 0 , 0 , 0
0 , 0 , 0 , 0
0 , 0 , 0 , 0
0 , 0 , 0 , 0
0 , 0 , 0 , 0
0 , 0 , 0 , 0
0 , 0 , 0 , 0
0 , 0 , 0 , 0
0 , 0 , 0 , 0
0 , 0 , 0 , 0
0 , 0 , 0 , 0
0 , 0 , 0 , 0
0 , 0 , 0 , 0
0 , 0 , 0 , 0
0 , 0 , 0 , 0
0 , 0 , 0 , 0
0 , 0 , 0 , 0
0 , 0 , 0 , 0
0 , 0 , 0 , 0
0 , 0 , 0 , 0
0 , 0 , 0 , 0
0 , 0 , 0 , 0
0 , 0 , 0 , 0
0 , 0 , 0 , 0
0 , 0 , 0 , 0
0 , 0 , 0 , 0
0 , 0 , 0 , 0
0 , 0 , 0 , 0
0 , 0 , 0 , 0
0 , 0 , 0 , 0
0 , 0 , 0 , 0
0 , 0 , 0 , 0
0 , 0 , 0 , 0
0 , 0 , 0 , 0
0 , 0 , 0 , 0
0 , 0 , 0 , 0
0 , 0 , 0 , 0
0 , 0 , 0 , 0
0 , 0 , 0 , 0
0 , 0 , 0 , 0
0 , 0 , 0 , 0
0 , 0 , 0 , 0
0 , 0 , 0 , 0
0 , 0 , 0 , 0
0 , 0 , 0 , 0
0 , 0 , 0 , 0
0 , 0 , 0 , 0
0 , 0 , 0 , 0
0 , 0 , 0 , 0
0 , 0 , 0 , 0
0 , 0 , 0 , 0
0 , 0 , 0 , 0
0 , 0 , 0 , 0
0 , 0 , 0 , 0
0 , 0 , 0 , 0
0 , 0 , 0 , 0
0 , 0 , 0 , 0
0 , 0 , 0 , 0
0 , 0 , 0 , 0
0 , 0 , 0 , 0
0 , 0 , 0 , 0
0 , 0 , 0 , 0
0 , 0 , 0 , 0
0 , 0 , 0 , 0
0 , 0 , 0 , 0
0 , 0 , 0 , 0
0 , 0 , 0 , 0
0 , 0 , 0 , 0
0 , 0 , 0 , 0
0 , 0 , 0 , 0
0 , 0 , 0 , 0
0 , 0 , 0 , 0
0 , 0 , 0 , 0
0 , 0 , 0 , 0
0 , 0 , 0 , 0
0 , 0 , 0 , 0
0 , 0 , 0 , 0
0 , 0 , 0 , 0
0 , 0 , 0 , 0
0 , 0 , 0 , 0
0 , 0 , 0 , 0
0 , 0 , 0 , 0
0 , 0 , 0 , 0
0 , 0 , 0 , 0
0 , 0 , 0 , 0
0 , 0 , 0 , 0
0 , 0 , 0 , 0
0 , 0 , 0 , 0
0 , 0 , 0 , 0
0 , 0 , 0 , 0
0 , 0 , 0 , 0
0 , 0 , 0 , 0
0 , 0 , 0 , 0
0 , 0 , 0 , 0
0 , 0 , 0 , 0
0 , 0 , 0 , 0
0 , 0 , 0 , 0
0 , 0 , 0 , 0
0 , 0 , 0 , 0
0 , 0 , 0 , 0
0 , 0 , 0 , 0
0 , 0 , 0 , 0
0 , 0 , 0 , 0
0 , 0 , 0 , 0
0 , 0 , 0 , 0
0 , 0 , 0 , 0
0 , 0 , 0 , 0
0 , 0 , 0 , 0
0 , 0 , 0 , 0
0 , 0 , 0 , 0
0 , 0 , 0 , 0
0 , 0 , 0 , 0
0 , 0 , 0 , 0
0 , 0 , 0 , 0
0 , 0 , 0 , 0
0 , 0 , 0 , 0
0 , 0 , 0 , 0
0 , 0 , 0 , 0
0 , 0 , 0 , 0
0 , 0 , 0 , 0
0 , 0 , 0 , 0
0 , 0 , 0 , 0
0 , 0 , 0 , 0
0 , 0 , 0 , 0
0 , 0 , 0 , 0
0 , 0 , 0 , 0
0 , 0 , 0 , 0
0 , 0 , 0 , 0
0 , 0 , 0 , 0
0 , 0 , 0 , 0
0 , 0 , 0 , 0
0 , 0 , 0 , 0
0 , 0 , 0 , 0
0 , 0 , 0 , 0
0 , 0 , 0 , 0
0 , 0 , 0 , 0
0 , 0 , 0 , 0
0 , 0 , 0 , 0
0 , 0 , 0 , 0
0 , 0 , 0 , 0
0 , 0 , 0 , 0
0 , 0 , 0 , 0
0 , 0 , 0 , 0
0 , 0 , 0 , 0
0 , 0 , 0 , 0
0 , 0 , 0 , 0
0 , 0 , 0 , 0
0 , 0 , 0 , 0
0 , 0 , 0 , 0
0 , 0 , 0 , 0
0 , 0 , 0 , 0
0 , 0 , 0 , 0
0 , 0 , 0 , 0
0 , 0 , 0 , 0
0 , 0 , 0 , 0
0 , 0 , 0 , 0
0 , 0 , 0 , 0
0 , 0 , 0 , 0
0 , 0 , 0 , 0
0 , 0 , 0 , 0
0 , 0 , 0 , 0
0 , 0 , 0 , 0
0 , 0 , 0 , 0
0 , 0 , 0 , 0
0 , 0 , 0 , 0
0 , 0 , 0 , 0
0 , 0 , 0 , 0
0 , 0 , 0 , 0
0 , 0 , 0 , 0
0 , 0 , 0 , 0
0 , 0 , 0 , 0
0 , 0 , 0 , 0
0 , 0 , 0 , 0
0 , 0 , 0 , 0
0 , 0 , 0 , 0
0 , 0 , 0 , 0
0 , 0 , 0 , 0
0 , 0 , 0 , 0
0 , 0 , 0 , 0
0 , 0 , 0 , 0
0 , 0 , 0 , 0
0 , 0 , 0 , 0
0 , 0 , 0 , 0
0 , 0 , 0 , 0
0 , 0 , 0 , 0
0 , 0 , 0 , 0
0 , 0 , 0 , 0
0 , 0 , 0 , 0
0 , 0 , 0 , 0
0 , 0 , 0 , 0
0 , 0 , 0 , 0
0 , 0 , 0 , 0
0 , 0 , 0 , 0
0 , 0 , 0 , 0
0 , 0 , 0 , 0
0 , 0 , 0 , 0
0 , 0 , 0 , 0
0 , 0 , 0 , 0
0 , 0 , 0 , 0
0 , 0 , 0 , 0
0 , 0 , 0 , 0
0 , 0 , 0 , 0
0 , 0 , 0 , 0
0 , 0 , 0 , 0
0 , 0 , 0 , 0
0 , 0 , 0 , 0
0 , 0 , 0 , 0
0 , 0 , 0 , 0
0 , 0 , 0 , 0
0 , 0 , 0 , 0
0 , 0 , 0 , 0
0 , 0 , 0 , 0
0 , 0 , 0 , 0
0 , 0 , 0 , 0
0 , 0 , 0 , 0
0 , 0 , 0 , 0
0 , 0 , 0 , 0
0 , 0 , 0 , 0
0 , 0 , 0 , 0
0 , 0 , 0 , 0
0 , 0 , 0 , 0
0 , 0 , 0 , 0
0 , 0 , 0 , 0
0 , 0 , 0 , 0
0 , 0 , 0 , 0
0 , 0 , 0 , 0
0 , 0 , 0 , 0
0 , 0 , 0 , 0
0 , 0 , 0 , 0
0 , 0 , 0 , 0
0 , 0 , 0 , 0
0 , 0 , 0 , 0
0 , 0 , 0 , 0
0 , 0 , 0 , 0
0 , 0 , 0 , 0
0 , 0 , 0 , 0
0 , 0 , 0 , 0
0 , 0 , 0 , 0
0 , 0 , 0 , 0
0 , 0 , 0 , 0
0 , 0 , 0 , 0
0 , 0 , 0 , 0
0 , 0 , 0 , 0
0 , 0 , 0 , 0
0 , 0 , 0 , 0
0 , 0 , 0 , 0
0 , 0 , 0 , 0
0 , 0 , 0 , 0
0 , 0 , 0 , 0
0 , 0 , 0 , 0
0 , 0 , 0 , 0
0 , 0 , 0 , 0
0 , 0 , 0 , 0
0 , 0 , 0 , 0
0 , 0 , 0 , 0
0 , 0 , 0 , 0
0 , 0 , 0 , 0
0 , 0 , 0 , 0
0 , 0 , 0 , 0
0 , 0 , 0 , 0
0 , 0 , 0 , 0
0 , 0 , 0 , 0
0 , 0 , 0 , 0
0 , 0 , 0 , 0
0 , 0 , 0 , 0
0 , 0 , 0 , 0
0 , 0 , 0 , 0
0 , 0 , 0 , 0
0 , 0 , 0 , 0
0 , 0 , 0 , 0
0 , 0 , 0 , 0
0 , 0 , 0 , 0
0 , 0 , 0 , 0
0 , 0 , 0 , 0
0 , 0 , 0 , 0
0 , 0 , 0 , 0
0 , 0 , 0 , 0
0 , 0 , 0 , 0
0 , 0 , 0 , 0
0 , 0 , 0 , 0
0 , 0 , 0 , 0
0 , 0 , 0 , 0
0 , 0 , 0 , 0
0 , 0 , 0 , 0
0 , 0 , 0 , 0
0 , 0 , 0 , 0
0 , 0 , 0 , 0
0 , 0 , 0 , 0
0 , 0 , 0 , 0
0 , 0 , 0 , 0
0 , 0 , 0 , 0
0 , 0 , 0 , 0
0 , 0 , 0 , 0
0 , 0 , 0 , 0
0 , 0 , 0 , 0
0 , 0 , 0 , 0
0 , 0 , 0 , 0
0 , 0 , 0 , 0
0 , 0 , 0 , 0
0 , 0 , 0 , 0
0 , 0 , 0 , 0
0 , 0 , 0 , 0
0 , 0 , 0 , 0
0 , 0 , 0 , 0
0 , 0 , 0 , 0
0 , 0 , 0 , 0
0 , 0 , 0 , 0
0 , 0 , 0 , 0
0 , 0 , 0 , 0
0 , 0 , 0 , 0
0 , 0 , 0 , 0
0 , 0 , 0 , 0
0 , 0 , 0 , 0
0 , 0 , 0 , 0
0 , 0 , 0 , 0
0 , 0 , 0 , 0
0 , 0 , 0 , 0
0 , 0 , 0 , 0
0 , 0 , 0 , 0
0 , 0 , 0 , 0
0 , 0 , 0 , 0
0 , 0 , 0 , 0
0 , 0 , 0 , 0
0 , 0 , 0 , 0
0 , 0 , 0 , 0
0 , 0 , 0 , 0
0 , 0 , 0 , 0
0 , 0 , 0 , 0
0 , 0 , 0 , 0
Total GPU = 56.273