#Qurey Time, Memory allocation , I/O Time , Total
0 , 0 , 0 , 0
0.024318 , 0.1 , 24.318 , 24.442318
0.040656 , 0.153 , 24.656 , 24.849656
0.025056 , 0.1 , 25.056 , 25.181056
0.025362 , 0.078 , 25.362 , 25.465362
0.025594 , 0.101 , 25.594 , 25.720594
0.02592 , 0.085 , 25.92 , 26.03092
0.026196 , 0.1 , 26.196 , 26.322196
0.02649 , 0.069 , 26.49 , 26.58549
0.02672 , 0.085 , 26.72 , 26.83172
0.026996 , 0.083 , 26.996 , 27.105996
0.027226 , 0.101 , 27.226 , 27.354226
0.027524 , 0.12 , 27.524 , 27.671524
0.027858 , 0.154 , 27.858 , 28.039858
0.02826 , 0.116 , 28.26 , 28.40426
0.028598 , 0.147 , 28.598 , 28.773598
0.028966 , 0.079 , 28.966 , 29.073966
0.029198 , 0.085 , 29.198 , 29.312198
0.02943 , 0.085 , 29.43 , 29.54443
0.029694 , 0.068 , 29.694 , 29.791694
0.029924 , 0.068 , 29.924 , 30.021924
0.030168 , 0.1 , 30.168 , 30.298168
0.030462 , 0.069 , 30.462 , 30.561462
0.030694 , 0.084 , 30.694 , 30.808694
0.030968 , 0.047 , 30.968 , 31.045968
0.031168 , 0.1 , 31.168 , 31.299168
0.031494 , 0.069 , 31.494 , 31.594494
0.031726 , 0.085 , 31.726 , 31.842726
0.032002 , 0.084 , 32.002 , 32.118002
0.032296 , 0.085 , 32.296 , 32.413296
0.03257 , 0.101 , 32.57 , 32.70357
0.032866 , 0.053 , 32.866 , 32.951866
0.033034 , 0.047 , 33.034 , 33.114034
0.033234 , 0.047 , 33.234 , 33.314234
0.033466 , 0.069 , 33.466 , 33.568466
0.033698 , 0.053 , 33.698 , 33.784698
0.033898 , 0.069 , 33.898 , 34.000898
0.034098 , 0.069 , 34.098 , 34.201098
0.03433 , 0.068 , 34.33 , 34.43233
0.034568 , 0.065 , 34.568 , 34.667568
0.034772 , 0.079 , 34.772 , 34.885772
0.036004 , 0.081 , 35.004 , 35.121004
0.035236 , 0.069 , 35.236 , 35.340236
0.035468 , 0.069 , 35.468 , 35.572468
0.035668 , 0.069 , 35.668 , 35.772668
0.0359 , 0.084 , 35.9 , 36.0199
0.036176 , 0.078 , 36.176 , 36.290176
0.036406 , 0.084 , 36.406 , 36.526406
0.036668 , 0.069 , 36.668 , 36.773668
0.0369 , 0.069 , 36.9 , 37.0059
0.037132 , 0.084 , 37.132 , 37.253132
0.037374 , 0.1 , 37.374 , 37.511374
0.037668 , 0.085 , 37.668 , 37.790668
0.037974 , 0.079 , 37.974 , 38.090974
0.038206 , 0.1 , 38.206 , 38.344206
0.0385 , 0.069 , 38.5 , 38.6075
0.038776 , 0.063 , 38.776 , 38.877776
0.038976 , 0.062 , 38.976 , 39.076976
0.039208 , 0.084 , 39.208 , 39.331208
0.03947 , 0.069 , 39.47 , 39.57847
0.039702 , 0.068 , 39.702 , 39.809702
0.039932 , 0.069 , 39.932 , 40.040932
0.040168 , 0.051 , 40.168 , 40.259168
0.040368 , 0.067 , 40.368 , 40.475368
0.041608 , 0.081 , 40.608 , 40.730608
0.040966 , 0.169 , 40.966 , 41.175966
0.04138 , 0.146 , 41.38 , 41.56738
0.041778 , 0.163 , 41.778 , 41.982778
0.04221 , 0.163 , 42.21 , 42.41521
0.042642 , 0.185 , 42.642 , 42.869642
0.043106 , 0.116 , 43.106 , 43.265106
0.043444 , 0.148 , 43.444 , 43.635444
0.043846 , 0.163 , 43.846 , 44.052846
0.044246 , 0.147 , 44.246 , 44.437246
0.044646 , 0.147 , 44.646 , 44.837646
0.046014 , 0.181 , 45.014 , 45.241014
0.045446 , 0.169 , 45.446 , 45.660446
0.045848 , 0.168 , 45.848 , 46.061848
0.04634 , 0.169 , 46.34 , 46.55534
0.046816 , 0.185 , 46.816 , 47.047816
0.047248 , 0.133 , 47.248 , 47.428248
0.047616 , 0.132 , 47.616 , 47.795616
0.047988 , 0.131 , 47.988 , 48.166988
0.048344 , 0.138 , 48.344 , 48.530344
0.048746 , 0.138 , 48.746 , 48.932746
0.049114 , 0.138 , 49.114 , 49.301114
0.049484 , 0.153 , 49.484 , 49.686484
0.049852 , 0.132 , 49.852 , 50.033852
0.050222 , 0.148 , 50.222 , 50.420222
0.050592 , 0.148 , 50.592 , 50.790592
0.05095 , 0.169 , 50.95 , 51.16995
0.051392 , 0.164 , 51.392 , 51.607392
0.05192 , 0.169 , 51.92 , 52.14092
0.052352 , 0.169 , 52.352 , 52.573352
0.052796 , 0.163 , 52.796 , 53.011796
0.053228 , 0.163 , 53.228 , 53.444228
0.053628 , 0.163 , 53.628 , 53.844628
0.054028 , 0.147 , 54.028 , 54.229028
0.054428 , 0.148 , 54.428 , 54.630428
0.054798 , 0.147 , 54.798 , 54.999798
0.055196 , 0.148 , 55.196 , 55.399196
0.055592 , 0.15 , 55.592 , 55.797592
0.056 , 0.163 , 56 , 56.219
0.0564 , 0.163 , 56.4 , 56.6194
0.056832 , 0.163 , 56.832 , 57.051832
0.057234 , 0.155 , 57.234 , 57.446234
0.057634 , 0.216 , 57.634 , 57.907634
0.05816 , 0.222 , 58.16 , 58.44016
0.058668 , 0.216 , 58.668 , 58.942668
0.059162 , 0.169 , 59.162 , 59.390162
0.059562 , 0.169 , 59.562 , 59.790562
0.059997 , 0.166 , 59.997 , 60.222997
0.060406 , 0.163 , 60.406 , 60.629406
0.060806 , 0.201 , 60.806 , 61.067806
0.061302 , 0.2 , 61.302 , 61.563302
0.061766 , 0.219 , 61.766 , 62.046766
0.062272 , 0.2 , 62.272 , 62.534272
0.062766 , 0.2 , 62.766 , 63.028766
0.06324 , 0.2 , 63.24 , 63.50324
0.063734 , 0.2 , 63.734 , 63.997734
0.064208 , 0.2 , 64.208 , 64.472208
0.064702 , 0.2 , 64.702 , 64.966702
0.065206 , 0.148 , 65.206 , 65.419206
0.065608 , 0.147 , 65.608 , 65.820608
0.066008 , 0.163 , 66.008 , 66.237008
0.066408 , 0.2 , 66.408 , 66.674408
0.066872 , 0.215 , 66.872 , 67.153872
0.068366 , 0.216 , 67.366 , 67.650366
0.067872 , 0.2 , 67.872 , 68.139872
0.084334 , 0.2 , 68.334 , 68.618334
0.06884 , 0.2 , 68.84 , 69.10884
0.069334 , 0.2 , 69.334 , 69.603334
0.069808 , 0.216 , 69.808 , 70.093808
0.070302 , 0.169 , 70.302 , 70.541302
0.070734 , 0.153 , 70.734 , 70.957734
0.071134 , 0.153 , 71.134 , 71.358134
0.071534 , 0.153 , 71.534 , 71.758534
0.071934 , 0.201 , 71.934 , 72.206934
0.07244 , 0.2 , 72.44 , 72.71244
0.072934 , 0.2 , 72.934 , 73.206934
0.073408 , 0.217 , 73.408 , 73.698408
0.073904 , 0.2 , 73.904 , 74.177904
0.07441 , 0.201 , 74.41 , 74.68541
0.074906 , 0.2 , 74.906 , 75.180906
0.075368 , 0.216 , 75.368 , 75.659368
0.075874 , 0.2 , 75.874 , 76.149874
0.076338 , 0.169 , 76.338 , 76.583338
0.076768 , 0.154 , 76.768 , 76.998768
0.07717 , 0.201 , 77.17 , 77.44817
0.077644 , 0.216 , 77.644 , 77.937644
0.078138 , 0.216 , 78.138 , 78.432138
0.078646 , 0.2 , 78.646 , 78.924646
0.07914 , 0.2 , 79.14 , 79.41914
0.079614 , 0.201 , 79.614 , 79.894614
0.09511 , 0.201 , 80.11 , 80.40611
0.080616 , 0.201 , 80.616 , 80.897616
0.081112 , 0.201 , 81.112 , 81.394112
0.081614 , 0.203 , 81.614 , 81.898614
0.082082 , 0.217 , 82.082 , 82.381082
0.083578 , 0.219 , 82.578 , 82.880578
0.084086 , 0.167 , 83.086 , 83.337086
0.083486 , 0.169 , 83.486 , 83.738486
0.083886 , 0.169 , 83.886 , 84.138886
0.084318 , 0.17 , 84.318 , 84.572318
0.084752 , 0.168 , 84.752 , 85.004752
0.101152 , 0.2 , 85.152 , 85.453152
0.085658 , 0.201 , 85.658 , 85.944658
0.086154 , 0.2 , 86.154 , 86.440154
0.086628 , 0.201 , 86.628 , 86.915628
0.087124 , 0.201 , 87.124 , 87.412124
0.087662 , 0.216 , 87.662 , 87.965662
0.088232 , 0.216 , 88.232 , 88.536232
0.088788 , 0.2 , 88.788 , 89.076788
0.089326 , 0.216 , 89.326 , 89.631326
0.089896 , 0.167 , 89.896 , 90.152896
0.090296 , 0.169 , 90.296 , 90.555296
0.090728 , 0.201 , 90.728 , 91.019728
0.091224 , 0.205 , 91.224 , 91.520224
0.091698 , 0.201 , 91.698 , 91.990698
0.092192 , 0.201 , 92.192 , 92.485192
0.092668 , 0.201 , 92.668 , 92.961668
0.093164 , 0.2 , 93.164 , 93.457164
0.093638 , 0.217 , 93.638 , 93.948638
0.094134 , 0.216 , 94.134 , 94.444134
0.09464 , 0.216 , 94.64 , 94.95064
0.095136 , 0.216 , 95.136 , 95.447136
0.095642 , 0.201 , 95.642 , 95.938642
0.096138 , 0.2 , 96.138 , 96.434138
0.096602 , 0.222 , 96.602 , 96.920602
0.097108 , 0.202 , 97.108 , 97.407108
0.097606 , 0.215 , 97.606 , 97.918606
0.09811 , 0.2 , 98.11 , 98.40811
0.098604 , 0.2 , 98.604 , 98.902604
0.099078 , 0.201 , 99.078 , 99.378078
0.099574 , 0.2 , 99.574 , 99.873574
0.10008 , 0.201 , 100.08 , 100.38108
0.100647 , 0.202 , 100.647 , 100.949647
0.101176 , 0.216 , 101.176 , 101.493176
0.101684 , 0.2 , 101.684 , 101.985684
0.102178 , 0.2 , 102.178 , 102.480178
0.102652 , 0.201 , 102.652 , 102.955652
0.103148 , 0.216 , 103.148 , 103.467148
0.103654 , 0.201 , 103.654 , 103.958654
0.10415 , 0.201 , 104.15 , 104.45515
0.104654 , 0.202 , 104.654 , 104.960654
0.10512 , 0.216 , 105.12 , 105.44112
0.106616 , 0.218 , 105.616 , 105.940616
0.106184 , 0.201 , 106.184 , 106.491184
0.106724 , 0.216 , 106.724 , 107.046724
0.107262 , 0.201 , 107.262 , 107.570262
0.107758 , 0.2 , 107.758 , 108.065758
0.10826 , 0.203 , 108.26 , 108.57126
0.108728 , 0.216 , 108.728 , 109.052728
0.109262 , 0.203 , 109.262 , 109.574262
0.109792 , 0.216 , 109.792 , 110.117792
0.11036 , 0.201 , 110.36 , 110.67136
0.1109 , 0.2 , 110.9 , 111.2109
0.111458 , 0.206 , 111.458 , 111.775458
0.111996 , 0.2 , 111.996 , 112.307996
0.112534 , 0.231 , 112.534 , 112.877534
0.113072 , 0.201 , 113.072 , 113.386072
0.113568 , 0.2 , 113.568 , 113.881568
0.114073 , 0.201 , 114.073 , 114.388073
0.11457 , 0.216 , 114.57 , 114.90057
0.115078 , 0.201 , 115.078 , 115.394078
0.115604 , 0.216 , 115.604 , 115.935604
0.116174 , 0.215 , 116.174 , 116.505174
0.116712 , 0.216 , 116.712 , 117.044712
0.117282 , 0.2 , 117.282 , 117.599282
0.117806 , 0.216 , 117.806 , 118.139806
0.118374 , 0.201 , 118.374 , 118.693374
0.118914 , 0.201 , 118.914 , 119.233914
0.11941 , 0.2 , 119.41 , 119.72941
0.119884 , 0.201 , 119.884 , 120.204884
0.12038 , 0.2 , 120.38 , 120.70038
0.120886 , 0.2 , 120.886 , 121.206886
0.12138 , 0.201 , 121.38 , 121.70238
0.121882 , 0.203 , 121.882 , 122.206882
0.12235 , 0.217 , 122.35 , 122.68935
0.12289 , 0.216 , 122.89 , 123.22889
0.123446 , 0.201 , 123.446 , 123.770446
0.123922 , 0.201 , 123.922 , 124.246922
0.124418 , 0.2 , 124.418 , 124.742418
0.124892 , 0.217 , 124.892 , 125.233892
0.125388 , 0.216 , 125.388 , 125.729388
0.125896 , 0.2 , 125.896 , 126.221896
0.12639 , 0.201 , 126.39 , 126.71739
0.126892 , 0.203 , 126.892 , 127.221892
0.12736 , 0.201 , 127.36 , 127.68836
0.127856 , 0.2 , 127.856 , 128.183856
0.128332 , 0.216 , 128.332 , 128.676332
0.128826 , 0.201 , 128.826 , 129.155826
0.129334 , 0.2 , 129.334 , 129.663334
0.129798 , 0.2 , 129.798 , 130.127798
0.130304 , 0.2 , 130.304 , 130.634304
0.130766 , 0.201 , 130.766 , 131.097766
0.131262 , 0.2 , 131.262 , 131.593262
0.131738 , 0.2 , 131.738 , 132.069738
0.132232 , 0.2 , 132.232 , 132.564232
0.132706 , 0.216 , 132.706 , 133.054706
0.1332 , 0.2 , 133.2 , 133.5332
0.133708 , 0.2 , 133.708 , 134.041708
0.134172 , 0.216 , 134.172 , 134.522172
0.149668 , 0.2 , 134.668 , 135.017668
0.135174 , 0.2 , 135.174 , 135.509174
0.135668 , 0.2 , 135.668 , 136.003668
0.136142 , 0.201 , 136.142 , 136.479142
0.136638 , 0.2 , 136.638 , 136.974638
0.137112 , 0.216 , 137.112 , 137.465112
0.153606 , 0.201 , 137.606 , 137.960606
0.138114 , 0.201 , 138.114 , 138.453114
0.138578 , 0.216 , 138.578 , 138.932578
0.139072 , 0.2 , 139.072 , 139.411072
0.139548 , 0.217 , 139.548 , 139.904548
0.140044 , 0.2 , 140.044 , 140.384044
0.140548 , 0.201 , 140.548 , 140.889548
0.141044 , 0.2 , 141.044 , 141.385044
0.141518 , 0.201 , 141.518 , 141.860518
0.142014 , 0.201 , 142.014 , 142.357014
0.14251 , 0.203 , 142.51 , 142.85551
0.142984 , 0.2 , 142.984 , 143.326984
0.143478 , 0.2 , 143.478 , 143.821478
0.143954 , 0.216 , 143.954 , 144.313954
0.159448 , 0.2 , 144.448 , 144.807448
0.144954 , 0.2 , 144.954 , 145.298954
0.145448 , 0.2 , 145.448 , 145.793448
0.145924 , 0.201 , 145.924 , 146.270924
0.14642 , 0.2 , 146.42 , 146.76642
0.146926 , 0.201 , 146.926 , 147.273926
0.14739 , 0.216 , 147.39 , 147.75339
0.147884 , 0.216 , 147.884 , 148.247884
0.148392 , 0.273 , 148.392 , 148.813392
0.149034 , 0.247 , 149.034 , 149.430034
0.149602 , 0.217 , 149.602 , 149.968602
0.150098 , 0.2 , 150.098 , 150.448098
0.150604 , 0.2 , 150.604 , 150.954604
0.151066 , 0.216 , 151.066 , 151.433066
0.151572 , 0.201 , 151.572 , 151.924572
0.152068 , 0.201 , 152.068 , 152.421068
0.152532 , 0.2 , 152.532 , 152.884532
0.153038 , 0.2 , 153.038 , 153.391038
0.153532 , 0.2 , 153.532 , 153.885532
0.154008 , 0.216 , 154.008 , 154.378008
0.154502 , 0.2 , 154.502 , 154.856502
0.155008 , 0.201 , 155.008 , 155.364008
0.155472 , 0.216 , 155.472 , 155.843472
0.155978 , 0.217 , 155.978 , 156.350978
0.156474 , 0.216 , 156.474 , 156.846474
0.156982 , 0.216 , 156.982 , 157.354982
0.15748 , 0.199 , 157.48 , 157.83648
0.157984 , 0.201 , 157.984 , 158.342984
0.158448 , 0.216 , 158.448 , 158.822448
0.158942 , 0.221 , 158.942 , 159.321942
0.15945 , 0.201 , 159.45 , 159.81045
0.159944 , 0.2 , 159.944 , 160.303944
0.16042 , 0.201 , 160.42 , 160.78142
0.160916 , 0.199 , 160.916 , 161.275916
0.16139 , 0.201 , 161.39 , 161.75239
0.161886 , 0.2 , 161.886 , 162.247886
0.162394 , 0.2 , 162.394 , 162.756394
0.162888 , 0.2 , 162.888 , 163.250888
0.163392 , 0.202 , 163.392 , 163.757392
0.16389 , 0.2 , 163.89 , 164.25389
0.164388 , 0.205 , 164.388 , 164.757388
0.16486 , 0.201 , 164.86 , 165.22586
0.165356 , 0.2 , 165.356 , 165.721356
0.16583 , 0.201 , 165.83 , 166.19683
0.166326 , 0.2 , 166.326 , 166.692326
0.16683 , 0.201 , 166.83 , 167.19783
0.167294 , 0.216 , 167.294 , 167.677294
0.167802 , 0.2 , 167.802 , 168.169802
0.168296 , 0.2 , 168.296 , 168.664296
0.168802 , 0.201 , 168.802 , 169.171802
0.169266 , 0.216 , 169.266 , 169.651266
0.169762 , 0.22 , 169.762 , 170.151762
0.170268 , 0.2 , 170.268 , 170.638268
0.170762 , 0.2 , 170.762 , 171.132762
0.171236 , 0.201 , 171.236 , 171.608236
0.171732 , 0.201 , 171.732 , 172.104732
0.172206 , 0.217 , 172.206 , 172.595206
0.172702 , 0.201 , 172.702 , 173.075702
0.17321 , 0.2 , 173.21 , 173.58321
0.173688 , 0.201 , 173.688 , 174.062688
0.174202 , 0.205 , 174.202 , 174.581202
0.174674 , 0.216 , 174.674 , 175.064674
0.17617 , 0.217 , 175.17 , 175.56317
0.175676 , 0.2 , 175.676 , 176.051676
0.17617 , 0.2 , 176.17 , 176.54617
0.176644 , 0.201 , 176.644 , 177.021644
0.17714 , 0.202 , 177.14 , 177.51914
0.177614 , 0.201 , 177.614 , 177.992614
0.19411 , 0.2 , 178.11 , 178.50411
0.178616 , 0.201 , 178.616 , 178.995616
0.17911 , 0.231 , 179.11 , 179.52011
0.179648 , 0.201 , 179.648 , 180.028648
0.180144 , 0.2 , 180.144 , 180.524144
0.18065 , 0.2 , 180.65 , 181.03065
0.181114 , 0.216 , 181.114 , 181.511114
0.18162 , 0.216 , 181.62 , 182.01762
0.182146 , 0.201 , 182.146 , 182.529146
0.182622 , 0.201 , 182.622 , 183.005622
0.183118 , 0.2 , 183.118 , 183.501118
0.183616 , 0.204 , 183.616 , 184.003616
0.184088 , 0.216 , 184.088 , 184.488088
0.184614 , 0.204 , 184.614 , 185.002614
0.185088 , 0.216 , 185.088 , 185.489088
0.185584 , 0.217 , 185.584 , 185.986584
0.18609 , 0.2 , 186.09 , 186.47609
0.186584 , 0.2 , 186.584 , 186.970584
0.18706 , 0.217 , 187.06 , 187.46406
0.187558 , 0.214 , 187.558 , 187.959558
0.188062 , 0.201 , 188.062 , 188.451062
0.188556 , 0.201 , 188.556 , 188.945556
0.189032 , 0.216 , 189.032 , 189.437032
0.189526 , 0.217 , 189.526 , 189.932526
0.190034 , 0.201 , 190.034 , 190.425034
0.19053 , 0.2 , 190.53 , 190.92053
0.19103 , 0.203 , 191.03 , 191.42403
0.1915 , 0.2 , 191.5 , 191.8915
0.191994 , 0.201 , 191.994 , 192.386994
0.19247 , 0.2 , 192.47 , 192.86247
0.192932 , 0.2 , 192.932 , 193.324932
0.193438 , 0.2 , 193.438 , 193.831438
0.193902 , 0.2 , 193.902 , 194.295902
0.194396 , 0.2 , 194.396 , 194.790396
0.19487 , 0.2 , 194.87 , 195.26487
0.195364 , 0.2 , 195.364 , 195.759364
0.195838 , 0.2 , 195.838 , 196.233838
0.196302 , 0.215 , 196.302 , 196.713302
0.196796 , 0.2 , 196.796 , 197.192796
0.19727 , 0.201 , 197.27 , 197.66827
0.197766 , 0.199 , 197.766 , 198.162766
0.19824 , 0.201 , 198.24 , 198.63924
0.198736 , 0.2 , 198.736 , 199.134736
0.199198 , 0.2 , 199.198 , 199.597198
0.199674 , 0.201 , 199.674 , 200.074674
0.20017 , 0.2 , 200.17 , 200.57017
0.200644 , 0.201 , 200.644 , 201.045644
0.201108 , 0.201 , 201.108 , 201.510108
0.201604 , 0.2 , 201.604 , 202.005604
0.202078 , 0.2 , 202.078 , 202.480078
0.202542 , 0.2 , 202.542 , 202.944542
0.203048 , 0.2 , 203.048 , 203.451048
0.20351 , 0.201 , 203.51 , 203.91451
0.204006 , 0.2 , 204.006 , 204.410006
0.204482 , 0.2 , 204.482 , 204.886482
0.204976 , 0.201 , 204.976 , 205.381976
0.205452 , 0.201 , 205.452 , 205.858452
0.205948 , 0.185 , 205.948 , 206.338948
0.206412 , 0.2 , 206.412 , 206.818412
0.206886 , 0.201 , 206.886 , 207.293886
0.22335 , 0.2 , 207.35 , 207.77335
0.207856 , 0.201 , 207.856 , 208.264856
0.208352 , 0.185 , 208.352 , 208.745352
0.208816 , 0.2 , 208.816 , 209.224816
0.209292 , 0.2 , 209.292 , 209.701292
0.209786 , 0.2 , 209.786 , 210.195786
0.21026 , 0.201 , 210.26 , 210.67126
0.210756 , 0.2 , 210.756 , 211.166756
0.211262 , 0.198 , 211.262 , 211.671262
0.211724 , 0.201 , 211.724 , 212.136724
0.212188 , 0.199 , 212.188 , 212.599188
0.212662 , 0.201 , 212.662 , 213.075662
0.213158 , 0.2 , 213.158 , 213.571158
0.213622 , 0.2 , 213.622 , 214.035622
0.214096 , 0.201 , 214.096 , 214.511096
0.214592 , 0.2 , 214.592 , 215.006592
0.215068 , 0.2 , 215.068 , 215.483068
0.21553 , 0.201 , 215.53 , 215.94653
0.216026 , 0.2 , 216.026 , 216.442026
0.216502 , 0.2 , 216.502 , 216.918502
0.216996 , 0.2 , 216.996 , 217.412996
0.217472 , 0.201 , 217.472 , 217.890472
0.217966 , 0.2 , 217.966 , 218.383966
0.218428 , 0.2 , 218.428 , 218.846428
0.218904 , 0.2 , 218.904 , 219.322904
0.219396 , 0.185 , 219.396 , 219.800396
0.219872 , 0.199 , 219.872 , 220.290872
0.220334 , 0.2 , 220.334 , 220.754334
0.220796 , 0.2 , 220.796 , 221.216796
0.22127 , 0.2 , 221.27 , 221.69127
0.221766 , 0.201 , 221.766 , 222.188766
0.222271 , 0.201 , 222.271 , 222.694271
0.222736 , 0.201 , 222.736 , 223.159736
0.223232 , 0.2 , 223.232 , 223.655232
0.223708 , 0.2 , 223.708 , 224.131708
0.224202 , 0.185 , 224.202 , 224.611202
0.224678 , 0.2 , 224.678 , 225.102678
0.22514 , 0.201 , 225.14 , 225.56614
0.225636 , 0.2 , 225.636 , 226.061636
0.22611 , 0.201 , 226.11 , 226.53711
0.226574 , 0.2 , 226.574 , 227.000574
0.227074 , 0.201 , 227.074 , 227.502074
0.227542 , 0.201 , 227.542 , 227.970542
0.228006 , 0.216 , 228.006 , 228.450006
0.228514 , 0.2 , 228.514 , 228.942514
0.244008 , 0.185 , 229.008 , 229.437008
0.229484 , 0.2 , 229.484 , 229.913484
0.229946 , 0.201 , 229.946 , 230.376946
0.230442 , 0.184 , 230.442 , 230.856442
0.230916 , 0.201 , 230.916 , 231.347916
0.24638 , 0.201 , 231.38 , 231.82738
0.231886 , 0.201 , 231.886 , 232.318886
0.23235 , 0.201 , 232.35 , 232.78335
0.232846 , 0.2 , 232.846 , 233.278846
0.233322 , 0.201 , 233.322 , 233.756322
0.233786 , 0.2 , 233.786 , 234.219786
0.234292 , 0.201 , 234.292 , 234.727292
0.234756 , 0.201 , 234.756 , 235.191756
0.235252 , 0.2 , 235.252 , 235.687252
0.235726 , 0.201 , 235.726 , 236.162726
0.236222 , 0.184 , 236.222 , 236.642222
0.236698 , 0.199 , 236.698 , 237.133698
0.23716 , 0.2 , 237.16 , 237.59716
0.237654 , 0.185 , 237.654 , 238.076654
0.238128 , 0.201 , 238.128 , 238.567128
0.238592 , 0.201 , 238.592 , 239.031592
0.239092 , 0.199 , 239.092 , 239.530092
0.239564 , 0.2 , 239.564 , 240.003564
0.240026 , 0.2 , 240.026 , 240.466026
0.240532 , 0.201 , 240.532 , 240.973532
0.240996 , 0.216 , 240.996 , 241.452996
0.241504 , 0.2 , 241.504 , 241.945504
0.241968 , 0.2 , 241.968 , 242.409968
0.24246 , 0.2 , 242.46 , 242.90246
0.242936 , 0.2 , 242.936 , 243.378936
0.24343 , 0.2 , 243.43 , 243.87343
0.243906 , 0.201 , 243.906 , 244.350906
0.24437 , 0.201 , 244.37 , 244.81537
0.244866 , 0.199 , 244.866 , 245.309866
0.24534 , 0.201 , 245.34 , 245.78634
0.245836 , 0.2 , 245.836 , 246.281836
0.246312 , 0.2 , 246.312 , 246.758312
0.246806 , 0.201 , 246.806 , 247.253806
0.24727 , 0.2 , 247.27 , 247.71727
0.247744 , 0.201 , 247.744 , 248.192744
0.248238 , 0.185 , 248.238 , 248.671238
0.249714 , 0.198 , 248.714 , 249.161714
0.249176 , 0.201 , 249.176 , 249.626176
0.24964 , 0.2 , 249.64 , 250.08964
0.250114 , 0.201 , 250.114 , 250.565114
0.25061 , 0.201 , 250.61 , 251.06161
0.251074 , 0.2 , 251.074 , 251.525074
0.25155 , 0.201 , 251.55 , 252.00255
0.252046 , 0.199 , 252.046 , 252.497046
0.25252 , 0.2 , 252.52 , 252.97252
0.253014 , 0.201 , 253.014 , 253.468014
0.253478 , 0.2 , 253.478 , 253.931478
0.253984 , 0.2 , 253.984 , 254.437984
0.254448 , 0.199 , 254.448 , 254.901448
0.270952 , 0.185 , 254.952 , 255.407952
0.255416 , 0.2 , 255.416 , 255.871416
0.25588 , 0.217 , 255.88 , 256.35288
0.256386 , 0.2 , 256.386 , 256.842386
0.256848 , 0.216 , 256.848 , 257.320848
0.257354 , 0.185 , 257.354 , 257.796354
0.257818 , 0.201 , 257.818 , 258.276818
0.258282 , 0.2 , 258.282 , 258.740282
0.258756 , 0.201 , 258.756 , 259.215756
0.259252 , 0.2 , 259.252 , 259.711252
0.259726 , 0.201 , 259.726 , 260.186726
0.26019 , 0.201 , 260.19 , 260.65119
0.260686 , 0.2 , 260.686 , 261.146686
0.26116 , 0.201 , 261.16 , 261.62216
0.261624 , 0.201 , 261.624 , 262.086624
0.262132 , 0.197 , 262.132 , 262.591132
0.262598 , 0.2 , 262.598 , 263.060598
0.26306 , 0.2 , 263.06 , 263.52306
0.263564 , 0.247 , 263.564 , 264.074564
0.264134 , 0.2 , 264.134 , 264.598134
0.264596 , 0.201 , 264.596 , 265.061596
0.26506 , 0.2 , 265.06 , 265.52506
0.265566 , 0.185 , 265.566 , 266.016566
0.26603 , 0.2 , 266.03 , 266.49603
0.267494 , 0.217 , 266.494 , 266.978494
0.267 , 0.2 , 267 , 267.467
0.267496 , 0.199 , 267.496 , 267.962496
0.267968 , 0.2 , 267.968 , 268.435968
0.268432 , 0.2 , 268.432 , 268.900432
0.268938 , 0.2 , 268.938 , 269.406938
0.269402 , 0.2 , 269.402 , 269.871402
0.269896 , 0.2 , 269.896 , 270.365896
0.270372 , 0.201 , 270.372 , 270.843372
0.270836 , 0.2 , 270.836 , 271.306836
0.271336 , 0.198 , 271.336 , 271.805336
0.271806 , 0.185 , 271.806 , 272.262806
0.272268 , 0.201 , 272.268 , 272.741268
0.272744 , 0.201 , 272.744 , 273.217744
0.27324 , 0.201 , 273.24 , 273.71424
0.273704 , 0.2 , 273.704 , 274.177704
0.27421 , 0.201 , 274.21 , 274.68521
0.274674 , 0.2 , 274.674 , 275.148674
0.27515 , 0.2 , 275.15 , 275.62515
0.275644 , 0.201 , 275.644 , 276.120644
0.276108 , 0.2 , 276.108 , 276.584108
0.276582 , 0.201 , 276.582 , 277.059582
0.277046 , 0.202 , 277.046 , 277.525046
0.277554 , 0.198 , 277.554 , 278.029554
0.278018 , 0.2 , 278.018 , 278.496018
0.278482 , 0.2 , 278.482 , 278.960482
0.278956 , 0.201 , 278.956 , 279.435956
0.279436 , 0.185 , 279.436 , 279.900436
0.279916 , 0.2 , 279.916 , 280.395916
0.280392 , 0.2 , 280.392 , 280.872392
0.280886 , 0.2 , 280.886 , 281.366886
0.281362 , 0.2 , 281.362 , 281.843362
0.281826 , 0.216 , 281.826 , 282.323826
0.28232 , 0.2 , 282.32 , 282.80232
0.282796 , 0.2 , 282.796 , 283.278796
0.28329 , 0.185 , 283.29 , 283.75829
0.283766 , 0.2 , 283.766 , 284.249766
0.28423 , 0.2 , 284.23 , 284.71423
0.284724 , 0.184 , 284.724 , 285.192724
0.285166 , 0.201 , 285.166 , 285.652166
0.285662 , 0.201 , 285.662 , 286.148662
0.286162 , 0.203 , 286.162 , 286.651162
0.286632 , 0.201 , 286.632 , 287.119632
0.287112 , 0.185 , 287.112 , 287.584112
0.28757 , 0.2 , 287.57 , 288.05757
0.288064 , 0.2 , 288.064 , 288.552064
0.288526 , 0.2 , 288.526 , 289.014526
0.289002 , 0.2 , 289.002 , 289.491002
0.289496 , 0.2 , 289.496 , 289.985496
0.28997 , 0.2 , 289.97 , 290.45997
0.290432 , 0.2 , 290.432 , 290.922432
0.290926 , 0.2 , 290.926 , 291.416926
0.291402 , 0.201 , 291.402 , 291.894402
0.291898 , 0.2 , 291.898 , 292.389898
0.292372 , 0.201 , 292.372 , 292.865372
0.292868 , 0.2 , 292.868 , 293.360868
0.29333 , 0.201 , 293.33 , 293.82433
0.293838 , 0.184 , 293.838 , 294.315838
0.2943 , 0.201 , 294.3 , 294.7953
0.294776 , 0.201 , 294.776 , 295.271776
0.29524 , 0.201 , 295.24 , 295.73624
0.295736 , 0.183 , 295.736 , 296.214736
0.296208 , 0.201 , 296.208 , 296.705208
0.296672 , 0.201 , 296.672 , 297.169672
0.297136 , 0.204 , 297.136 , 297.637136
0.297612 , 0.2 , 297.612 , 298.109612
0.298106 , 0.2 , 298.106 , 298.604106
0.298582 , 0.195 , 298.582 , 299.075582
0.299044 , 0.185 , 299.044 , 299.528044
0.299508 , 0.2 , 299.508 , 300.007508
0.299982 , 0.201 , 299.982 , 300.482982
0.300446 , 0.201 , 300.446 , 300.947446
0.30091 , 0.199 , 300.91 , 301.40991
0.301384 , 0.201 , 301.384 , 301.886384
0.301878 , 0.185 , 301.878 , 302.364878
0.302342 , 0.2 , 302.342 , 302.844342
0.302816 , 0.201 , 302.816 , 303.319816
0.303312 , 0.185 , 303.312 , 303.800312
0.303779 , 0.182 , 303.779 , 304.264779
0.304252 , 0.185 , 304.252 , 304.741252
0.304714 , 0.201 , 304.714 , 305.219714
0.30519 , 0.2 , 305.19 , 305.69519
0.305652 , 0.201 , 305.652 , 306.158652
0.306116 , 0.2 , 306.116 , 306.622116
0.306622 , 0.184 , 306.622 , 307.112622
0.307084 , 0.202 , 307.084 , 307.593084
0.30755 , 0.199 , 307.55 , 308.05655
0.308022 , 0.201 , 308.022 , 308.531022
0.308486 , 0.201 , 308.486 , 308.995486
0.308984 , 0.183 , 308.984 , 309.475984
0.309458 , 0.185 , 309.458 , 309.952458
0.30992 , 0.185 , 309.92 , 310.41492
0.310396 , 0.196 , 310.396 , 310.902396
0.31086 , 0.2 , 310.86 , 311.37086
0.311322 , 0.201 , 311.322 , 311.834322
0.311798 , 0.2 , 311.798 , 312.309798
0.31226 , 0.201 , 312.26 , 312.77326
0.312724 , 0.2 , 312.724 , 313.236724
0.313198 , 0.201 , 313.198 , 313.712198
0.313662 , 0.201 , 313.662 , 314.176662
0.314126 , 0.2 , 314.126 , 314.640126
0.314602 , 0.2 , 314.602 , 315.116602
0.315066 , 0.2 , 315.066 , 315.581066
0.31556 , 0.184 , 315.56 , 316.05956
0.316004 , 0.201 , 316.004 , 316.521004
0.316468 , 0.2 , 316.468 , 316.984468
0.316932 , 0.199 , 316.932 , 317.447932
0.317406 , 0.2 , 317.406 , 317.923406
0.31787 , 0.2 , 317.87 , 318.38787
0.318332 , 0.2 , 318.332 , 318.850332
0.318808 , 0.201 , 318.808 , 319.327808
0.319304 , 0.2 , 319.304 , 319.823304
0.319768 , 0.199 , 319.768 , 320.286768
0.320242 , 0.2 , 320.242 , 320.762242
0.320706 , 0.2 , 320.706 , 321.226706
0.337208 , 0.18 , 321.208 , 321.725208
0.321674 , 0.185 , 321.674 , 322.180674
0.32214 , 0.183 , 322.14 , 322.64514
0.322611 , 0.198 , 322.611 , 323.131611
0.323076 , 0.2 , 323.076 , 323.599076
0.32354 , 0.199 , 323.54 , 324.06254
0.324014 , 0.201 , 324.014 , 324.539014
0.324478 , 0.201 , 324.478 , 325.003478
0.324974 , 0.184 , 324.974 , 325.482974
0.325416 , 0.201 , 325.416 , 325.942416
0.340912 , 0.185 , 325.912 , 326.437912
0.326374 , 0.201 , 326.374 , 326.901374
0.34285 , 0.185 , 326.85 , 327.37785
0.327314 , 0.201 , 327.314 , 327.842314
0.327778 , 0.2 , 327.778 , 328.305778
0.328252 , 0.201 , 328.252 , 328.781252
0.328748 , 0.184 , 328.748 , 329.260748
0.329216 , 0.197 , 329.216 , 329.742216
0.329686 , 0.184 , 329.686 , 330.199686
0.330148 , 0.184 , 330.148 , 330.662148
0.330622 , 0.2 , 330.622 , 331.152622
0.331086 , 0.2 , 331.086 , 331.617086
0.33155 , 0.2 , 331.55 , 332.08155
0.332024 , 0.201 , 332.024 , 332.557024
0.332488 , 0.201 , 332.488 , 333.021488
0.332984 , 0.2 , 332.984 , 333.516984
0.333458 , 0.185 , 333.458 , 333.976458
0.333922 , 0.201 , 333.922 , 334.456922
0.334386 , 0.2 , 334.386 , 334.920386
0.334862 , 0.2 , 334.862 , 335.396862
0.335356 , 0.185 , 335.356 , 335.876356
0.33583 , 0.179 , 335.83 , 336.34483
0.336264 , 0.201 , 336.264 , 336.801264
0.336728 , 0.2 , 336.728 , 337.264728
0.337192 , 0.201 , 337.192 , 337.730192
0.337666 , 0.2 , 337.666 , 338.203666
0.33816 , 0.185 , 338.16 , 338.68316
0.338636 , 0.196 , 338.636 , 339.170636
0.339098 , 0.2 , 339.098 , 339.637098
0.33956 , 0.201 , 339.56 , 340.10056
0.340036 , 0.2 , 340.036 , 340.576036
0.3405 , 0.2 , 340.5 , 341.0405
0.340962 , 0.216 , 340.962 , 341.518962
0.341468 , 0.201 , 341.468 , 342.010468
0.341932 , 0.2 , 341.932 , 342.473932
0.342394 , 0.201 , 342.394 , 342.937394
0.34287 , 0.2 , 342.87 , 343.41287
0.343334 , 0.2 , 343.334 , 343.877334
0.343831 , 0.183 , 343.831 , 344.357831
0.344274 , 0.2 , 344.274 , 344.818274
0.344768 , 0.201 , 344.768 , 345.313768
0.345244 , 0.199 , 345.244 , 345.788244
0.345708 , 0.2 , 345.708 , 346.253708
0.34617 , 0.2 , 346.17 , 346.71617
0.346646 , 0.201 , 346.646 , 347.193646
0.347142 , 0.185 , 347.142 , 347.674142
0.347606 , 0.183 , 347.606 , 348.136606
0.348078 , 0.185 , 348.078 , 348.611078
0.348542 , 0.185 , 348.542 , 349.075542
0.349006 , 0.185 , 349.006 , 349.540006
0.34945 , 0.201 , 349.45 , 350.00045
0.349944 , 0.185 , 349.944 , 350.478944
0.35041 , 0.184 , 350.41 , 350.94441
0.350884 , 0.185 , 350.884 , 351.419884
0.351346 , 0.201 , 351.346 , 351.898346
0.351854 , 0.197 , 351.854 , 352.402854
0.352318 , 0.2 , 352.318 , 352.870318
0.35278 , 0.201 , 352.78 , 353.33378
0.353256 , 0.2 , 353.256 , 353.809256
0.35375 , 0.185 , 353.75 , 354.28875
0.354214 , 0.2 , 354.214 , 354.768214
0.35469 , 0.185 , 354.69 , 355.22969
0.355152 , 0.201 , 355.152 , 355.708152
0.355616 , 0.2 , 355.616 , 356.171616
0.35609 , 0.201 , 356.09 , 356.64709
0.356586 , 0.2 , 356.586 , 357.142586
0.35806 , 0.201 , 357.06 , 357.61906
0.357544 , 0.191 , 357.544 , 358.092544
0.35802 , 0.184 , 358.02 , 358.56202
0.358462 , 0.201 , 358.462 , 359.021462
0.358958 , 0.185 , 358.958 , 359.501958
0.359422 , 0.184 , 359.422 , 359.965422
0.359864 , 0.201 , 359.864 , 360.424864
0.36036 , 0.185 , 360.36 , 360.90536
0.360824 , 0.2 , 360.824 , 361.384824
0.361298 , 0.185 , 361.298 , 361.844298
0.361762 , 0.184 , 361.762 , 362.307762
0.362224 , 0.2 , 362.224 , 362.786224
0.3787 , 0.184 , 362.7 , 363.2627
0.363162 , 0.2 , 363.162 , 363.725162
0.363624 , 0.2 , 363.624 , 364.187624
0.3641 , 0.2 , 364.1 , 364.6641
0.364562 , 0.2 , 364.562 , 365.126562
0.365024 , 0.2 , 365.024 , 365.589024
0.3655 , 0.2 , 365.5 , 366.0655
0.365962 , 0.2 , 365.962 , 366.527962
0.366464 , 0.18 , 366.464 , 367.010464
0.3669 , 0.2 , 366.9 , 367.4669
0.367394 , 0.184 , 367.394 , 367.945394
0.367858 , 0.183 , 367.858 , 368.408858
0.3683 , 0.2 , 368.3 , 368.8683
0.368762 , 0.2 , 368.762 , 369.330762
0.369224 , 0.2 , 369.224 , 369.793224
0.3697 , 0.184 , 369.7 , 370.2537
0.370162 , 0.184 , 370.162 , 370.716162
0.370624 , 0.2 , 370.624 , 371.194624
0.3711 , 0.2 , 371.1 , 371.6711
0.371562 , 0.2 , 371.562 , 372.133562
0.372024 , 0.201 , 372.024 , 372.597024
0.3725 , 0.184 , 372.5 , 373.0565
0.372962 , 0.184 , 372.962 , 373.518962
0.373424 , 0.2 , 373.424 , 373.997424
0.3739 , 0.2 , 373.9 , 374.4739
0.374362 , 0.2 , 374.362 , 374.936362
0.37486 , 0.182 , 374.86 , 375.41686
0.3753 , 0.2 , 375.3 , 375.8753
0.375794 , 0.184 , 375.794 , 376.353794
0.376268 , 0.2 , 376.268 , 376.844268
0.37673 , 0.2 , 376.73 , 377.30673
0.377224 , 0.184 , 377.224 , 377.785224
0.377698 , 0.185 , 377.698 , 378.260698
0.37813 , 0.2 , 378.13 , 378.70813
0.378624 , 0.184 , 378.624 , 379.186624
0.379068 , 0.2 , 379.068 , 379.647068
0.37953 , 0.2 , 379.53 , 380.10953
0.380024 , 0.184 , 380.024 , 380.588024
0.380468 , 0.2 , 380.468 , 381.048468
0.380962 , 0.184 , 380.962 , 381.526962
0.381424 , 0.2 , 381.424 , 382.005424
0.381898 , 0.185 , 381.898 , 382.464898
0.382362 , 0.184 , 382.362 , 382.928362
0.382792 , 0.185 , 382.792 , 383.359792
0.383258 , 0.183 , 383.258 , 383.824258
0.3837 , 0.184 , 383.7 , 384.2677
0.38413 , 0.185 , 384.13 , 384.69913
0.384592 , 0.185 , 384.592 , 385.161592
0.385056 , 0.185 , 385.056 , 385.626056
0.3855 , 0.185 , 385.5 , 386.0705
0.385932 , 0.201 , 385.932 , 386.518932
0.386396 , 0.201 , 386.396 , 386.983396
0.386872 , 0.196 , 386.872 , 387.454872
0.387336 , 0.184 , 387.336 , 387.907336
0.387798 , 0.185 , 387.798 , 388.370798
0.38823 , 0.2 , 388.23 , 388.81823
0.388706 , 0.184 , 388.706 , 389.278706
0.389138 , 0.185 , 389.138 , 389.712138
0.389602 , 0.185 , 389.602 , 390.176602
0.390072 , 0.181 , 390.072 , 390.643072
0.39051 , 0.185 , 390.51 , 391.08551
0.390974 , 0.185 , 390.974 , 391.549974
0.391438 , 0.184 , 391.438 , 392.013438
0.391912 , 0.185 , 391.912 , 392.488912
0.392376 , 0.185 , 392.376 , 392.953376
0.392808 , 0.2 , 392.808 , 393.400808
0.393282 , 0.179 , 393.282 , 393.854282
0.393716 , 0.185 , 393.716 , 394.294716
0.39418 , 0.185 , 394.18 , 394.75918
0.394612 , 0.184 , 394.612 , 395.190612
0.395075 , 0.183 , 395.075 , 395.653075
0.395518 , 0.185 , 395.518 , 396.098518
0.39595 , 0.185 , 395.95 , 396.53095
0.396414 , 0.2 , 396.414 , 397.010414
0.39689 , 0.178 , 396.89 , 397.46489
0.397352 , 0.185 , 397.352 , 397.934352
0.397816 , 0.185 , 397.816 , 398.398816
0.398248 , 0.184 , 398.248 , 398.830248
0.398722 , 0.185 , 398.722 , 399.305722
0.399218 , 0.184 , 399.218 , 399.801218
0.400692 , 0.195 , 399.692 , 400.287692
0.400188 , 0.184 , 400.188 , 400.772188
0.40065 , 0.2 , 400.65 , 401.25065
0.401156 , 0.185 , 401.156 , 401.742156
0.40162 , 0.184 , 401.62 , 402.20562
0.402092 , 0.18 , 402.092 , 402.674092
0.402526 , 0.185 , 402.526 , 403.113526
0.40299 , 0.185 , 402.99 , 403.57799
0.403422 , 0.185 , 403.422 , 404.010422
0.419854 , 0.184 , 403.854 , 404.457854
0.404328 , 0.183 , 404.328 , 404.915328
0.40476 , 0.185 , 404.76 , 405.34976
0.405192 , 0.185 , 405.192 , 405.782192
0.405656 , 0.184 , 405.656 , 406.245656
0.4061 , 0.195 , 406.1 , 406.7011
0.406568 , 0.182 , 406.568 , 407.156568
0.406994 , 0.185 , 406.994 , 407.585994
0.40746 , 0.183 , 407.46 , 408.05046
0.4079 , 0.2 , 407.9 , 408.5079
0.408364 , 0.185 , 408.364 , 408.957364
0.408796 , 0.185 , 408.796 , 409.389796
0.40926 , 0.184 , 409.26 , 409.85326
0.409704 , 0.178 , 409.704 , 410.291704
0.410136 , 0.185 , 410.136 , 410.731136
0.410568 , 0.185 , 410.568 , 411.163568
0.411032 , 0.169 , 411.032 , 411.612032
0.411462 , 0.185 , 411.462 , 412.058462
0.411906 , 0.179 , 411.906 , 412.496906
0.412338 , 0.185 , 412.338 , 412.935338
0.412802 , 0.185 , 412.802 , 413.399802
0.413236 , 0.184 , 413.236 , 413.833236
0.413708 , 0.179 , 413.708 , 414.300708
0.414142 , 0.185 , 414.142 , 414.741142
0.414574 , 0.185 , 414.574 , 415.173574
0.415036 , 0.185 , 415.036 , 415.636036
0.415468 , 0.184 , 415.468 , 416.067468
0.415914 , 0.178 , 415.914 , 416.507914
0.416344 , 0.185 , 416.344 , 416.945344
0.416808 , 0.185 , 416.808 , 417.409808
0.41724 , 0.185 , 417.24 , 417.84224
0.417674 , 0.184 , 417.674 , 418.275674
0.418116 , 0.201 , 418.116 , 418.735116
0.41858 , 0.185 , 418.58 , 419.18358
0.419044 , 0.184 , 419.044 , 419.647044
0.419474 , 0.185 , 419.474 , 420.078474
0.41992 , 0.178 , 419.92 , 420.51792
0.420352 , 0.185 , 420.352 , 420.957352
0.420816 , 0.169 , 420.816 , 421.405816
0.421248 , 0.184 , 421.248 , 421.853248
0.42168 , 0.184 , 421.68 , 422.28568
0.422122 , 0.201 , 422.122 , 422.745122
0.422586 , 0.185 , 422.586 , 423.193586
0.42305 , 0.185 , 423.05 , 423.65805
0.423482 , 0.2 , 423.482 , 424.105482
0.424956 , 0.182 , 423.956 , 424.562956
0.424388 , 0.169 , 424.388 , 424.981388
0.42482 , 0.185 , 424.82 , 425.42982
0.425254 , 0.184 , 425.254 , 425.863254
0.425686 , 0.184 , 425.686 , 426.295686
0.426128 , 0.179 , 426.128 , 426.733128
0.426562 , 0.185 , 426.562 , 427.173562
0.427024 , 0.17 , 427.024 , 427.621024
0.42746 , 0.183 , 427.46 , 428.07046
0.427888 , 0.184 , 427.888 , 428.499888
0.428362 , 0.185 , 428.362 , 428.975362
0.428794 , 0.185 , 428.794 , 429.407794
0.429228 , 0.184 , 429.228 , 429.841228
0.42969 , 0.169 , 429.69 , 430.28869
0.430128 , 0.181 , 430.128 , 430.739128
0.430564 , 0.185 , 430.564 , 431.179564
0.430996 , 0.184 , 430.996 , 431.610996
0.447428 , 0.184 , 431.428 , 432.059428
0.43189 , 0.185 , 431.89 , 432.50689
0.432334 , 0.178 , 432.334 , 432.944334
0.432764 , 0.185 , 432.764 , 433.381764
0.433228 , 0.184 , 433.228 , 433.845228
0.433658 , 0.185 , 433.658 , 434.276658
0.434132 , 0.179 , 434.132 , 434.745132
0.434564 , 0.183 , 434.564 , 435.181564
0.450996 , 0.168 , 434.996 , 435.614996
0.435428 , 0.184 , 435.428 , 436.047428
0.435858 , 0.185 , 435.858 , 436.478858
0.43629 , 0.184 , 436.29 , 436.91029
0.436734 , 0.178 , 436.734 , 437.348734
0.437164 , 0.185 , 437.164 , 437.786164
0.437628 , 0.184 , 437.628 , 438.249628
0.438058 , 0.185 , 438.058 , 438.681058
0.43849 , 0.184 , 438.49 , 439.11249
0.438934 , 0.179 , 438.934 , 439.551934
0.439368 , 0.185 , 439.368 , 439.992368
0.4398 , 0.185 , 439.8 , 440.4248
0.440232 , 0.185 , 440.232 , 440.857232
0.440664 , 0.185 , 440.664 , 441.289664
0.441096 , 0.184 , 441.096 , 441.721096
0.44154 , 0.179 , 441.54 , 442.16054
0.441972 , 0.185 , 441.972 , 442.598972
0.442436 , 0.169 , 442.436 , 443.047436
0.442868 , 0.169 , 442.868 , 443.479868
0.4433 , 0.185 , 443.3 , 443.9283
0.443744 , 0.179 , 443.744 , 444.366744
0.444178 , 0.184 , 444.178 , 444.806178
0.44461 , 0.185 , 444.61 , 445.23961
0.445042 , 0.185 , 445.042 , 445.672042
0.445506 , 0.184 , 445.506 , 446.135506
0.445948 , 0.179 , 445.948 , 446.572948
0.446382 , 0.185 , 446.382 , 447.013382
0.446814 , 0.185 , 446.814 , 447.445814
0.447248 , 0.184 , 447.248 , 447.879248
0.44771 , 0.169 , 447.71 , 448.32671
0.448148 , 0.181 , 448.148 , 448.777148
0.448584 , 0.183 , 448.584 , 449.215584
0.449016 , 0.185 , 449.016 , 449.650016
0.44945 , 0.185 , 449.45 , 450.08445
0.449882 , 0.184 , 449.882 , 450.515882
0.450348 , 0.167 , 450.348 , 450.965348
0.45079 , 0.184 , 450.79 , 451.42479
0.45122 , 0.185 , 451.22 , 451.85622
0.451652 , 0.185 , 451.652 , 452.288652
0.452116 , 0.185 , 452.116 , 452.753116
0.45256 , 0.178 , 452.56 , 453.19056
0.452992 , 0.2 , 452.992 , 453.644992
0.453486 , 0.17 , 453.486 , 454.109486
0.453918 , 0.169 , 453.918 , 454.540918
0.45436 , 0.163 , 454.36 , 454.97736
0.454762 , 0.195 , 454.762 , 455.411762
0.455226 , 0.185 , 455.226 , 455.866226
0.455658 , 0.185 , 455.658 , 456.298658
0.45609 , 0.184 , 456.09 , 456.73009
0.456562 , 0.18 , 456.562 , 457.198562
0.456996 , 0.185 , 456.996 , 457.637996
0.457428 , 0.186 , 457.428 , 458.071428
0.457892 , 0.17 , 457.892 , 458.519892
0.458326 , 0.185 , 458.326 , 458.969326
0.45877 , 0.178 , 458.77 , 459.40677
0.4602 , 0.183 , 459.2 , 459.8432
0.475632 , 0.169 , 459.632 , 460.276632
0.460064 , 0.17 , 460.064 , 460.694064
0.460498 , 0.184 , 460.498 , 461.142498
0.460928 , 0.184 , 460.928 , 461.572928
0.46137 , 0.201 , 461.37 , 462.03237
0.461834 , 0.185 , 461.834 , 462.480834
0.462298 , 0.169 , 462.298 , 462.929298
0.46273 , 0.185 , 462.73 , 463.37773
0.463176 , 0.178 , 463.176 , 463.817176
0.463606 , 0.185 , 463.606 , 464.254606
0.464038 , 0.185 , 464.038 , 464.687038
0.464472 , 0.185 , 464.472 , 465.121472
0.464904 , 0.184 , 464.904 , 465.552904
0.465372 , 0.181 , 465.372 , 466.018372
0.46581 , 0.184 , 465.81 , 466.45981
0.46624 , 0.186 , 466.24 , 466.89224
0.466704 , 0.185 , 466.704 , 467.355704
0.467136 , 0.185 , 467.136 , 467.788136
0.46758 , 0.178 , 467.58 , 468.22558
0.468012 , 0.184 , 468.012 , 468.664012
0.468444 , 0.185 , 468.444 , 469.097444
0.468876 , 0.185 , 468.876 , 469.529876
0.469308 , 0.185 , 469.308 , 469.962308
0.469772 , 0.168 , 469.772 , 470.409772
0.470184 , 0.178 , 470.184 , 470.832184
0.470616 , 0.185 , 470.616 , 471.271616
0.47105 , 0.185 , 471.05 , 471.70605
0.471512 , 0.185 , 471.512 , 472.168512
0.471944 , 0.186 , 471.944 , 472.601944
0.472388 , 0.179 , 472.388 , 473.039388
0.472852 , 0.169 , 472.852 , 473.493852
0.473284 , 0.169 , 473.284 , 473.926284
0.473716 , 0.184 , 473.716 , 474.373716
0.474146 , 0.185 , 474.146 , 474.805146
0.474592 , 0.178 , 474.592 , 475.244592
0.475022 , 0.182 , 475.022 , 475.679022
0.475454 , 0.17 , 475.454 , 476.099454
0.475888 , 0.185 , 475.888 , 476.548888
0.47632 , 0.184 , 476.32 , 476.98032
0.476752 , 0.184 , 476.752 , 477.412752
0.477194 , 0.2 , 477.194 , 477.871194
0.477658 , 0.216 , 477.658 , 478.351658
0.478154 , 0.183 , 478.154 , 478.815154
0.478594 , 0.179 , 478.594 , 479.251594
0.479028 , 0.185 , 479.028 , 479.692028
0.47946 , 0.185 , 479.46 , 480.12446
0.479924 , 0.169 , 479.924 , 480.572924
0.480356 , 0.169 , 480.356 , 481.005356
0.495798 , 0.164 , 480.798 , 481.457798
0.48123 , 0.179 , 481.23 , 481.89023
0.481662 , 0.168 , 481.662 , 482.311662
0.482092 , 0.185 , 482.092 , 482.759092
0.482524 , 0.184 , 482.524 , 483.190524
0.482956 , 0.2 , 482.956 , 483.638956
0.48343 , 0.184 , 483.43 , 484.09743
0.483862 , 0.184 , 483.862 , 484.529862
0.484292 , 0.185 , 484.292 , 484.961292
0.484724 , 0.184 , 484.724 , 485.392724
0.485192 , 0.182 , 485.192 , 485.859192
0.48563 , 0.179 , 485.63 , 486.29463
0.486062 , 0.168 , 486.062 , 486.716062
0.486492 , 0.169 , 486.492 , 487.147492
0.486924 , 0.169 , 486.924 , 487.579924
0.487356 , 0.169 , 487.356 , 488.012356
0.4878 , 0.178 , 487.8 , 488.4658
0.48823 , 0.185 , 488.23 , 488.90323
0.488664 , 0.185 , 488.664 , 489.337664
0.489128 , 0.184 , 489.128 , 489.801128
0.489558 , 0.184 , 489.558 , 490.231558
0.490002 , 0.178 , 490.002 , 490.670002
0.490432 , 0.185 , 490.432 , 491.107432
0.490864 , 0.185 , 490.864 , 491.539864
0.491298 , 0.169 , 491.298 , 491.958298
0.49173 , 0.184 , 491.73 , 492.40573
0.492162 , 0.184 , 492.162 , 492.838162
0.492606 , 0.178 , 492.606 , 493.276606
0.493038 , 0.179 , 493.038 , 493.710038
0.493468 , 0.169 , 493.468 , 494.130468
0.4939 , 0.185 , 493.9 , 494.5789
0.494364 , 0.169 , 494.364 , 495.027364
0.494808 , 0.178 , 494.808 , 495.480808
0.49524 , 0.185 , 495.24 , 495.92024
0.495704 , 0.185 , 495.704 , 496.384704
0.496136 , 0.184 , 496.136 , 496.816136
0.496568 , 0.184 , 496.568 , 497.248568
0.49701 , 0.179 , 497.01 , 497.68601
0.497446 , 0.183 , 497.446 , 498.126446
0.497874 , 0.185 , 497.874 , 498.556874
0.498338 , 0.17 , 498.338 , 499.006338
0.49877 , 0.169 , 498.77 , 499.43777
0.499208 , 0.166 , 499.208 , 499.873208
0.500614 , 0.198 , 499.614 , 500.312614
0.500076 , 0.185 , 500.076 , 500.761076
0.50051 , 0.185 , 500.51 , 501.19551
0.500974 , 0.184 , 500.974 , 501.658974
0.501416 , 0.179 , 501.416 , 502.096416
0.501848 , 0.185 , 501.848 , 502.534848
0.50228 , 0.185 , 502.28 , 502.96728
0.502728 , 0.169 , 502.728 , 503.399728
0.503176 , 0.169 , 503.176 , 503.848176
0.503614 , 0.166 , 503.614 , 504.283614
0.504022 , 0.178 , 504.022 , 504.704022
0.504454 , 0.184 , 504.454 , 505.142454
0.504916 , 0.215 , 504.916 , 505.635916
0.505422 , 0.198 , 505.422 , 506.125422
0.505884 , 0.185 , 505.884 , 506.574884
0.506348 , 0.169 , 506.348 , 507.023348
0.50678 , 0.201 , 506.78 , 507.48778
0.507256 , 0.185 , 507.256 , 507.948256
0.507688 , 0.185 , 507.688 , 508.380688
0.508152 , 0.168 , 508.152 , 508.828152
0.524582 , 0.169 , 508.582 , 509.275582
0.509026 , 0.178 , 509.026 , 509.713026
0.509458 , 0.184 , 509.458 , 510.151458
0.509888 , 0.185 , 509.888 , 510.582888
0.510322 , 0.185 , 510.322 , 511.017322
0.510754 , 0.185 , 510.754 , 511.449754
0.511186 , 0.184 , 511.186 , 511.881186
0.51163 , 0.179 , 511.63 , 512.32063
0.512062 , 0.185 , 512.062 , 512.759062
0.512494 , 0.184 , 512.494 , 513.190494
0.512926 , 0.184 , 512.926 , 513.622926
0.513388 , 0.184 , 513.388 , 514.085388
0.513832 , 0.196 , 513.832 , 514.541832
0.514296 , 0.185 , 514.296 , 514.995296
0.514728 , 0.201 , 514.728 , 515.443728
0.515192 , 0.184 , 515.192 , 515.891192
0.515636 , 0.2 , 515.636 , 516.351636
0.51613 , 0.195 , 516.13 , 516.84113
0.516596 , 0.216 , 516.596 , 517.328596
0.517196 , 0.334 , 517.196 , 518.047196
0.519017 , 0.347 , 518.017 , 518.883017
0.519866 , 0.362 , 518.866 , 519.747866
0.51976 , 0.279 , 519.76 , 520.55876
0.520394 , 0.185 , 520.394 , 521.099394
0.520858 , 0.185 , 520.858 , 521.563858
0.52132 , 0.201 , 521.32 , 522.04232
0.522798 , 0.199 , 521.798 , 522.519798
0.522266 , 0.199 , 522.266 , 522.987266
0.52273 , 0.185 , 522.73 , 523.43773
0.523194 , 0.185 , 523.194 , 523.902194
0.523668 , 0.196 , 523.668 , 524.387668
0.524132 , 0.184 , 524.132 , 524.840132
0.524594 , 0.185 , 524.594 , 525.303594
0.525064 , 0.181 , 525.064 , 525.770064
0.525502 , 0.2 , 525.502 , 526.227502
0.525996 , 0.2 , 525.996 , 526.721996
0.526472 , 0.2 , 526.472 , 527.198472
0.526934 , 0.21 , 526.934 , 527.670934
0.527438 , 0.186 , 527.438 , 528.151438
0.527886 , 0.2 , 527.886 , 528.613886
0.52835 , 0.185 , 528.35 , 529.06335
0.528814 , 0.184 , 528.814 , 529.526814
0.530256 , 0.198 , 529.256 , 529.984256
0.529734 , 0.19 , 529.734 , 530.453734
0.530188 , 0.185 , 530.188 , 530.903188
0.530652 , 0.185 , 530.652 , 531.367652
0.532114 , 0.198 , 531.114 , 531.844114
0.53158 , 0.198 , 531.58 , 532.30958
0.532056 , 0.198 , 532.056 , 532.786056
0.532522 , 0.185 , 532.522 , 533.239522
0.532986 , 0.201 , 532.986 , 533.719986
0.534464 , 0.193 , 533.464 , 534.191464
0.533926 , 0.185 , 533.926 , 534.644926
0.53439 , 0.184 , 534.39 , 535.10839
0.53486 , 0.18 , 534.86 , 535.57486
0.535326 , 0.185 , 535.326 , 536.046326
0.53579 , 0.2 , 535.79 , 536.52579
0.536264 , 0.179 , 536.264 , 536.979264
0.536696 , 0.201 , 536.696 , 537.433696
0.53716 , 0.208 , 537.16 , 537.90516
0.537654 , 0.185 , 537.654 , 538.376654
0.5381 , 0.2 , 538.1 , 538.8381
0.538594 , 0.197 , 538.594 , 539.329594
0.54005 , 0.197 , 539.05 , 539.78705
0.540514 , 0.194 , 539.514 , 540.248514
0.539978 , 0.18 , 539.978 , 540.697978
0.541414 , 0.206 , 540.414 , 541.161414
0.556908 , 0.176 , 540.908 , 541.640908
0.541366 , 0.185 , 541.366 , 542.092366
0.54183 , 0.194 , 541.83 , 542.56583
0.54228 , 0.207 , 542.28 , 543.02928
0.54277 , 0.185 , 542.77 , 543.49777
0.543234 , 0.185 , 543.234 , 543.962234
0.543696 , 0.201 , 543.696 , 544.440696
0.544172 , 0.185 , 544.172 , 544.901172
0.544636 , 0.185 , 544.636 , 545.365636
0.5451 , 0.184 , 545.1 , 545.8291
0.545544 , 0.199 , 545.544 , 546.288544
0.546006 , 0.201 , 546.006 , 546.753006
0.54747 , 0.205 , 546.47 , 547.22247
0.54696 , 0.191 , 546.96 , 547.69796
0.547418 , 0.184 , 547.418 , 548.149418
0.54788 , 0.185 , 547.88 , 548.61288
0.548344 , 0.184 , 548.344 , 549.076344
0.54882 , 0.185 , 548.82 , 549.55382
0.549284 , 0.185 , 549.284 , 550.018284
0.549746 , 0.201 , 549.746 , 550.496746
0.550222 , 0.185 , 550.222 , 550.957222
0.550686 , 0.185 , 550.686 , 551.421686
0.55115 , 0.184 , 551.15 , 551.88515
0.551594 , 0.2 , 551.594 , 552.345594
0.552088 , 0.197 , 552.088 , 552.837088
0.552566 , 0.193 , 552.566 , 553.311566
0.553028 , 0.185 , 553.028 , 553.766028
0.553492 , 0.185 , 553.492 , 554.230492
0.553956 , 0.2 , 553.956 , 554.709956
0.554436 , 0.18 , 554.436 , 555.170436
0.5549 , 0.194 , 554.9 , 555.6489
0.555364 , 0.184 , 555.364 , 556.103364
0.555826 , 0.185 , 555.826 , 556.566826
0.556258 , 0.2 , 556.258 , 557.014258
0.556734 , 0.201 , 556.734 , 557.491734
0.557198 , 0.2 , 557.198 , 557.955198
0.557662 , 0.2 , 557.662 , 558.419662
0.558138 , 0.2 , 558.138 , 558.896138
0.5586 , 0.201 , 558.6 , 559.3596
0.559064 , 0.2 , 559.064 , 559.823064
0.55954 , 0.2 , 559.54 , 560.29954
0.560004 , 0.2 , 560.004 , 560.764004
0.560466 , 0.2 , 560.466 , 561.226466
0.560942 , 0.185 , 560.942 , 561.687942
0.561406 , 0.185 , 561.406 , 562.152406
0.56187 , 0.184 , 561.87 , 562.61587
0.562314 , 0.195 , 562.314 , 563.071314
0.562778 , 0.184 , 562.778 , 563.524778
0.56324 , 0.2 , 563.24 , 564.00324
0.563716 , 0.199 , 563.716 , 564.478716
0.564178 , 0.185 , 564.178 , 564.927178
0.564642 , 0.2 , 564.642 , 565.406642
0.565118 , 0.179 , 565.118 , 565.862118
0.56555 , 0.201 , 565.55 , 566.31655
0.566014 , 0.201 , 566.014 , 566.781014
0.566495 , 0.176 , 566.495 , 567.237495
0.566954 , 0.185 , 566.954 , 567.705954
0.567386 , 0.209 , 567.386 , 568.162386
0.56788 , 0.18 , 567.88 , 568.62788
0.568316 , 0.185 , 568.316 , 569.069316
Total GPU = 348516.34328