#Qurey Time, Memory allocation , I/O Time , Total
0 , 0 , 28.182 , 28.182
0 , 0 , 28.182 , 28.182
0 , 0 , 28.182 , 28.182
0 , 0 , 28.212 , 28.212
0 , 0 , 28.212 , 28.212
0 , 0 , 28.212 , 28.212
0 , 0 , 28.212 , 28.212
0 , 0 , 28.212 , 28.212
0.002 , 0 , 28.244 , 28.246
0.002 , 0 , 28.252 , 28.254
0 , 0 , 28.256 , 28.256
0 , 0 , 28.256 , 28.256
0.016 , 0 , 28.256 , 28.272
0 , 0 , 28.288 , 28.288
0 , 0 , 28.288 , 28.288
0 , 0 , 28.288 , 28.288
0 , 0 , 28.288 , 28.288
0 , 0 , 28.318 , 28.318
0 , 0 , 28.318 , 28.318
0 , 0 , 28.382 , 28.382
0 , 0 , 28.412 , 28.412
0.001 , 0.016 , 28.412 , 28.429
0.001 , 0 , 28.453 , 28.454
0 , 0 , 28.456 , 28.456
0 , 0 , 28.456 , 28.456
0 , 0 , 28.488 , 28.488
0 , 0 , 28.488 , 28.488
0 , 0 , 28.52 , 28.52
0 , 0 , 28.55 , 28.55
0 , 0 , 28.582 , 28.582
0 , 0 , 28.582 , 28.582
0 , 0 , 28.614 , 28.614
0 , 0 , 28.614 , 28.614
0.001 , 0.015 , 28.614 , 28.63
0 , 0 , 28.652 , 28.653
0 , 0 , 28.658 , 28.658
0 , 0 , 28.658 , 28.658
0 , 0 , 28.658 , 28.658
0 , 0 , 28.688 , 28.688
0 , 0 , 28.688 , 28.688
0 , 0 , 28.72 , 28.72
0 , 0 , 28.72 , 28.72
0 , 0 , 28.736 , 28.736
0 , 0 , 28.752 , 28.752
0 , 0 , 28.752 , 28.752
0 , 0 , 28.752 , 28.752
0 , 0 , 28.782 , 28.782
0 , 0 , 28.782 , 28.782
0 , 0 , 28.782 , 28.782
0 , 0 , 28.782 , 28.782
0 , 0 , 28.814 , 28.814
0 , 0 , 28.814 , 28.814
0 , 0 , 28.814 , 28.814
0.001 , 0 , 28.848 , 28.849
0 , 0 , 28.857 , 28.857
0 , 0 , 28.858 , 28.858
0 , 0 , 28.858 , 28.858
0 , 0 , 28.858 , 28.858
0 , 0 , 28.888 , 28.888
0 , 0 , 28.888 , 28.888
0 , 0 , 28.888 , 28.888
0 , 0 , 28.92 , 28.92
0 , 0 , 28.92 , 28.92
0 , 0 , 28.92 , 28.92
0 , 0 , 28.952 , 28.952
0 , 0 , 28.952 , 28.952
0 , 0 , 28.952 , 28.952
0 , 0 , 28.982 , 28.982
0 , 0 , 28.982 , 28.982
0 , 0 , 28.982 , 28.982
0 , 0 , 29.014 , 29.014
0 , 0 , 29.014 , 29.014
0 , 0 , 29.014 , 29.014
0.001 , 0 , 29.05 , 29.051
0 , 0 , 29.058 , 29.058
0 , 0 , 29.058 , 29.058
0 , 0 , 29.058 , 29.058
0 , 0 , 29.09 , 29.09
0 , 0 , 29.09 , 29.09
0.015 , 0 , 29.09 , 29.105
0 , 0 , 29.12 , 29.12
0 , 0 , 29.12 , 29.12
0 , 0 , 29.152 , 29.152
0 , 0 , 29.152 , 29.152
0 , 0 , 29.152 , 29.152
0 , 0 , 29.182 , 29.182
0 , 0 , 29.182 , 29.182
0 , 0 , 29.214 , 29.214
0 , 0 , 29.214 , 29.214
0 , 0 , 29.214 , 29.214
0 , 0 , 29.256 , 29.256
0 , 0 , 29.29 , 29.29
0 , 0 , 29.29 , 29.29
0 , 0 , 29.29 , 29.29
0 , 0 , 29.322 , 29.322
0 , 0 , 29.322 , 29.322
0 , 0 , 29.352 , 29.352
0 , 0 , 29.352 , 29.352
0 , 0 , 29.384 , 29.384
0 , 0 , 29.384 , 29.384
0 , 0 , 29.414 , 29.414
0 , 0 , 29.414 , 29.414
0.001 , 0.016 , 29.414 , 29.431
0 , 0 , 29.458 , 29.458
0 , 0 , 29.458 , 29.458
0 , 0 , 29.458 , 29.458
0 , 0 , 29.49 , 29.49
0.015 , 0 , 29.49 , 29.505
0 , 0 , 29.52 , 29.52
0 , 0 , 29.52 , 29.52
0 , 0 , 29.552 , 29.552
0 , 0 , 29.552 , 29.552
0 , 0 , 29.584 , 29.584
0 , 0 , 29.584 , 29.584
0 , 0 , 29.614 , 29.614
0 , 0 , 29.614 , 29.614
0 , 0 , 29.658 , 29.658
0 , 0 , 29.658 , 29.658
0 , 0 , 29.674 , 29.674
0 , 0 , 29.69 , 29.69
0 , 0 , 29.722 , 29.722
0 , 0 , 29.722 , 29.722
0 , 0 , 29.752 , 29.752
0 , 0 , 29.752 , 29.752
0 , 0 , 29.784 , 29.784
0 , 0 , 29.784 , 29.784
0 , 0 , 29.816 , 29.816
0 , 0 , 29.816 , 29.816
0 , 0 , 29.856 , 29.856
0 , 0 , 29.858 , 29.858
0 , 0 , 29.89 , 29.89
0 , 0 , 29.89 , 29.89
0 , 0 , 29.922 , 29.922
0 , 0 , 29.922 , 29.922
0 , 0 , 29.952 , 29.952
0 , 0 , 29.952 , 29.952
0 , 0 , 29.984 , 29.984
0.015 , 0 , 29.984 , 29.999
0 , 0 , 30.014 , 30.014
0.001 , 0 , 30.05 , 30.051
0 , 0 , 30.06 , 30.06
0 , 0 , 30.06 , 30.06
0 , 0 , 30.09 , 30.09
0 , 0 , 30.122 , 30.122
0 , 0 , 30.122 , 30.122
0 , 0 , 30.152 , 30.152
0 , 0 , 30.152 , 30.152
0 , 0 , 30.184 , 30.184
0 , 0 , 30.216 , 30.216
0 , 0 , 30.216 , 30.216
0 , 0 , 30.258 , 30.258
0 , 0 , 30.258 , 30.258
0 , 0 , 30.29 , 30.29
0 , 0 , 30.29 , 30.29
0 , 0 , 30.322 , 30.322
0 , 0 , 30.352 , 30.352
0 , 0 , 30.352 , 30.352
0 , 0 , 30.384 , 30.384
0 , 0 , 30.416 , 30.416
0 , 0 , 30.416 , 30.416
0 , 0 , 30.458 , 30.458
0 , 0 , 30.458 , 30.458
0 , 0 , 30.49 , 30.49
0 , 0 , 30.522 , 30.522
0 , 0 , 30.522 , 30.522
0 , 0 , 30.552 , 30.552
0 , 0 , 30.584 , 30.584
0 , 0 , 30.584 , 30.584
0 , 0 , 30.614 , 30.614
0 , 0.001 , 30.65 , 30.651
0 , 0 , 30.658 , 30.658
0 , 0 , 30.69 , 30.69
0 , 0 , 30.69 , 30.69
0 , 0 , 30.72 , 30.72
0 , 0 , 30.752 , 30.752
0 , 0 , 30.752 , 30.752
0 , 0 , 30.784 , 30.784
0 , 0 , 30.814 , 30.814
0.001 , 0 , 30.848 , 30.849
0 , 0 , 30.858 , 30.858
0 , 0 , 30.89 , 30.89
0 , 0 , 30.89 , 30.89
0 , 0 , 30.922 , 30.922
0 , 0 , 30.952 , 30.952
0 , 0 , 30.984 , 30.984
0 , 0 , 30.984 , 30.984
0 , 0 , 31.016 , 31.016
0 , 0 , 31.054 , 31.054
0 , 0 , 31.06 , 31.06
0 , 0 , 31.09 , 31.09
0 , 0 , 31.122 , 31.122
0 , 0 , 31.122 , 31.122
0 , 0 , 31.154 , 31.154
0 , 0 , 31.184 , 31.184
0 , 0 , 31.216 , 31.216
0.015 , 0 , 31.216 , 31.231
0 , 0 , 31.26 , 31.26
0 , 0 , 31.29 , 31.29
0 , 0 , 31.29 , 31.29
0 , 0 , 31.322 , 31.322
0 , 0 , 31.352 , 31.352
0 , 0 , 31.384 , 31.384
0 , 0 , 31.416 , 31.416
0 , 0 , 31.416 , 31.416
0 , 0 , 31.458 , 31.458
0 , 0 , 31.49 , 31.49
0 , 0 , 31.49 , 31.49
0 , 0 , 31.522 , 31.522
0 , 0 , 31.552 , 31.552
0 , 0 , 31.584 , 31.584
0 , 0 , 31.616 , 31.616
0 , 0 , 31.616 , 31.616
0 , 0 , 31.658 , 31.658
0 , 0 , 31.69 , 31.69
0 , 0 , 31.72 , 31.72
0 , 0 , 31.72 , 31.72
0 , 0 , 31.752 , 31.752
0 , 0 , 31.784 , 31.784
0 , 0 , 31.814 , 31.814
0 , 0 , 31.86 , 31.86
0 , 0 , 31.86 , 31.86
0 , 0 , 31.89 , 31.89
0 , 0 , 31.922 , 31.922
0 , 0 , 31.952 , 31.952
0 , 0 , 31.984 , 31.984
0 , 0 , 32.016 , 32.016
0.001 , 0 , 32.05 , 32.051
0 , 0 , 32.06 , 32.06
0 , 0 , 32.09 , 32.09
0 , 0 , 32.122 , 32.122
0 , 0 , 32.154 , 32.154
0 , 0 , 32.184 , 32.184
0 , 0 , 32.216 , 32.216
0 , 0 , 32.216 , 32.216
0 , 0 , 32.26 , 32.26
0 , 0 , 32.292 , 32.292
0 , 0 , 32.322 , 32.322
0 , 0 , 32.354 , 32.354
0 , 0 , 32.386 , 32.386
0 , 0 , 32.416 , 32.416
0.001 , 0 , 32.452 , 32.453
0 , 0 , 32.46 , 32.46
0 , 0 , 32.492 , 32.492
0 , 0 , 32.522 , 32.522
0 , 0 , 32.554 , 32.554
0 , 0 , 32.584 , 32.584
0 , 0 , 32.616 , 32.616
0 , 0 , 32.66 , 32.66
0 , 0 , 32.69 , 32.69
0 , 0 , 32.722 , 32.722
0 , 0 , 32.754 , 32.754
0 , 0 , 32.784 , 32.784
0 , 0 , 32.816 , 32.816
0 , 0 , 32.816 , 32.816
0 , 0 , 32.86 , 32.86
0 , 0 , 32.892 , 32.892
0 , 0 , 32.922 , 32.922
0 , 0 , 32.954 , 32.954
0 , 0 , 32.986 , 32.986
0 , 0 , 33.016 , 33.016
0 , 0 , 33.06 , 33.06
0 , 0 , 33.092 , 33.092
0 , 0 , 33.122 , 33.122
0 , 0 , 33.154 , 33.154
0 , 0 , 33.184 , 33.184
0 , 0 , 33.216 , 33.216
0 , 0 , 33.259 , 33.259
0 , 0 , 33.29 , 33.29
0 , 0 , 33.322 , 33.322
0 , 0 , 33.354 , 33.354
0 , 0 , 33.384 , 33.384
0 , 0 , 33.416 , 33.416
0.001 , 0 , 33.456 , 33.457
0 , 0 , 33.46 , 33.46
0.015 , 0 , 33.492 , 33.507
0 , 0 , 33.554 , 33.554
0 , 0 , 33.586 , 33.586
0 , 0 , 33.616 , 33.616
0.001 , 0 , 33.655 , 33.656
0 , 0 , 33.66 , 33.66
0 , 0 , 33.708 , 33.708
0 , 0 , 33.754 , 33.754
0 , 0 , 33.786 , 33.786
0 , 0 , 33.818 , 33.818
0.001 , 0 , 33.858 , 33.859
0 , 0 , 33.876 , 33.876
0 , 0 , 33.922 , 33.922
0 , 0 , 33.954 , 33.954
0 , 0 , 33.986 , 33.986
0 , 0 , 34.016 , 34.016
0 , 0 , 34.06 , 34.06
0 , 0 , 34.092 , 34.092
0 , 0 , 34.124 , 34.124
0 , 0 , 34.154 , 34.154
0 , 0 , 34.186 , 34.186
0 , 0 , 34.218 , 34.218
0 , 0 , 34.262 , 34.262
0 , 0 , 34.292 , 34.292
0 , 0 , 34.324 , 34.324
0 , 0 , 34.356 , 34.356
0 , 0 , 34.386 , 34.386
0 , 0 , 34.418 , 34.418
0 , 0 , 34.462 , 34.462
0 , 0 , 34.494 , 34.494
0 , 0 , 34.524 , 34.524
0 , 0 , 34.588 , 34.588
0 , 0 , 34.618 , 34.618
0 , 0.001 , 34.66 , 34.661
0 , 0 , 34.694 , 34.694
0 , 0 , 34.726 , 34.726
0 , 0 , 34.756 , 34.756
0 , 0 , 34.788 , 34.788
0 , 0 , 34.82 , 34.82
0 , 0 , 34.862 , 34.862
0 , 0 , 34.894 , 34.894
0 , 0 , 34.926 , 34.926
0.016 , 0 , 34.956 , 34.972
0 , 0 , 35.018 , 35.018
0 , 0 , 35.062 , 35.062
0 , 0 , 35.092 , 35.092
0 , 0 , 35.124 , 35.124
0 , 0 , 35.156 , 35.156
0 , 0 , 35.186 , 35.186
0 , 0 , 35.234 , 35.234
0 , 0 , 35.262 , 35.262
0 , 0 , 35.294 , 35.294
0 , 0 , 35.356 , 35.356
0 , 0 , 35.388 , 35.388
0 , 0 , 35.418 , 35.418
0 , 0 , 35.462 , 35.462
0 , 0 , 35.494 , 35.494
0 , 0 , 35.526 , 35.526
0 , 0 , 35.588 , 35.588
0 , 0 , 35.62 , 35.62
0 , 0 , 35.664 , 35.664
0 , 0 , 35.694 , 35.694
0 , 0 , 35.726 , 35.726
0 , 0 , 35.758 , 35.758
0 , 0 , 35.82 , 35.82
0 , 0.001 , 35.86 , 35.861
0 , 0 , 35.896 , 35.896
0 , 0 , 35.926 , 35.926
0 , 0 , 35.958 , 35.958
0 , 0 , 35.99 , 35.99
0 , 0 , 36.055 , 36.055
0.016 , 0 , 36.064 , 36.08
0 , 0 , 36.126 , 36.126
0 , 0 , 36.158 , 36.158
0 , 0 , 36.22 , 36.22
0 , 0 , 36.264 , 36.264
0 , 0 , 36.296 , 36.296
0 , 0 , 36.358 , 36.358
0 , 0 , 36.388 , 36.388
0 , 0 , 36.42 , 36.42
0 , 0 , 36.464 , 36.464
0 , 0 , 36.496 , 36.496
0 , 0 , 36.558 , 36.558
0 , 0 , 36.59 , 36.59
0 , 0 , 36.62 , 36.62
0 , 0 , 36.666 , 36.666
0 , 0 , 36.728 , 36.728
0 , 0 , 36.758 , 36.758
0 , 0 , 36.79 , 36.79
0 , 0 , 36.856 , 36.856
0 , 0 , 36.898 , 36.898
0 , 0 , 36.928 , 36.928
0 , 0 , 36.96 , 36.96
0 , 0 , 37.022 , 37.022
0 , 0 , 37.066 , 37.066
0 , 0 , 37.096 , 37.096
0 , 0 , 37.16 , 37.16
0 , 0 , 37.19 , 37.19
0 , 0 , 37.222 , 37.222
0 , 0 , 37.266 , 37.266
0 , 0 , 37.328 , 37.328
0 , 0 , 37.36 , 37.36
0 , 0 , 37.422 , 37.422
0 , 0 , 37.466 , 37.466
0 , 0 , 37.498 , 37.498
0 , 0 , 37.544 , 37.544
0 , 0 , 37.59 , 37.59
0 , 0 , 37.624 , 37.624
0 , 0 , 37.666 , 37.666
0 , 0 , 37.73 , 37.73
0 , 0 , 37.76 , 37.76
0 , 0 , 37.824 , 37.824
0 , 0 , 37.868 , 37.868
0 , 0 , 37.898 , 37.898
0 , 0 , 37.962 , 37.962
0 , 0 , 37.992 , 37.992
0.001 , 0 , 38.04 , 38.041
0 , 0 , 38.1 , 38.1
0 , 0 , 38.13 , 38.13
0 , 0 , 38.162 , 38.162
0 , 0 , 38.224 , 38.224
0 , 0 , 38.268 , 38.268
0 , 0 , 38.3 , 38.3
0 , 0 , 38.362 , 38.362
0 , 0 , 38.394 , 38.394
0 , 0.001 , 38.458 , 38.459
0 , 0 , 38.5 , 38.5
0 , 0 , 38.532 , 38.532
0 , 0 , 38.594 , 38.594
0 , 0 , 38.626 , 38.626
0 , 0 , 38.67 , 38.67
0 , 0 , 38.716 , 38.716
0 , 0 , 38.764 , 38.764
0 , 0.016 , 38.794 , 38.81
0 , 0 , 38.87 , 38.87
0 , 0 , 38.902 , 38.902
0 , 0 , 38.932 , 38.932
0 , 0 , 38.996 , 38.996
0 , 0 , 39.026 , 39.026
0.016 , 0 , 39.07 , 39.086
0 , 0 , 39.134 , 39.134
0 , 0 , 39.196 , 39.196
0 , 0 , 39.226 , 39.226
0 , 0 , 39.272 , 39.272
0 , 0 , 39.334 , 39.334
0 , 0 , 39.364 , 39.364
0 , 0 , 39.428 , 39.428
0 , 0 , 39.472 , 39.472
0 , 0 , 39.534 , 39.534
0 , 0 , 39.566 , 39.566
0 , 0 , 39.628 , 39.628
0 , 0 , 39.672 , 39.672
0 , 0 , 39.704 , 39.704
0 , 0 , 39.766 , 39.766
0.015 , 0 , 39.798 , 39.813
0 , 0 , 39.872 , 39.872
0 , 0 , 39.904 , 39.904
0 , 0 , 39.966 , 39.966
0 , 0 , 39.998 , 39.998
0 , 0 , 40.074 , 40.074
0 , 0 , 40.104 , 40.104
0 , 0 , 40.168 , 40.168
0 , 0 , 40.198 , 40.198
0 , 0 , 40.274 , 40.274
0 , 0 , 40.304 , 40.304
0 , 0 , 40.366 , 40.366
0 , 0 , 40.472 , 40.472
0 , 0 , 40.504 , 40.504
0 , 0 , 40.566 , 40.566
0 , 0 , 40.598 , 40.598
0 , 0 , 40.674 , 40.674
0 , 0 , 40.704 , 40.704
0 , 0 , 40.768 , 40.768
0.016 , 0 , 40.798 , 40.814
0 , 0 , 40.874 , 40.874
0 , 0 , 40.906 , 40.906
0 , 0 , 40.968 , 40.968
0 , 0 , 41.03 , 41.03
0 , 0 , 41.074 , 41.074
0 , 0 , 41.122 , 41.122
0 , 0 , 41.168 , 41.168
0 , 0 , 41.232 , 41.232
0 , 0 , 41.276 , 41.276
0 , 0 , 41.338 , 41.338
0 , 0 , 41.37 , 41.37
0 , 0 , 41.432 , 41.432
0 , 0 , 41.476 , 41.476
0 , 0 , 41.538 , 41.538
0 , 0 , 41.6 , 41.6
0 , 0 , 41.632 , 41.632
0 , 0 , 41.706 , 41.706
0.016 , 0 , 41.738 , 41.754
0 , 0 , 41.8 , 41.8
0 , 0 , 41.875 , 41.875
0 , 0 , 41.906 , 41.906
0 , 0 , 41.97 , 41.97
0 , 0 , 42.032 , 42.032
0 , 0 , 42.076 , 42.076
0 , 0 , 42.138 , 42.138
0 , 0 , 42.17 , 42.17
0 , 0 , 42.232 , 42.232
0 , 0 , 42.276 , 42.276
0 , 0 , 42.34 , 42.34
0 , 0 , 42.402 , 42.402
0 , 0 , 42.469 , 42.469
0 , 0 , 42.508 , 42.508
0 , 0 , 42.57 , 42.57
0 , 0 , 42.634 , 42.634
0 , 0 , 42.678 , 42.678
0 , 0 , 42.74 , 42.74
0 , 0 , 42.772 , 42.772
0 , 0 , 42.834 , 42.834
0 , 0 , 42.91 , 42.91
0 , 0 , 42.94 , 42.94
0 , 0 , 43.004 , 43.004
0 , 0 , 43.078 , 43.078
0 , 0 , 43.11 , 43.11
0 , 0 , 43.172 , 43.172
0 , 0 , 43.236 , 43.236
0 , 0 , 43.28 , 43.28
0 , 0 , 43.342 , 43.342
0 , 0 , 43.404 , 43.404
0 , 0 , 43.474 , 43.474
0 , 0 , 43.512 , 43.512
0 , 0 , 43.574 , 43.574
0 , 0 , 43.636 , 43.636
0 , 0 , 43.68 , 43.68
0 , 0 , 43.744 , 43.744
0 , 0 , 43.806 , 43.806
0.001 , 0 , 43.874 , 43.875
0 , 0 , 43.912 , 43.912
0 , 0 , 43.974 , 43.974
0 , 0 , 44.036 , 44.036
0 , 0 , 44.082 , 44.082
0 , 0 , 44.144 , 44.144
0 , 0 , 44.206 , 44.206
0 , 0 , 44.282 , 44.282
0 , 0 , 44.344 , 44.344
0 , 0 , 44.406 , 44.406
0 , 0 , 44.438 , 44.438
0 , 0 , 44.514 , 44.514
0 , 0 , 44.576 , 44.576
0 , 0 , 44.638 , 44.638
0 , 0 , 44.682 , 44.682
0 , 0 , 44.744 , 44.744
0 , 0 , 44.808 , 44.808
0 , 0 , 44.882 , 44.882
0 , 0 , 44.914 , 44.914
0 , 0 , 44.976 , 44.976
0 , 0 , 45.04 , 45.04
0 , 0 , 45.114 , 45.114
0 , 0 , 45.178 , 45.178
0 , 0 , 45.224 , 45.224
0 , 0 , 45.284 , 45.284
0 , 0 , 45.346 , 45.346
0 , 0 , 45.41 , 45.41
0 , 0.001 , 45.482 , 45.483
0 , 0 , 45.516 , 45.516
0 , 0 , 45.578 , 45.578
0 , 0 , 45.642 , 45.642
0 , 0 , 45.716 , 45.716
0 , 0 , 45.78 , 45.78
0 , 0 , 45.842 , 45.842
0 , 0 , 45.886 , 45.886
0 , 0 , 45.948 , 45.948
0 , 0 , 46.012 , 46.012
0 , 0 , 46.086 , 46.086
0 , 0 , 46.15 , 46.15
0 , 0 , 46.212 , 46.212
0 , 0 , 46.288 , 46.288
0 , 0 , 46.35 , 46.35
0 , 0 , 46.382 , 46.382
0.016 , 0 , 46.444 , 46.46
0 , 0 , 46.52 , 46.52
0 , 0 , 46.582 , 46.582
0 , 0 , 46.644 , 46.644
0 , 0 , 46.704 , 46.704
0 , 0 , 46.782 , 46.782
0 , 0 , 46.844 , 46.844
0 , 0 , 46.888 , 46.888
0 , 0 , 46.95 , 46.95
0 , 0 , 47.014 , 47.014
0 , 0 , 47.088 , 47.088
0 , 0 , 47.152 , 47.152
0 , 0 , 47.214 , 47.214
0 , 0 , 47.29 , 47.29
0 , 0 , 47.352 , 47.352
0 , 0 , 47.414 , 47.414
0.001 , 0 , 47.487 , 47.488
0.016 , 0 , 47.52 , 47.536
0 , 0 , 47.614 , 47.614
0 , 0.016 , 47.648 , 47.664
0 , 0 , 47.722 , 47.722
0 , 0 , 47.784 , 47.784
0 , 0 , 47.846 , 47.846
0 , 0 , 47.922 , 47.922
0 , 0 , 47.986 , 47.986
0 , 0 , 48.048 , 48.048
0 , 0 , 48.122 , 48.122
0 , 0 , 48.186 , 48.186
0 , 0 , 48.248 , 48.248
0 , 0 , 48.324 , 48.324
0 , 0 , 48.386 , 48.386
0 , 0 , 48.448 , 48.448
0 , 0 , 48.524 , 48.524
0 , 0 , 48.586 , 48.586
0 , 0 , 48.65 , 48.65
0 , 0 , 48.724 , 48.724
0 , 0 , 48.786 , 48.786
0 , 0 , 48.848 , 48.848
0 , 0 , 48.924 , 48.924
0 , 0 , 48.988 , 48.988
0 , 0 , 49.05 , 49.05
0 , 0 , 49.186 , 49.186
0 , 0 , 49.292 , 49.292
0 , 0 , 49.356 , 49.356
0 , 0.015 , 49.418 , 49.433
0 , 0 , 49.494 , 49.494
0 , 0 , 49.556 , 49.556
0 , 0 , 49.618 , 49.618
0 , 0 , 49.694 , 49.694
0 , 0 , 49.756 , 49.756
0 , 0 , 49.818 , 49.818
0 , 0 , 49.894 , 49.894
0 , 0 , 49.956 , 49.956
0 , 0 , 50.018 , 50.018
0 , 0 , 50.094 , 50.094
0 , 0 , 50.156 , 50.156
0 , 0 , 50.22 , 50.22
0 , 0 , 50.294 , 50.294
0 , 0 , 50.358 , 50.358
0 , 0.016 , 50.42 , 50.436
0 , 0 , 50.494 , 50.494
0 , 0 , 50.588 , 50.588
0 , 0 , 50.65 , 50.65
0 , 0 , 50.726 , 50.726
0 , 0 , 50.788 , 50.788
0 , 0 , 50.852 , 50.852
0 , 0 , 50.928 , 50.928
0 , 0 , 50.99 , 50.99
0 , 0 , 51.052 , 51.052
0 , 0 , 51.128 , 51.128
0 , 0 , 51.19 , 51.19
0 , 0 , 51.252 , 51.252
0 , 0 , 51.328 , 51.328
0 , 0 , 51.39 , 51.39
0.001 , 0 , 51.484 , 51.485
0 , 0 , 51.528 , 51.528
0.016 , 0 , 51.59 , 51.606
0.001 , 0 , 51.69 , 51.691
0 , 0 , 51.728 , 51.728
0 , 0 , 51.822 , 51.822
0 , 0 , 51.894 , 51.894
0 , 0 , 51.96 , 51.96
0 , 0 , 52.022 , 52.022
0 , 0 , 52.098 , 52.098
0.015 , 0 , 52.162 , 52.177
0 , 0 , 52.254 , 52.254
0 , 0 , 52.33 , 52.33
0 , 0 , 52.392 , 52.392
0 , 0 , 52.454 , 52.454
0 , 0 , 52.53 , 52.53
0 , 0 , 52.622 , 52.622
0 , 0 , 52.698 , 52.698
0 , 0 , 52.762 , 52.762
0 , 0 , 52.824 , 52.824
0 , 0 , 52.9 , 52.9
0 , 0 , 52.962 , 52.962
0 , 0 , 53.056 , 53.056
0 , 0 , 53.098 , 53.098
0 , 0 , 53.192 , 53.192
0 , 0 , 53.256 , 53.256
0 , 0 , 53.33 , 53.33
0 , 0 , 53.392 , 53.392
0.001 , 0 , 53.471 , 53.472
0 , 0 , 53.53 , 53.53
0 , 0 , 53.624 , 53.624
0 , 0 , 53.7 , 53.7
0 , 0 , 53.762 , 53.762
0 , 0 , 53.824 , 53.824
0 , 0 , 53.9 , 53.9
0 , 0 , 53.962 , 53.962
0 , 0 , 54.056 , 54.056
0 , 0 , 54.132 , 54.132
0 , 0 , 54.194 , 54.194
0 , 0 , 54.256 , 54.256
0 , 0 , 54.33 , 54.33
0 , 0 , 54.424 , 54.424
0 , 0 , 54.497 , 54.497
0 , 0 , 54.562 , 54.562
0 , 0 , 54.624 , 54.624
0 , 0 , 54.7 , 54.7
0 , 0 , 54.762 , 54.762
0 , 0 , 54.856 , 54.856
0 , 0 , 54.932 , 54.932
0 , 0 , 54.994 , 54.994
0 , 0 , 55.056 , 55.056
0 , 0 , 55.132 , 55.132
0 , 0 , 55.226 , 55.226
0 , 0 , 55.302 , 55.302
0 , 0 , 55.364 , 55.364
0 , 0 , 55.426 , 55.426
0 , 0 , 55.502 , 55.502
0 , 0 , 55.596 , 55.596
0 , 0 , 55.658 , 55.658
0 , 0 , 55.734 , 55.734
0 , 0 , 55.796 , 55.796
0.001 , 0 , 55.9 , 55.901
0 , 0 , 55.966 , 55.966
0 , 0 , 56.028 , 56.028
0 , 0 , 56.104 , 56.104
0 , 0 , 56.166 , 56.166
0 , 0 , 56.26 , 56.26
0 , 0 , 56.336 , 56.336
0 , 0 , 56.398 , 56.398
0.001 , 0 , 56.498 , 56.499
0 , 0 , 56.568 , 56.568
0 , 0 , 56.63 , 56.63
0 , 0 , 56.706 , 56.706
0.016 , 0 , 56.768 , 56.784
0 , 0 , 56.862 , 56.862
0 , 0 , 56.938 , 56.938
0 , 0 , 57 , 57
0.001 , 0 , 57.098 , 57.099
0 , 0 , 57.17 , 57.17
0 , 0 , 57.232 , 57.232
0 , 0 , 57.306 , 57.306
0 , 0 , 57.4 , 57.4
0 , 0 , 57.462 , 57.462
0 , 0 , 57.538 , 57.538
0 , 0.001 , 57.632 , 57.633
0 , 0 , 57.706 , 57.706
0 , 0 , 57.77 , 57.77
0 , 0 , 57.864 , 57.864
0 , 0 , 57.938 , 57.938
0 , 0 , 58.002 , 58.002
0.001 , 0 , 58.099 , 58.1
0 , 0 , 58.17 , 58.17
0 , 0 , 58.234 , 58.234
0 , 0 , 58.308 , 58.308
0 , 0 , 58.402 , 58.402
0 , 0 , 58.466 , 58.466
0 , 0 , 58.572 , 58.572
0 , 0 , 58.634 , 58.634
0 , 0 , 58.71 , 58.71
0 , 0 , 58.804 , 58.804
0 , 0 , 58.866 , 58.866
0 , 0 , 58.942 , 58.942
0 , 0 , 59.036 , 59.036
0 , 0 , 59.112 , 59.112
0.016 , 0 , 59.174 , 59.19
0 , 0 , 59.268 , 59.268
0 , 0 , 59.344 , 59.344
0 , 0 , 59.438 , 59.438
0 , 0 , 59.512 , 59.512
0 , 0 , 59.576 , 59.576
0 , 0 , 59.668 , 59.668
0 , 0 , 59.744 , 59.744
0 , 0 , 59.838 , 59.838
0 , 0 , 59.914 , 59.914
0 , 0 , 59.976 , 59.976
0 , 0 , 60.07 , 60.07
0 , 0 , 60.146 , 60.146
0 , 0 , 60.24 , 60.24
0 , 0 , 60.316 , 60.316
0 , 0 , 60.378 , 60.378
0 , 0 , 60.472 , 60.472
0 , 0 , 60.548 , 60.548
0 , 0 , 60.64 , 60.64
0 , 0 , 60.716 , 60.716
0 , 0 , 60.778 , 60.778
0 , 0 , 60.872 , 60.872
0 , 0 , 60.948 , 60.948
0 , 0 , 61.042 , 61.042
0 , 0 , 61.118 , 61.118
0 , 0 , 61.212 , 61.212
0 , 0 , 61.274 , 61.274
0 , 0 , 61.35 , 61.35
0 , 0 , 61.444 , 61.444
0 , 0 , 61.52 , 61.52
0 , 0 , 61.612 , 61.612
0.001 , 0.015 , 61.676 , 61.692
0 , 0 , 61.782 , 61.782
0 , 0 , 61.844 , 61.844
0 , 0 , 61.952 , 61.952
0 , 0 , 62.014 , 62.014
0.001 , 0 , 62.118 , 62.119
0 , 0 , 62.184 , 62.184
0 , 0 , 62.278 , 62.278
0 , 0 , 62.352 , 62.352
0 , 0 , 62.446 , 62.446
0 , 0 , 62.522 , 62.522
0 , 0 , 62.616 , 62.616
0 , 0 , 62.678 , 62.678
0.016 , 0 , 62.754 , 62.77
0 , 0 , 62.848 , 62.848
0.015 , 0 , 62.924 , 62.939
0 , 0 , 63.018 , 63.018
0 , 0.001 , 63.118 , 63.119
0 , 0 , 63.186 , 63.186
0 , 0 , 63.28 , 63.28
0 , 0 , 63.356 , 63.356
0 , 0 , 63.45 , 63.45
0 , 0 , 63.526 , 63.526
0 , 0 , 63.62 , 63.62
0 , 0 , 63.682 , 63.682
0 , 0 , 63.788 , 63.788
0 , 0 , 63.852 , 63.852
0 , 0 , 63.958 , 63.958
0 , 0 , 64.02 , 64.02
0 , 0 , 64.128 , 64.128
0 , 0 , 64.19 , 64.19
0 , 0 , 64.284 , 64.284
0 , 0 , 64.36 , 64.36
0 , 0 , 64.452 , 64.452
0.016 , 0 , 64.528 , 64.544
0 , 0 , 64.622 , 64.622
0 , 0 , 64.73 , 64.73
0 , 0 , 64.792 , 64.792
0 , 0 , 64.886 , 64.886
0 , 0 , 64.962 , 64.962
0 , 0 , 65.054 , 65.054
0.016 , 0 , 65.13 , 65.146
0 , 0 , 65.224 , 65.224
0 , 0 , 65.332 , 65.332
0 , 0 , 65.394 , 65.394
0 , 0 , 65.488 , 65.488
0 , 0 , 65.594 , 65.594
0 , 0 , 65.656 , 65.656
0 , 0 , 65.764 , 65.764
0 , 0 , 65.826 , 65.826
0 , 0 , 65.934 , 65.934
0 , 0 , 66.026 , 66.026
0 , 0 , 66.09 , 66.09
0 , 0 , 66.196 , 66.196
0 , 0 , 66.29 , 66.29
0 , 0 , 66.364 , 66.364
0 , 0 , 66.458 , 66.458
0 , 0 , 66.532 , 66.532
0 , 0 , 66.626 , 66.626
0.001 , 0 , 66.732 , 66.733
0 , 0 , 66.796 , 66.796
0 , 0 , 66.89 , 66.89
0 , 0 , 66.996 , 66.996
0 , 0 , 67.06 , 67.06
0 , 0 , 67.166 , 67.166
0 , 0 , 67.26 , 67.26
0 , 0 , 67.336 , 67.336
0 , 0 , 67.43 , 67.43
0 , 0 , 67.532 , 67.532
0 , 0 , 67.598 , 67.598
0 , 0 , 67.696 , 67.696
0 , 0 , 67.798 , 67.798
0 , 0 , 67.862 , 67.862
0 , 0 , 67.968 , 67.968
0 , 0 , 68.062 , 68.062
0 , 0 , 68.138 , 68.138
0 , 0 , 68.232 , 68.232
0 , 0 , 68.338 , 68.338
0 , 0 , 68.432 , 68.432
0 , 0 , 68.494 , 68.494
0 , 0 , 68.602 , 68.602
0 , 0 , 68.696 , 68.696
0 , 0 , 68.77 , 68.77
0 , 0 , 68.864 , 68.864
0 , 0 , 68.972 , 68.972
0 , 0 , 69.036 , 69.036
0 , 0 , 69.14 , 69.14
0 , 0 , 69.234 , 69.234
0 , 0 , 69.34 , 69.34
0 , 0 , 69.404 , 69.404
0 , 0 , 69.498 , 69.498
0 , 0 , 69.604 , 69.604
0 , 0 , 69.698 , 69.698
0 , 0 , 69.772 , 69.772
0 , 0 , 69.866 , 69.866
0 , 0 , 69.974 , 69.974
0 , 0 , 70.068 , 70.068
0 , 0 , 70.142 , 70.142
0 , 0 , 70.236 , 70.236
0 , 0 , 70.344 , 70.344
0 , 0 , 70.438 , 70.438
0.001 , 0 , 70.542 , 70.543
0 , 0 , 70.606 , 70.606
0 , 0 , 70.7 , 70.7
0 , 0 , 70.808 , 70.808
0 , 0 , 70.902 , 70.902
0 , 0 , 70.976 , 70.976
0.016 , 0 , 71.07 , 71.086
0 , 0 , 71.176 , 71.176
0 , 0 , 71.27 , 71.27
0 , 0 , 71.376 , 71.376
0 , 0 , 71.47 , 71.47
0 , 0 , 71.546 , 71.546
0 , 0 , 71.64 , 71.64
0 , 0 , 71.746 , 71.746
0 , 0 , 71.84 , 71.84
0 , 0 , 71.946 , 71.946
0 , 0 , 72.04 , 72.04
0 , 0 , 72.138 , 72.138
0 , 0 , 72.21 , 72.21
0 , 0 , 72.304 , 72.304
0 , 0 , 72.41 , 72.41
0.001 , 0 , 72.543 , 72.544
0 , 0 , 72.612 , 72.612
0 , 0 , 72.704 , 72.704
0 , 0 , 72.81 , 72.81
0 , 0 , 72.904 , 72.904
0 , 0 , 73.012 , 73.012
0 , 0 , 73.106 , 73.106
0 , 0 , 73.18 , 73.18
0 , 0 , 73.306 , 73.306
0 , 0 , 73.382 , 73.382
0 , 0 , 73.476 , 73.476
0 , 0 , 73.582 , 73.582
0 , 0 , 73.676 , 73.676
0 , 0 , 73.782 , 73.782
0 , 0 , 73.876 , 73.876
0 , 0 , 73.952 , 73.952
0 , 0 , 74.044 , 74.044
0.001 , 0 , 74.165 , 74.166
0 , 0 , 74.267 , 74.267
0.001 , 0 , 74.368 , 74.369
0.001 , 0 , 74.468 , 74.469
0.001 , 0 , 74.568 , 74.569
0.001 , 0 , 74.67 , 74.671
0.001 , 0 , 74.77 , 74.771
0 , 0.001 , 74.87 , 74.871
0 , 0.001 , 74.972 , 74.973
0.001 , 0.001 , 75.094 , 75.096
0.001 , 0 , 75.218 , 75.219
0 , 0 , 75.314 , 75.314
0 , 0 , 75.408 , 75.408
0.001 , 0 , 75.514 , 75.515
0 , 0 , 75.61 , 75.61
0.001 , 0 , 75.706 , 75.707
0 , 0 , 75.778 , 75.778
0.001 , 0 , 75.906 , 75.907
0 , 0 , 75.978 , 75.978
0.001 , 0 , 76.104 , 76.105
0 , 0 , 76.178 , 76.178
0.016 , 0 , 76.272 , 76.288
0 , 0 , 76.41 , 76.41
0 , 0 , 76.516 , 76.516
0 , 0 , 76.61 , 76.61
0 , 0 , 76.718 , 76.718
0 , 0 , 76.81 , 76.81
0 , 0 , 76.918 , 76.918
0 , 0 , 77.012 , 77.012
0 , 0 , 77.118 , 77.118
0 , 0 , 77.212 , 77.212
0 , 0 , 77.318 , 77.318
0 , 0 , 77.412 , 77.412
0 , 0 , 77.52 , 77.52
0 , 0 , 77.614 , 77.614
0 , 0 , 77.72 , 77.72
0 , 0 , 77.876 , 77.876
0 , 0 , 77.982 , 77.982
0 , 0 , 78.076 , 78.076
0 , 0 , 78.182 , 78.182
0 , 0 , 78.276 , 78.276
0 , 0 , 78.384 , 78.384
0 , 0 , 78.478 , 78.478
0 , 0 , 78.584 , 78.584
0 , 0 , 78.678 , 78.678
0 , 0 , 78.784 , 78.784
0 , 0 , 78.912 , 78.912
0 , 0.016 , 78.984 , 79
0 , 0 , 79.118 , 79.118
0 , 0 , 79.216 , 79.216
0 , 0 , 79.322 , 79.322
0 , 0 , 79.416 , 79.416
0 , 0 , 79.522 , 79.522
0 , 0 , 79.616 , 79.616
0 , 0 , 79.724 , 79.724
0 , 0 , 79.818 , 79.818
0 , 0 , 79.924 , 79.924
0 , 0 , 80.05 , 80.05
0 , 0 , 80.156 , 80.156
0 , 0 , 80.25 , 80.25
0 , 0 , 80.356 , 80.356
0 , 0 , 80.45 , 80.45
0 , 0 , 80.558 , 80.558
0 , 0 , 80.682 , 80.682
0 , 0 , 80.758 , 80.758
0 , 0 , 80.882 , 80.882
0 , 0 , 80.99 , 80.99
0 , 0 , 81.084 , 81.084
0 , 0 , 81.19 , 81.19
0 , 0 , 81.284 , 81.284
0 , 0 , 81.39 , 81.39
0 , 0.001 , 81.516 , 81.517
0 , 0 , 81.606 , 81.606
0 , 0.001 , 81.724 , 81.725
0 , 0 , 81.822 , 81.822
0 , 0 , 81.928 , 81.928
0 , 0 , 82.022 , 82.022
0 , 0 , 82.13 , 82.13
0 , 0 , 82.224 , 82.224
0 , 0 , 82.33 , 82.33
0 , 0 , 82.456 , 82.456
0 , 0 , 82.562 , 82.562
0 , 0 , 82.656 , 82.656
0 , 0 , 82.762 , 82.762
0 , 0 , 82.856 , 82.856
0 , 0 , 82.962 , 82.962
0 , 0 , 83.056 , 83.056
0 , 0 , 83.164 , 83.164
0 , 0 , 83.288 , 83.288
0 , 0 , 83.396 , 83.396
0 , 0 , 83.49 , 83.49
0 , 0 , 83.596 , 83.596
0 , 0 , 83.69 , 83.69
0 , 0 , 83.796 , 83.796
0.001 , 0 , 83.928 , 83.929
0 , 0 , 84.028 , 84.028
0 , 0 , 84.136 , 84.136
0 , 0 , 84.228 , 84.228
0 , 0 , 84.336 , 84.336
0 , 0 , 84.46 , 84.46
0 , 0 , 84.552 , 84.552
0 , 0 , 84.662 , 84.662
0 , 0 , 84.768 , 84.768
0 , 0 , 84.862 , 84.862
0 , 0 , 84.968 , 84.968
0 , 0 , 85.094 , 85.094
0 , 0 , 85.2 , 85.2
0 , 0 , 85.294 , 85.294
0 , 0 , 85.4 , 85.4
0.001 , 0 , 85.526 , 85.527
0 , 0 , 85.632 , 85.632
0 , 0 , 85.74 , 85.74
0 , 0 , 85.834 , 85.834
0 , 0 , 85.94 , 85.94
0 , 0 , 86.034 , 86.034
0.016 , 0 , 86.14 , 86.156
0 , 0 , 86.266 , 86.266
0 , 0 , 86.372 , 86.372
0 , 0 , 86.498 , 86.498
0 , 0 , 86.604 , 86.604
0 , 0 , 86.698 , 86.698
0 , 0 , 86.804 , 86.804
0 , 0 , 86.942 , 86.942
0 , 0 , 87.036 , 87.036
0 , 0 , 87.144 , 87.144
0 , 0 , 87.268 , 87.268
0 , 0 , 87.376 , 87.376
0 , 0.015 , 87.47 , 87.485
0 , 0 , 87.608 , 87.608
0 , 0 , 87.704 , 87.704
0 , 0 , 87.808 , 87.808
0 , 0 , 87.944 , 87.944
0 , 0 , 88.04 , 88.04
0 , 0 , 88.146 , 88.146
0 , 0 , 88.272 , 88.272
0 , 0 , 88.378 , 88.378
0 , 0 , 88.504 , 88.504
0 , 0 , 88.61 , 88.61
0 , 0.001 , 88.734 , 88.735
0 , 0 , 88.842 , 88.842
0 , 0 , 88.948 , 88.948
0 , 0 , 89.074 , 89.074
0 , 0 , 89.18 , 89.18
0 , 0 , 89.274 , 89.274
0 , 0 , 89.412 , 89.412
0 , 0 , 89.506 , 89.506
0 , 0 , 89.614 , 89.614
0 , 0 , 89.752 , 89.752
0 , 0 , 89.846 , 89.846
0 , 0 , 89.952 , 89.952
0 , 0 , 90.076 , 90.076
0 , 0 , 90.184 , 90.184
0 , 0 , 90.308 , 90.308
0 , 0 , 90.416 , 90.416
0 , 0 , 90.554 , 90.554
0 , 0 , 90.648 , 90.648
0 , 0 , 90.754 , 90.754
0 , 0 , 90.88 , 90.88
0 , 0 , 90.986 , 90.986
0 , 0 , 91.112 , 91.112
0 , 0 , 91.218 , 91.218
0 , 0 , 91.356 , 91.356
0 , 0 , 91.45 , 91.45
0 , 0 , 91.556 , 91.556
0 , 0 , 91.682 , 91.682
0 , 0 , 91.788 , 91.788
0 , 0 , 91.914 , 91.914
0 , 0 , 92.02 , 92.02
0 , 0 , 92.158 , 92.158
0 , 0 , 92.252 , 92.252
0 , 0 , 92.39 , 92.39
0 , 0 , 92.484 , 92.484
0 , 0 , 92.622 , 92.622
0 , 0 , 92.716 , 92.716
0 , 0 , 92.854 , 92.854
0 , 0 , 92.962 , 92.962
0 , 0 , 93.086 , 93.086
0 , 0 , 93.194 , 93.194
0 , 0 , 93.318 , 93.318
0 , 0 , 93.426 , 93.426
0.001 , 0 , 93.557 , 93.558
0 , 0 , 93.658 , 93.658
0 , 0 , 93.764 , 93.764
0 , 0 , 93.89 , 93.89
0 , 0 , 93.996 , 93.996
0 , 0 , 94.12 , 94.12
0.016 , 0 , 94.228 , 94.244
0 , 0 , 94.366 , 94.366
0 , 0 , 94.49 , 94.49
0 , 0 , 94.598 , 94.598
0 , 0 , 94.722 , 94.722
0 , 0 , 94.83 , 94.83
0.001 , 0 , 94.961 , 94.962
0 , 0 , 95.06 , 95.06
0 , 0 , 95.168 , 95.168
0 , 0 , 95.292 , 95.292
0 , 0 , 95.43 , 95.43
0 , 0 , 95.524 , 95.524
0 , 0 , 95.662 , 95.662
0 , 0 , 95.768 , 95.768
0 , 0 , 95.894 , 95.894
0 , 0 , 96 , 96
0 , 0 , 96.126 , 96.126
0 , 0 , 96.264 , 96.264
0 , 0 , 96.37 , 96.37
0 , 0 , 96.496 , 96.496
0 , 0 , 96.602 , 96.602
0 , 0 , 96.728 , 96.728
0 , 0 , 96.834 , 96.834
0 , 0 , 96.972 , 96.972
0 , 0 , 97.098 , 97.098
0 , 0 , 97.204 , 97.204
0 , 0 , 97.33 , 97.33
0 , 0 , 97.436 , 97.436
0 , 0 , 97.574 , 97.574
0 , 0 , 97.702 , 97.702
0 , 0 , 97.806 , 97.806
0 , 0 , 97.93 , 97.93
0 , 0 , 98.038 , 98.038
0 , 0 , 98.176 , 98.176
0 , 0 , 98.3 , 98.3
0 , 0 , 98.408 , 98.408
0 , 0 , 98.532 , 98.532
0 , 0 , 98.67 , 98.67
0 , 0 , 98.778 , 98.778
0 , 0 , 98.902 , 98.902
0 , 0 , 99.026 , 99.026
0 , 0 , 99.134 , 99.134
0 , 0 , 99.272 , 99.272
0 , 0 , 99.38 , 99.38
0 , 0 , 99.504 , 99.504
0 , 0 , 99.642 , 99.642
0.001 , 0 , 99.775 , 99.776
0 , 0 , 99.874 , 99.874
0 , 0 , 100.014 , 100.014
0 , 0 , 100.138 , 100.138
0 , 0 , 100.244 , 100.244
0 , 0 , 100.384 , 100.384
0 , 0 , 100.508 , 100.508
0 , 0 , 100.614 , 100.614
0 , 0 , 100.74 , 100.74
0 , 0 , 100.878 , 100.878
0 , 0 , 100.984 , 100.984
0 , 0 , 101.11 , 101.11
0 , 0 , 101.248 , 101.248
0.001 , 0 , 101.38 , 101.381
0 , 0 , 101.48 , 101.48
0 , 0 , 101.618 , 101.618
0 , 0 , 101.744 , 101.744
0 , 0 , 101.85 , 101.85
0 , 0 , 101.988 , 101.988
0 , 0 , 102.114 , 102.114
0 , 0 , 102.22 , 102.22
0 , 0 , 102.346 , 102.346
0 , 0 , 102.484 , 102.484
0.016 , 0 , 102.59 , 102.606
0 , 0 , 102.716 , 102.716
0 , 0 , 102.854 , 102.854
0 , 0 , 102.992 , 102.992
0 , 0 , 103.116 , 103.116
0 , 0 , 103.224 , 103.224
0 , 0 , 103.348 , 103.348
0 , 0 , 103.486 , 103.486
0 , 0 , 103.594 , 103.594
0 , 0 , 103.718 , 103.718
0 , 0 , 103.856 , 103.856
0 , 0 , 103.994 , 103.994
0 , 0 , 104.12 , 104.12
0 , 0 , 104.226 , 104.226
0 , 0 , 104.35 , 104.35
0 , 0 , 104.488 , 104.488
0 , 0 , 104.626 , 104.626
0 , 0 , 104.752 , 104.752
0 , 0 , 104.858 , 104.858
0 , 0 , 104.996 , 104.996
0 , 0 , 105.122 , 105.122
0.016 , 0 , 105.228 , 105.244
0 , 0 , 105.387 , 105.387
0 , 0 , 105.492 , 105.492
0 , 0 , 105.63 , 105.63
0 , 0 , 105.754 , 105.754
0 , 0 , 105.892 , 105.892
0 , 0 , 106 , 106
0 , 0 , 106.124 , 106.124
0 , 0 , 106.262 , 106.262
0 , 0 , 106.4 , 106.4
0 , 0 , 106.526 , 106.526
0 , 0 , 106.632 , 106.632
0 , 0 , 106.758 , 106.758
0 , 0 , 106.896 , 106.896
0 , 0 , 107.034 , 107.034
0 , 0 , 107.158 , 107.158
0 , 0 , 107.296 , 107.296
0 , 0 , 107.404 , 107.404
0 , 0 , 107.528 , 107.528
0 , 0 , 107.668 , 107.668
0 , 0 , 107.804 , 107.804
0 , 0 , 107.928 , 107.928
0 , 0 , 108.066 , 108.066
0.001 , 0 , 108.198 , 108.199
0 , 0 , 108.298 , 108.298
0 , 0 , 108.438 , 108.438
0 , 0 , 108.562 , 108.562
0 , 0 , 108.7 , 108.7
0 , 0 , 108.838 , 108.838
0 , 0 , 108.964 , 108.964
0 , 0 , 109.102 , 109.102
0 , 0 , 109.24 , 109.24
0 , 0 , 109.364 , 109.364
0 , 0 , 109.502 , 109.502
0 , 0 , 109.64 , 109.64
0 , 0 , 109.766 , 109.766
0 , 0 , 109.888 , 109.888
0 , 0 , 110.01 , 110.01
0 , 0 , 110.168 , 110.168
0.016 , 0 , 110.274 , 110.29
0 , 0 , 110.412 , 110.412
0 , 0 , 110.568 , 110.568
0 , 0 , 110.676 , 110.676
0 , 0 , 110.814 , 110.814
0 , 0 , 110.938 , 110.938
0 , 0 , 111.076 , 111.076
0 , 0 , 111.214 , 111.214
0 , 0 , 111.34 , 111.34
0 , 0 , 111.478 , 111.478
0 , 0 , 111.616 , 111.616
0 , 0 , 111.74 , 111.74
0 , 0 , 111.88 , 111.88
0 , 0 , 112.018 , 112.018
0 , 0 , 112.142 , 112.142
0 , 0 , 112.28 , 112.28
0 , 0 , 112.418 , 112.418
0 , 0 , 112.544 , 112.544
0 , 0 , 112.682 , 112.682
0 , 0 , 112.82 , 112.82
0 , 0 , 112.944 , 112.944
0 , 0 , 113.082 , 113.082
0 , 0 , 113.22 , 113.22
0 , 0 , 113.346 , 113.346
0 , 0 , 113.484 , 113.484
0 , 0 , 113.622 , 113.622
0 , 0 , 113.748 , 113.748
0 , 0 , 113.886 , 113.886
0 , 0 , 114.024 , 114.024
0 , 0 , 114.148 , 114.148
0 , 0 , 114.286 , 114.286
0 , 0 , 114.424 , 114.424
0 , 0 , 114.58 , 114.58
0 , 0 , 114.718 , 114.718
0 , 0 , 114.858 , 114.858
0 , 0 , 114.982 , 114.982
0 , 0 , 115.12 , 115.12
0 , 0 , 115.258 , 115.258
0 , 0 , 115.384 , 115.384
0 , 0 , 115.522 , 115.522
0 , 0 , 115.66 , 115.66
0.001 , 0 , 115.82 , 115.821
0 , 0 , 115.954 , 115.954
0 , 0 , 116.092 , 116.092
0 , 0 , 116.23 , 116.23
0.015 , 0 , 116.356 , 116.371
0 , 0 , 116.509 , 116.509
0 , 0 , 116.632 , 116.632
0 , 0 , 116.788 , 116.788
0 , 0 , 116.926 , 116.926
0 , 0 , 117.064 , 117.064
0 , 0 , 117.188 , 117.188
0 , 0 , 117.326 , 117.326
0.015 , 0 , 117.464 , 117.479
0 , 0 , 117.632 , 117.632
0 , 0 , 117.79 , 117.79
0 , 0 , 117.958 , 117.958
0 , 0.016 , 118.064 , 118.08
0 , 0 , 118.234 , 118.234
0.001 , 0 , 118.43 , 118.431
0 , 0 , 118.56 , 118.56
0 , 0 , 118.698 , 118.698
0 , 0 , 118.836 , 118.836
0 , 0 , 118.96 , 118.96
0 , 0 , 119.098 , 119.098
0 , 0 , 119.236 , 119.236
0 , 0 , 119.392 , 119.392
0 , 0 , 119.53 , 119.53
0 , 0 , 119.668 , 119.668
0.001 , 0.015 , 119.794 , 119.81
0 , 0 , 119.962 , 119.962
0 , 0 , 120.1 , 120.1
0 , 0 , 120.238 , 120.238
0 , 0 , 120.364 , 120.364
0 , 0 , 120.502 , 120.502
0 , 0 , 120.64 , 120.64
0 , 0 , 120.796 , 120.796
0 , 0 , 120.934 , 120.934
0 , 0 , 121.072 , 121.072
0 , 0 , 121.198 , 121.198
0 , 0 , 121.336 , 121.336
0 , 0 , 121.474 , 121.474
0.001 , 0 , 121.638 , 121.639
0 , 0 , 121.768 , 121.768
0 , 0 , 121.906 , 121.906
0 , 0 , 122.044 , 122.044
0 , 0 , 122.17 , 122.17
0 , 0 , 122.306 , 122.306
0 , 0 , 122.444 , 122.444
0 , 0 , 122.6 , 122.6
0.015 , 0 , 122.77 , 122.785
0 , 0 , 122.938 , 122.938
0 , 0 , 123.076 , 123.076
0 , 0 , 123.2 , 123.2
0 , 0 , 123.338 , 123.338
0 , 0.016 , 123.476 , 123.492
0 , 0 , 123.646 , 123.646
0 , 0 , 123.772 , 123.772
0 , 0 , 123.91 , 123.91
0 , 0 , 124.048 , 124.048
0 , 0 , 124.204 , 124.204
0 , 0 , 124.342 , 124.342
0 , 0 , 124.48 , 124.48
0 , 0 , 124.643 , 124.643
0 , 0 , 124.774 , 124.774
0 , 0 , 124.912 , 124.912
0 , 0 , 125.05 , 125.05
0 , 0 , 125.206 , 125.206
0 , 0 , 125.346 , 125.346
0 , 0 , 125.484 , 125.484
0 , 0 , 125.642 , 125.642
0 , 0 , 125.776 , 125.776
0 , 0 , 125.916 , 125.916
0 , 0 , 126.054 , 126.054
0 , 0 , 126.178 , 126.178
0 , 0 , 126.348 , 126.348
0 , 0 , 126.486 , 126.486
0 , 0 , 126.61 , 126.61
0 , 0 , 126.78 , 126.78
0 , 0 , 126.918 , 126.918
0 , 0 , 127.056 , 127.056
0 , 0 , 127.212 , 127.212
0 , 0 , 127.35 , 127.35
0 , 0 , 127.488 , 127.488
0.001 , 0 , 127.648 , 127.649
0 , 0 , 127.782 , 127.782
0 , 0 , 127.92 , 127.92
0 , 0 , 128.058 , 128.058
0 , 0 , 128.214 , 128.214
0 , 0 , 128.352 , 128.352
0 , 0 , 128.49 , 128.49
0 , 0 , 128.66 , 128.66
0 , 0 , 128.784 , 128.784
0 , 0 , 128.938 , 128.938
0 , 0 , 129.092 , 129.092
0 , 0 , 129.216 , 129.216
0 , 0 , 129.386 , 129.386
0 , 0 , 129.524 , 129.524
0 , 0 , 129.662 , 129.662
0 , 0 , 129.86 , 129.86
0 , 0 , 130.018 , 130.018
0 , 0 , 130.156 , 130.156
0 , 0 , 130.294 , 130.294
0 , 0 , 130.462 , 130.462
0 , 0 , 130.588 , 130.588
0.016 , 0 , 130.726 , 130.742
0 , 0 , 130.896 , 130.896
0 , 0 , 131.02 , 131.02
0 , 0 , 131.19 , 131.19
0 , 0 , 131.326 , 131.326
0 , 0 , 131.466 , 131.466
0 , 0 , 131.622 , 131.622
0 , 0 , 131.758 , 131.758
0 , 0 , 131.896 , 131.896
0 , 0 , 132.066 , 132.066
0 , 0 , 132.192 , 132.192
0.015 , 0 , 132.33 , 132.345
0 , 0 , 132.498 , 132.498
0 , 0 , 132.624 , 132.624
0 , 0 , 132.792 , 132.792
0 , 0 , 132.93 , 132.93
0 , 0 , 133.068 , 133.068
0 , 0 , 133.224 , 133.224
0 , 0 , 133.362 , 133.362
0 , 0 , 133.516 , 133.516
0 , 0 , 133.67 , 133.67
0 , 0 , 133.796 , 133.796
0 , 0 , 133.964 , 133.964
0 , 0 , 134.102 , 134.102
0.001 , 0 , 134.27 , 134.271
0 , 0 , 134.398 , 134.398
0 , 0 , 134.566 , 134.566
0 , 0 , 134.736 , 134.736
0 , 0 , 134.904 , 134.904
0 , 0 , 135.03 , 135.03
0 , 0 , 135.198 , 135.198
0 , 0 , 135.336 , 135.336
0 , 0 , 135.474 , 135.474
0 , 0 , 135.63 , 135.63
0 , 0 , 135.784 , 135.784
0 , 0 , 135.938 , 135.938
0 , 0 , 136.076 , 136.076
0 , 0 , 136.232 , 136.232
0 , 0 , 136.37 , 136.37
0 , 0 , 136.54 , 136.54
0 , 0 , 136.678 , 136.678
0 , 0 , 136.834 , 136.834
0 , 0 , 136.972 , 136.972
0 , 0 , 137.142 , 137.142
0 , 0 , 137.28 , 137.28
0 , 0 , 137.436 , 137.436
0 , 0 , 137.574 , 137.574
0 , 0 , 137.742 , 137.742
0 , 0 , 137.88 , 137.88
0 , 0 , 138.036 , 138.036
0 , 0 , 138.204 , 138.204
0 , 0 , 138.344 , 138.344
0 , 0 , 138.512 , 138.512
0 , 0 , 138.638 , 138.638
0 , 0 , 138.806 , 138.806
0 , 0 , 138.946 , 138.946
0 , 0 , 139.114 , 139.114
0 , 0 , 139.24 , 139.24
0 , 0 , 139.408 , 139.408
0 , 0 , 139.546 , 139.546
0 , 0 , 139.716 , 139.716
0 , 0 , 139.874 , 139.874
0 , 0 , 140.01 , 140.01
0 , 0 , 140.148 , 140.148
0 , 0 , 140.318 , 140.318
0 , 0 , 140.488 , 140.488
0 , 0 , 140.612 , 140.612
0 , 0 , 140.782 , 140.782
0 , 0 , 140.92 , 140.92
0 , 0 , 141.09 , 141.09
0 , 0 , 141.246 , 141.246
0 , 0 , 141.384 , 141.384
0 , 0 , 141.584 , 141.584
0 , 0 , 141.722 , 141.722
0 , 0 , 141.892 , 141.892
0 , 0 , 142.048 , 142.048
0 , 0 , 142.186 , 142.186
0 , 0 , 142.356 , 142.356
0 , 0 , 142.494 , 142.494
0 , 0 , 142.65 , 142.65
0 , 0 , 142.82 , 142.82
0 , 0 , 142.958 , 142.958
0 , 0 , 143.126 , 143.126
0 , 0 , 143.296 , 143.296
0.016 , 0 , 143.42 , 143.436
0 , 0 , 143.59 , 143.59
0 , 0 , 143.728 , 143.728
0 , 0 , 143.898 , 143.898
0 , 0 , 144.054 , 144.054
0 , 0 , 144.224 , 144.224
0 , 0 , 144.362 , 144.362
0 , 0 , 144.53 , 144.53
0.001 , 0 , 144.696 , 144.697
0 , 0 , 144.826 , 144.826
0 , 0 , 144.994 , 144.994
0 , 0 , 145.164 , 145.164
0 , 0 , 145.302 , 145.302
0 , 0 , 145.458 , 145.458
0 , 0 , 145.628 , 145.628
0 , 0 , 145.766 , 145.766
0 , 0 , 145.996 , 145.996
0 , 0 , 146.136 , 146.136
0 , 0 , 146.304 , 146.304
0 , 0 , 146.46 , 146.46
0 , 0 , 146.63 , 146.63
0 , 0 , 146.768 , 146.768
0 , 0 , 146.938 , 146.938
0.001 , 0 , 147.1 , 147.101
0 , 0 , 147.232 , 147.232
0 , 0 , 147.402 , 147.402
0 , 0 , 147.57 , 147.57
0 , 0 , 147.708 , 147.708
0 , 0 , 147.864 , 147.864
0 , 0 , 148.034 , 148.034
0 , 0 , 148.172 , 148.172
0 , 0 , 148.342 , 148.342
0 , 0 , 148.51 , 148.51
0 , 0 , 148.666 , 148.666
0 , 0 , 148.804 , 148.804
0 , 0 , 148.974 , 148.974
0 , 0 , 149.112 , 149.112
0.001 , 0 , 149.3 , 149.301
0 , 0 , 149.438 , 149.438
0 , 0 , 149.606 , 149.606
0 , 0 , 149.76 , 149.76
0 , 0 , 149.914 , 149.914
0 , 0 , 150.07 , 150.07
0.001 , 0 , 150.306 , 150.307
0 , 0 , 150.44 , 150.44
0 , 0 , 150.608 , 150.608
0 , 0 , 150.778 , 150.778
0 , 0 , 150.916 , 150.916
0 , 0 , 151.072 , 151.072
0 , 0 , 151.242 , 151.242
0 , 0 , 151.41 , 151.41
0 , 0 , 151.58 , 151.58
0 , 0 , 151.718 , 151.718
0 , 0 , 151.874 , 151.874
0 , 0 , 152.042 , 152.042
0 , 0 , 152.212 , 152.212
0 , 0 , 152.38 , 152.38
0 , 0.016 , 152.518 , 152.534
0.001 , 0 , 152.708 , 152.709
0 , 0 , 152.844 , 152.844
0 , 0 , 153.014 , 153.014
0 , 0 , 153.182 , 153.182
0 , 0 , 153.352 , 153.352
0 , 0 , 153.522 , 153.522
0 , 0 , 153.678 , 153.678
0 , 0 , 153.816 , 153.816
0 , 0 , 153.986 , 153.986
0 , 0 , 154.154 , 154.154
0 , 0 , 154.322 , 154.322
0 , 0 , 154.48 , 154.48
0.015 , 0 , 154.618 , 154.633
0 , 0 , 154.786 , 154.786
0 , 0 , 154.956 , 154.956
0 , 0 , 155.126 , 155.126
0 , 0 , 155.282 , 155.282
0 , 0 , 155.452 , 155.452
0 , 0 , 155.62 , 155.62
0 , 0 , 155.79 , 155.79
0 , 0 , 155.928 , 155.928
0.001 , 0 , 156.12 , 156.121
0.016 , 0 , 156.252 , 156.268
0 , 0 , 156.424 , 156.424
0 , 0 , 156.592 , 156.592
0 , 0 , 156.762 , 156.762
0 , 0 , 156.932 , 156.932
0 , 0 , 157.088 , 157.088
0 , 0 , 157.256 , 157.256
0 , 0 , 157.424 , 157.424
0 , 0 , 157.594 , 157.594
0 , 0 , 157.73 , 157.73
0 , 0.001 , 157.92 , 157.921
0.016 , 0 , 158.056 , 158.072
0 , 0 , 158.224 , 158.224
0 , 0 , 158.394 , 158.394
0 , 0 , 158.564 , 158.564
0 , 0 , 158.732 , 158.732
0 , 0 , 158.89 , 158.89
0 , 0 , 159.058 , 159.058
0 , 0 , 159.228 , 159.228
0 , 0 , 159.366 , 159.366
0 , 0 , 159.536 , 159.536
0 , 0 , 159.692 , 159.692
0 , 0 , 159.862 , 159.862
0 , 0 , 160.03 , 160.03
0 , 0 , 160.2 , 160.2
0 , 0 , 160.37 , 160.37
0 , 0 , 160.538 , 160.538
0 , 0 , 160.694 , 160.694
0 , 0 , 160.864 , 160.864
0 , 0 , 161.002 , 161.002
0 , 0 , 161.172 , 161.172
0 , 0 , 161.342 , 161.342
0 , 0 , 161.498 , 161.498
0 , 0 , 161.666 , 161.666
0 , 0 , 161.836 , 161.836
0 , 0 , 162.006 , 162.006
0 , 0 , 162.174 , 162.174
0 , 0 , 162.344 , 162.344
0 , 0 , 162.5 , 162.5
0 , 0 , 162.67 , 162.67
0 , 0 , 162.84 , 162.84
0.015 , 0 , 162.978 , 162.993
0 , 0 , 163.146 , 163.146
0 , 0.001 , 163.336 , 163.337
0 , 0 , 163.504 , 163.504
0 , 0 , 163.642 , 163.642
0 , 0 , 163.812 , 163.812
0 , 0 , 163.98 , 163.98
0 , 0 , 164.15 , 164.15
0 , 0 , 164.306 , 164.306
0 , 0 , 164.476 , 164.476
0 , 0 , 164.646 , 164.646
0 , 0 , 164.814 , 164.814
0 , 0 , 164.984 , 164.984
0 , 0 , 165.154 , 165.154
0 , 0 , 165.31 , 165.31
0 , 0 , 165.478 , 165.478
0 , 0 , 165.648 , 165.648
0 , 0 , 165.818 , 165.818
0 , 0 , 165.988 , 165.988
0 , 0 , 166.156 , 166.156
0 , 0 , 166.312 , 166.312
0 , 0 , 166.482 , 166.482
0 , 0 , 166.652 , 166.652
0 , 0 , 166.82 , 166.82
0 , 0 , 166.99 , 166.99
0 , 0 , 167.16 , 167.16
0 , 0 , 167.316 , 167.316
0 , 0 , 167.486 , 167.486
0 , 0 , 167.658 , 167.658
0 , 0 , 167.824 , 167.824
0 , 0 , 167.994 , 167.994
0 , 0 , 168.162 , 168.162
0.001 , 0 , 168.358 , 168.359
0 , 0 , 168.562 , 168.562
0 , 0 , 168.762 , 168.762
0 , 0 , 168.92 , 168.92
0 , 0 , 169.09 , 169.09
0 , 0 , 169.288 , 169.288
0 , 0 , 169.458 , 169.458
0 , 0 , 169.626 , 169.626
0.015 , 0 , 169.796 , 169.811
0 , 0 , 169.994 , 169.994
0 , 0 , 170.18 , 170.18
0.016 , 0 , 170.364 , 170.38
0 , 0 , 170.566 , 170.566
0.001 , 0 , 170.76 , 170.761
0.019 , 0 , 170.922 , 170.941
0 , 0 , 171.12 , 171.12
0.016 , 0 , 171.29 , 171.306
0 , 0 , 171.49 , 171.49
0 , 0 , 171.692 , 171.692
0 , 0 , 171.86 , 171.86
0 , 0 , 172.03 , 172.03
0 , 0 , 172.23 , 172.23
0 , 0 , 172.4 , 172.4
0 , 0 , 172.57 , 172.57
0 , 0 , 172.726 , 172.726
0.015 , 0 , 172.896 , 172.911
0 , 0 , 173.096 , 173.096
0 , 0 , 173.266 , 173.266
0 , 0 , 173.434 , 173.434
0 , 0 , 173.604 , 173.604
0 , 0 , 173.774 , 173.774
0.002 , 0 , 173.963 , 173.965
0 , 0 , 174.13 , 174.13
0 , 0 , 174.3 , 174.3
0 , 0 , 174.47 , 174.47
0 , 0 , 174.638 , 174.638
0 , 0 , 174.822 , 174.822
0 , 0 , 175.006 , 175.006
0 , 0 , 175.176 , 175.176
0.003 , 0.016 , 175.332 , 175.351
0 , 0 , 175.532 , 175.532
0 , 0 , 175.702 , 175.702
0 , 0 , 175.902 , 175.902
0 , 0 , 176.072 , 176.072
0 , 0 , 176.24 , 176.24
0 , 0 , 176.41 , 176.41
0.015 , 0 , 176.58 , 176.595
0 , 0 , 176.78 , 176.78
0 , 0 , 176.936 , 176.936
0 , 0.015 , 177.106 , 177.121
0 , 0 , 177.306 , 177.306
0.016 , 0 , 177.476 , 177.492
0 , 0 , 177.678 , 177.678
0 , 0 , 177.846 , 177.846
0 , 0 , 178.014 , 178.014
0.016 , 0 , 178.182 , 178.198
0 , 0 , 178.384 , 178.384
0 , 0 , 178.54 , 178.54
0 , 0 , 178.74 , 178.74
0 , 0 , 178.91 , 178.91
0 , 0 , 179.08 , 179.08
0 , 0 , 179.248 , 179.248
0 , 0 , 179.45 , 179.45
0 , 0 , 179.618 , 179.618
0 , 0 , 179.788 , 179.788
0.001 , 0 , 179.984 , 179.985
0 , 0 , 180.144 , 180.144
0 , 0 , 180.314 , 180.314
0 , 0 , 180.484 , 180.484
0 , 0 , 180.684 , 180.684
0 , 0 , 180.854 , 180.854
0 , 0 , 181.024 , 181.024
0 , 0 , 181.192 , 181.192
0 , 0 , 181.394 , 181.394
0 , 0 , 181.55 , 181.55
0.016 , 0 , 181.718 , 181.734
0 , 0 , 181.92 , 181.92
0 , 0 , 182.088 , 182.088
0 , 0 , 182.29 , 182.29
0 , 0 , 182.458 , 182.458
0 , 0 , 182.658 , 182.658
0 , 0 , 182.828 , 182.828
0 , 0 , 182.998 , 182.998
0.001 , 0 , 183.192 , 183.193
0 , 0 , 183.354 , 183.354
0 , 0 , 183.524 , 183.524
0 , 0 , 183.724 , 183.724
0 , 0 , 183.892 , 183.892
0 , 0 , 184.062 , 184.062
0 , 0 , 184.232 , 184.232
0 , 0 , 184.432 , 184.432
0 , 0 , 184.602 , 184.602
0 , 0 , 184.796 , 184.796
0 , 0 , 184.958 , 184.958
0 , 0 , 185.128 , 185.128
0 , 0 , 185.328 , 185.328
0 , 0 , 185.498 , 185.498
0 , 0 , 185.698 , 185.698
0 , 0 , 185.914 , 185.914
0 , 0 , 186.098 , 186.098
0 , 0 , 186.268 , 186.268
0 , 0 , 186.468 , 186.468
0 , 0 , 186.638 , 186.638
0 , 0 , 186.808 , 186.808
0 , 0 , 187.008 , 187.008
0 , 0 , 187.164 , 187.164
0 , 0 , 187.364 , 187.364
0 , 0 , 187.534 , 187.534
0.015 , 0 , 187.706 , 187.721
0 , 0 , 187.902 , 187.902
0 , 0 , 188.072 , 188.072
0 , 0 , 188.334 , 188.334
0 , 0 , 188.504 , 188.504
0 , 0 , 188.704 , 188.704
0 , 0 , 188.874 , 188.874
0 , 0 , 189.044 , 189.044
0 , 0 , 189.244 , 189.244
0 , 0 , 189.414 , 189.414
0 , 0 , 189.614 , 189.614
0 , 0 , 189.77 , 189.77
0 , 0 , 189.97 , 189.97
0 , 0 , 190.14 , 190.14
0 , 0 , 190.34 , 190.34
0 , 0 , 190.51 , 190.51
0 , 0 , 190.71 , 190.71
0 , 0 , 190.88 , 190.88
0.015 , 0 , 191.05 , 191.065
0 , 0 , 191.25 , 191.25
0 , 0 , 191.42 , 191.42
0 , 0 , 191.62 , 191.62
0.001 , 0 , 191.812 , 191.813
0 , 0 , 191.978 , 191.978
0 , 0 , 192.178 , 192.178
0 , 0 , 192.348 , 192.348
0 , 0 , 192.548 , 192.548
0 , 0 , 192.718 , 192.718
0 , 0 , 192.918 , 192.918
0.016 , 0 , 193.086 , 193.102
0 , 0 , 193.286 , 193.286
0.016 , 0 , 193.456 , 193.472
0 , 0 , 193.656 , 193.656
0 , 0 , 193.858 , 193.858
0 , 0 , 194.026 , 194.026
0 , 0 , 194.227 , 194.227
0.016 , 0 , 194.384 , 194.4
0 , 0 , 194.584 , 194.584
0 , 0 , 194.784 , 194.784
0 , 0 , 194.954 , 194.954
0 , 0 , 195.154 , 195.154
0 , 0 , 195.324 , 195.324
0 , 0 , 195.524 , 195.524
0 , 0 , 195.71 , 195.71
0 , 0 , 195.894 , 195.894
0 , 0 , 196.096 , 196.096
0 , 0 , 196.264 , 196.264
0 , 0 , 196.434 , 196.434
0 , 0 , 196.634 , 196.634
0 , 0 , 196.836 , 196.836
0.001 , 0.015 , 196.992 , 197.008
0 , 0 , 197.192 , 197.192
0 , 0 , 197.392 , 197.392
0 , 0 , 197.562 , 197.562
0 , 0 , 197.794 , 197.794
0.002 , 0 , 198.053 , 198.055
0 , 0 , 198.234 , 198.234
0 , 0 , 198.404 , 198.404
0 , 0 , 198.604 , 198.604
0 , 0 , 198.806 , 198.806
0 , 0 , 198.974 , 198.974
0 , 0 , 199.176 , 199.176
0 , 0 , 199.344 , 199.344
0 , 0 , 199.546 , 199.546
0 , 0 , 199.746 , 199.746
0 , 0 , 199.916 , 199.916
0 , 0 , 200.116 , 200.116
0 , 0 , 200.286 , 200.286
0 , 0 , 200.486 , 200.486
0 , 0 , 200.682 , 200.682
0 , 0 , 200.842 , 200.842
0 , 0 , 201.042 , 201.042
0 , 0 , 201.244 , 201.244
0 , 0 , 201.412 , 201.412
0 , 0 , 201.614 , 201.614
0.016 , 0 , 201.782 , 201.798
0 , 0 , 201.984 , 201.984
0 , 0 , 202.184 , 202.184
0 , 0 , 202.354 , 202.354
0 , 0 , 202.554 , 202.554
0 , 0 , 202.754 , 202.754
0 , 0 , 202.924 , 202.924
0 , 0 , 203.124 , 203.124
0.016 , 0 , 203.294 , 203.31
0 , 0 , 203.494 , 203.494
0 , 0 , 203.696 , 203.696
0 , 0 , 203.896 , 203.896
0.001 , 0 , 204.089 , 204.09
0 , 0 , 204.254 , 204.254
0 , 0 , 204.454 , 204.454
0 , 0 , 204.654 , 204.654
0 , 0 , 204.854 , 204.854
0 , 0 , 205.024 , 205.024
0 , 0 , 205.224 , 205.224
0 , 0 , 205.424 , 205.424
0 , 0 , 205.594 , 205.594
0 , 0 , 205.794 , 205.794
0 , 0 , 205.996 , 205.996
0 , 0 , 206.196 , 206.196
0 , 0 , 206.366 , 206.366
0 , 0 , 206.566 , 206.566
0 , 0 , 206.766 , 206.766
0 , 0 , 206.936 , 206.936
0 , 0 , 207.136 , 207.136
0 , 0 , 207.336 , 207.336
0 , 0 , 207.506 , 207.506
0 , 0 , 207.706 , 207.706
0 , 0 , 207.906 , 207.906
0 , 0 , 208.108 , 208.108
0 , 0 , 208.308 , 208.308
0 , 0 , 208.501 , 208.501
0.001 , 0 , 208.68 , 208.681
0 , 0 , 208.866 , 208.866
0 , 0 , 209.066 , 209.066
0 , 0 , 209.266 , 209.266
0 , 0 , 209.466 , 209.466
0 , 0 , 209.636 , 209.636
0 , 0 , 209.836 , 209.836
0 , 0 , 210.038 , 210.038
0 , 0 , 210.238 , 210.238
0 , 0 , 210.438 , 210.438
0 , 0 , 210.608 , 210.608
0 , 0 , 210.808 , 210.808
0 , 0 , 211.008 , 211.008
0 , 0 , 211.21 , 211.21
0 , 0 , 211.41 , 211.41
0 , 0 , 211.61 , 211.61
0 , 0 , 211.78 , 211.78
0 , 0 , 211.98 , 211.98
0 , 0 , 212.18 , 212.18
0 , 0 , 212.382 , 212.382
0 , 0 , 212.582 , 212.582
0.015 , 0 , 212.752 , 212.767
0 , 0 , 213.014 , 213.014
0 , 0 , 213.214 , 213.214
0 , 0 , 213.384 , 213.384
0 , 0 , 213.584 , 213.584
0 , 0 , 213.786 , 213.786
0 , 0 , 213.986 , 213.986
0 , 0 , 214.186 , 214.186
0 , 0 , 214.386 , 214.386
0 , 0 , 214.588 , 214.588
0 , 0 , 214.788 , 214.788
0 , 0 , 214.958 , 214.958
0 , 0 , 215.158 , 215.158
0 , 0 , 215.358 , 215.358
0 , 0 , 215.56 , 215.56
0 , 0 , 215.76 , 215.76
0 , 0 , 215.96 , 215.96
0 , 0 , 216.16 , 216.16
0 , 0 , 216.362 , 216.362
0 , 0 , 216.562 , 216.562
0 , 0 , 216.762 , 216.762
0 , 0 , 216.964 , 216.964
0 , 0 , 217.164 , 217.164
0 , 0 , 217.364 , 217.364
0 , 0 , 217.564 , 217.564
0 , 0 , 217.766 , 217.766
0 , 0 , 217.966 , 217.966
0 , 0 , 218.166 , 218.166
0 , 0 , 218.366 , 218.366
0 , 0 , 218.568 , 218.568
0 , 0 , 218.768 , 218.768
0 , 0 , 218.968 , 218.968
0 , 0 , 219.168 , 219.168
0 , 0 , 219.37 , 219.37
0.016 , 0 , 219.568 , 219.584
0 , 0 , 219.8 , 219.8
0 , 0 , 220.032 , 220.032
0 , 0 , 220.264 , 220.264
0 , 0 , 220.549 , 220.549
0 , 0 , 220.736 , 220.736
0 , 0 , 220.938 , 220.938
0 , 0 , 221.138 , 221.138
0 , 0 , 221.338 , 221.338
0 , 0 , 221.538 , 221.538
0.016 , 0 , 221.738 , 221.754
0.001 , 0 , 221.973 , 221.974
0 , 0 , 222.184 , 222.184
0 , 0 , 222.384 , 222.384
0 , 0 , 222.584 , 222.584
0 , 0 , 222.786 , 222.786
0 , 0 , 222.986 , 222.986
0 , 0 , 223.186 , 223.186
0 , 0 , 223.388 , 223.388
0 , 0 , 223.65 , 223.65
0 , 0 , 223.852 , 223.852
0 , 0 , 224.052 , 224.052
0 , 0 , 224.252 , 224.252
0 , 0 , 224.454 , 224.454
0 , 0 , 224.654 , 224.654
0 , 0 , 224.854 , 224.854
0 , 0.016 , 225.054 , 225.07
0 , 0 , 225.286 , 225.286
0 , 0 , 225.488 , 225.488
0 , 0 , 225.688 , 225.688
0 , 0 , 225.888 , 225.888
0 , 0 , 226.09 , 226.09
0 , 0 , 226.288 , 226.288
0 , 0 , 226.49 , 226.49
0 , 0 , 226.72 , 226.72
0 , 0 , 226.922 , 226.922
0 , 0 , 227.122 , 227.122
0 , 0 , 227.322 , 227.322
0 , 0 , 227.554 , 227.554
0 , 0 , 227.756 , 227.756
0 , 0 , 227.954 , 227.954
0 , 0 , 228.154 , 228.154
0 , 0 , 228.356 , 228.356
0 , 0 , 228.556 , 228.556
0 , 0 , 228.756 , 228.756
0 , 0 , 228.958 , 228.958
0 , 0 , 229.158 , 229.158
0 , 0 , 229.358 , 229.358
0 , 0 , 229.558 , 229.558
0.001 , 0 , 229.792 , 229.793
0 , 0 , 229.995 , 229.995
0.001 , 0 , 230.197 , 230.198
0.001 , 0 , 230.402 , 230.403
0 , 0 , 230.604 , 230.604
0 , 0 , 230.804 , 230.804
0 , 0 , 231.006 , 231.006
0 , 0 , 231.206 , 231.206
0 , 0 , 231.406 , 231.406
0 , 0 , 231.608 , 231.608
0 , 0 , 231.808 , 231.808
0.015 , 0 , 232.008 , 232.023
0 , 0 , 232.24 , 232.24
0 , 0 , 232.44 , 232.44
0 , 0 , 232.64 , 232.64
0 , 0 , 232.842 , 232.842
0 , 0 , 233.042 , 233.042
0 , 0 , 233.258 , 233.258
0 , 0 , 233.474 , 233.474
0 , 0 , 233.674 , 233.674
0 , 0 , 233.876 , 233.876
0 , 0 , 234.076 , 234.076
0 , 0 , 234.308 , 234.308
0 , 0 , 234.508 , 234.508
0 , 0 , 234.71 , 234.71
0 , 0 , 234.91 , 234.91
0 , 0 , 235.142 , 235.142
0 , 0 , 235.342 , 235.342
0 , 0 , 235.544 , 235.544
0 , 0 , 235.744 , 235.744
0.016 , 0 , 235.944 , 235.96
0 , 0 , 236.176 , 236.176
0 , 0 , 236.378 , 236.378
0 , 0 , 236.578 , 236.578
0.001 , 0 , 236.814 , 236.815
0.001 , 0 , 237.02 , 237.021
0 , 0 , 237.224 , 237.224
0 , 0 , 237.424 , 237.424
0.016 , 0 , 237.624 , 237.64
0 , 0 , 237.856 , 237.856
0 , 0 , 238.056 , 238.056
0 , 0 , 238.258 , 238.258
0 , 0 , 238.458 , 238.458
0 , 0 , 238.69 , 238.69
0 , 0 , 238.89 , 238.89
0.016 , 0 , 239.09 , 239.106
0 , 0 , 239.322 , 239.322
0 , 0 , 239.522 , 239.522
0 , 0 , 239.722 , 239.722
0 , 0 , 239.952 , 239.952
0 , 0 , 240.152 , 240.152
0 , 0 , 240.352 , 240.352
0 , 0 , 240.584 , 240.584
0 , 0 , 240.784 , 240.784
0 , 0 , 240.984 , 240.984
0 , 0 , 241.23 , 241.23
0 , 0 , 241.428 , 241.428
0 , 0 , 241.63 , 241.63
0 , 0 , 241.828 , 241.828
0 , 0 , 242.06 , 242.06
0 , 0 , 242.262 , 242.262
0 , 0 , 242.462 , 242.462
0 , 0 , 242.694 , 242.694
0 , 0 , 242.894 , 242.894
0 , 0 , 243.111 , 243.111
0 , 0 , 243.328 , 243.328
0 , 0 , 243.528 , 243.528
0 , 0 , 243.76 , 243.76
0 , 0 , 243.96 , 243.96
0 , 0 , 244.192 , 244.192
0 , 0 , 244.392 , 244.392
0 , 0 , 244.594 , 244.594
0 , 0 , 244.868 , 244.868
0 , 0 , 245.1 , 245.1
0 , 0 , 245.302 , 245.302
0 , 0 , 245.502 , 245.502
0 , 0 , 245.734 , 245.734
0 , 0 , 245.934 , 245.934
0 , 0 , 246.136 , 246.136
0 , 0 , 246.368 , 246.368
0 , 0 , 246.568 , 246.568
0 , 0 , 246.8 , 246.8
0 , 0 , 247 , 247
0 , 0 , 247.2 , 247.2
0 , 0 , 247.446 , 247.446
0 , 0 , 247.646 , 247.646
0 , 0 , 247.848 , 247.848
0 , 0 , 248.08 , 248.08
0 , 0 , 248.278 , 248.278
0 , 0 , 248.51 , 248.51
0 , 0 , 248.712 , 248.712
0 , 0 , 248.944 , 248.944
0 , 0 , 249.144 , 249.144
0 , 0 , 249.406 , 249.406
0.001 , 0 , 249.64 , 249.641
0 , 0 , 249.852 , 249.852
0.016 , 0 , 250.052 , 250.068
0 , 0 , 250.284 , 250.284
0 , 0 , 250.484 , 250.484
0 , 0 , 250.716 , 250.716
0 , 0 , 250.948 , 250.948
0 , 0 , 251.148 , 251.148
0 , 0 , 251.38 , 251.38
0 , 0 , 251.582 , 251.582
0 , 0 , 251.814 , 251.814
0.001 , 0.016 , 252.014 , 252.031
0 , 0 , 252.258 , 252.258
0 , 0 , 252.46 , 252.46
0 , 0 , 252.692 , 252.692
0 , 0 , 252.924 , 252.924
0 , 0 , 253.124 , 253.124
0 , 0 , 253.356 , 253.356
0 , 0 , 253.588 , 253.588
0 , 0 , 253.788 , 253.788
0 , 0 , 254.02 , 254.02
0.001 , 0 , 254.252 , 254.253
0 , 0 , 254.464 , 254.464
0 , 0 , 254.666 , 254.666
0 , 0 , 254.896 , 254.896
0 , 0 , 255.128 , 255.128
0.016 , 0 , 255.328 , 255.344
0 , 0 , 255.56 , 255.56
0 , 0 , 255.792 , 255.792
0 , 0 , 256.024 , 256.024
0 , 0 , 256.226 , 256.226
0 , 0 , 256.47 , 256.47
0 , 0 , 256.67 , 256.67
0 , 0 , 256.902 , 256.902
0 , 0 , 257.134 , 257.134
0 , 0 , 257.334 , 257.334
0 , 0 , 257.566 , 257.566
0 , 0 , 257.766 , 257.766
0 , 0 , 257.998 , 257.998
0 , 0 , 258.23 , 258.23
0.016 , 0 , 258.43 , 258.446
0 , 0 , 258.676 , 258.676
0 , 0 , 258.908 , 258.908
0 , 0 , 259.108 , 259.108
0 , 0 , 259.34 , 259.34
0 , 0 , 259.572 , 259.572
0 , 0 , 259.772 , 259.772
0 , 0 , 260.004 , 260.004
0 , 0 , 260.275 , 260.275
0.001 , 0 , 260.51 , 260.511
0 , 0.001 , 260.735 , 260.736
0 , 0 , 260.94 , 260.94
0 , 0 , 261.172 , 261.172
0 , 0 , 261.404 , 261.404
Total CPU = 221436.098