#Qurey Time, Memory allocation , I/O Time , Total
0 , 0 , 19.91 , 19.91
0 , 0 , 19.91 , 19.91
0 , 0 , 19.91 , 19.91
0 , 0 , 19.91 , 19.91
0 , 0 , 19.91 , 19.91
0 , 0 , 19.91 , 19.91
0 , 0 , 19.926 , 19.926
0 , 0 , 19.942 , 19.942
0 , 0 , 19.944 , 19.944
0 , 0 , 19.946 , 19.946
0 , 0 , 19.948 , 19.948
0 , 0 , 19.95 , 19.95
0 , 0 , 19.952 , 19.952
0 , 0 , 19.954 , 19.954
0 , 0 , 19.954 , 19.954
0 , 0 , 19.954 , 19.954
0 , 0 , 19.954 , 19.954
0 , 0 , 19.954 , 19.954
0 , 0 , 19.954 , 19.954
0 , 0 , 19.954 , 19.954
0 , 0 , 19.954 , 19.954
0 , 0 , 19.954 , 19.954
0 , 0 , 19.954 , 19.954
0 , 0 , 19.954 , 19.954
0 , 0 , 19.954 , 19.954
0 , 0 , 19.954 , 19.954
0 , 0 , 19.954 , 19.954
0 , 0 , 19.986 , 19.986
0 , 0 , 19.986 , 19.986
0 , 0 , 19.986 , 19.986
0 , 0 , 19.986 , 19.986
0 , 0 , 19.986 , 19.986
0 , 0 , 19.986 , 19.986
0 , 0 , 19.986 , 19.986
0 , 0 , 20.048 , 20.048
0 , 0 , 20.048 , 20.048
0 , 0 , 20.048 , 20.048
0 , 0 , 20.048 , 20.048
0 , 0 , 20.048 , 20.048
0 , 0 , 20.048 , 20.048
0 , 0 , 20.048 , 20.048
0 , 0 , 20.048 , 20.048
0 , 0 , 20.048 , 20.048
0 , 0 , 20.08 , 20.08
0 , 0 , 20.08 , 20.08
0 , 0 , 20.08 , 20.08
0 , 0 , 20.08 , 20.08
0 , 0 , 20.08 , 20.08
0 , 0 , 20.08 , 20.08
0 , 0 , 20.08 , 20.08
0 , 0 , 20.08 , 20.08
0 , 0 , 20.11 , 20.11
0 , 0 , 20.11 , 20.11
0 , 0 , 20.11 , 20.11
0 , 0 , 20.11 , 20.11
0 , 0 , 20.11 , 20.11
0 , 0 , 20.11 , 20.11
0 , 0 , 20.11 , 20.11
0 , 0 , 20.11 , 20.11
0.016 , 0 , 20.11 , 20.126
0 , 0 , 20.146 , 20.146
0 , 0 , 20.15 , 20.15
0 , 0 , 20.154 , 20.154
0 , 0 , 20.154 , 20.154
0 , 0 , 20.154 , 20.154
0 , 0 , 20.154 , 20.154
0 , 0 , 20.154 , 20.154
0 , 0 , 20.154 , 20.154
0 , 0 , 20.154 , 20.154
0 , 0.016 , 20.154 , 20.17
0 , 0 , 20.186 , 20.186
0 , 0 , 20.186 , 20.186
0 , 0 , 20.186 , 20.186
0 , 0 , 20.186 , 20.186
0 , 0 , 20.186 , 20.186
0 , 0 , 20.186 , 20.186
0 , 0 , 20.216 , 20.216
0 , 0 , 20.216 , 20.216
0 , 0 , 20.216 , 20.216
0 , 0 , 20.216 , 20.216
0 , 0 , 20.216 , 20.216
0 , 0 , 20.216 , 20.216
0 , 0 , 20.248 , 20.248
0 , 0 , 20.248 , 20.248
0 , 0 , 20.248 , 20.248
0 , 0 , 20.248 , 20.248
0 , 0 , 20.248 , 20.248
0 , 0 , 20.248 , 20.248
0 , 0 , 20.28 , 20.28
0 , 0 , 20.28 , 20.28
0 , 0 , 20.28 , 20.28
0 , 0 , 20.28 , 20.28
0 , 0 , 20.28 , 20.28
0 , 0 , 20.28 , 20.28
0 , 0 , 20.31 , 20.31
0 , 0 , 20.31 , 20.31
0 , 0 , 20.31 , 20.31
0 , 0 , 20.31 , 20.31
0 , 0 , 20.31 , 20.31
0 , 0 , 20.31 , 20.31
0 , 0 , 20.345 , 20.345
0 , 0 , 20.35 , 20.35
0 , 0 , 20.354 , 20.354
0 , 0 , 20.354 , 20.354
0 , 0 , 20.354 , 20.354
0 , 0 , 20.354 , 20.354
0 , 0 , 20.354 , 20.354
0 , 0 , 20.386 , 20.386
0 , 0 , 20.386 , 20.386
0 , 0 , 20.386 , 20.386
0 , 0 , 20.386 , 20.386
0 , 0 , 20.386 , 20.386
0 , 0 , 20.386 , 20.386
0 , 0 , 20.418 , 20.418
0 , 0 , 20.418 , 20.418
0 , 0 , 20.418 , 20.418
0 , 0 , 20.418 , 20.418
0 , 0 , 20.448 , 20.448
0 , 0 , 20.448 , 20.448
0 , 0 , 20.448 , 20.448
0 , 0 , 20.448 , 20.448
0 , 0 , 20.448 , 20.448
0 , 0 , 20.48 , 20.48
0 , 0 , 20.48 , 20.48
0 , 0 , 20.48 , 20.48
0 , 0 , 20.48 , 20.48
0 , 0 , 20.48 , 20.48
0 , 0 , 20.512 , 20.512
0 , 0 , 20.512 , 20.512
0 , 0 , 20.512 , 20.512
0 , 0 , 20.512 , 20.512
0 , 0 , 20.548 , 20.548
0 , 0 , 20.556 , 20.556
0 , 0 , 20.556 , 20.556
0 , 0 , 20.556 , 20.556
0 , 0 , 20.556 , 20.556
0 , 0 , 20.586 , 20.586
0 , 0 , 20.586 , 20.586
0 , 0 , 20.586 , 20.586
0 , 0 , 20.586 , 20.586
0 , 0 , 20.618 , 20.618
0 , 0 , 20.618 , 20.618
0 , 0 , 20.618 , 20.618
0.016 , 0 , 20.618 , 20.634
0 , 0 , 20.65 , 20.65
0 , 0 , 20.65 , 20.65
0 , 0 , 20.68 , 20.68
0 , 0 , 20.68 , 20.68
0 , 0 , 20.68 , 20.68
0 , 0 , 20.712 , 20.712
0 , 0 , 20.712 , 20.712
0 , 0 , 20.712 , 20.712
0 , 0 , 20.712 , 20.712
0 , 0 , 20.749 , 20.749
0 , 0 , 20.756 , 20.756
0 , 0 , 20.756 , 20.756
0 , 0 , 20.756 , 20.756
0 , 0 , 20.788 , 20.788
0 , 0 , 20.788 , 20.788
0 , 0 , 20.788 , 20.788
0 , 0 , 20.818 , 20.818
0 , 0 , 20.818 , 20.818
0 , 0 , 20.818 , 20.818
0 , 0 , 20.85 , 20.85
0 , 0 , 20.85 , 20.85
0 , 0 , 20.85 , 20.85
0 , 0 , 20.85 , 20.85
0 , 0 , 20.88 , 20.88
0 , 0 , 20.88 , 20.88
0 , 0 , 20.88 , 20.88
0 , 0 , 20.912 , 20.912
0 , 0 , 20.912 , 20.912
0 , 0 , 20.912 , 20.912
0 , 0 , 20.946 , 20.946
0 , 0 , 20.956 , 20.956
0 , 0 , 20.956 , 20.956
0 , 0 , 20.956 , 20.956
0 , 0 , 20.956 , 20.956
0 , 0 , 20.988 , 20.988
0 , 0 , 20.988 , 20.988
0 , 0 , 20.988 , 20.988
0 , 0 , 21.018 , 21.018
0 , 0 , 21.018 , 21.018
0 , 0 , 21.018 , 21.018
0 , 0 , 21.05 , 21.05
0 , 0 , 21.05 , 21.05
0 , 0 , 21.082 , 21.082
0 , 0 , 21.082 , 21.082
0 , 0 , 21.082 , 21.082
0 , 0 , 21.112 , 21.112
0 , 0 , 21.112 , 21.112
0 , 0 , 21.112 , 21.112
0.001 , 0 , 21.15 , 21.151
0 , 0 , 21.156 , 21.156
0 , 0 , 21.156 , 21.156
0 , 0 , 21.156 , 21.156
0 , 0 , 21.188 , 21.188
0 , 0 , 21.188 , 21.188
0.016 , 0 , 21.188 , 21.204
0 , 0 , 21.22 , 21.22
0 , 0 , 21.22 , 21.22
0 , 0 , 21.25 , 21.25
0 , 0 , 21.25 , 21.25
0 , 0 , 21.25 , 21.25
0 , 0 , 21.282 , 21.282
0 , 0 , 21.282 , 21.282
0 , 0 , 21.314 , 21.314
0 , 0 , 21.314 , 21.314
0 , 0 , 21.314 , 21.314
0.001 , 0 , 21.35 , 21.351
0 , 0 , 21.358 , 21.358
0 , 0 , 21.358 , 21.358
0 , 0 , 21.388 , 21.388
0 , 0 , 21.388 , 21.388
0 , 0 , 21.388 , 21.388
0 , 0 , 21.42 , 21.42
0 , 0 , 21.42 , 21.42
0 , 0 , 21.452 , 21.452
0 , 0 , 21.452 , 21.452
0 , 0 , 21.452 , 21.452
0 , 0 , 21.482 , 21.482
0 , 0 , 21.482 , 21.482
0 , 0 , 21.514 , 21.514
0 , 0 , 21.514 , 21.514
0 , 0 , 21.514 , 21.514
0 , 0 , 21.554 , 21.554
0 , 0 , 21.558 , 21.558
0 , 0 , 21.558 , 21.558
0 , 0 , 21.59 , 21.59
0 , 0 , 21.59 , 21.59
0 , 0 , 21.59 , 21.59
0 , 0 , 21.62 , 21.62
0 , 0 , 21.62 , 21.62
0 , 0 , 21.652 , 21.652
0 , 0 , 21.652 , 21.652
0.016 , 0 , 21.652 , 21.668
0 , 0 , 21.684 , 21.684
0 , 0 , 21.684 , 21.684
0 , 0 , 21.714 , 21.714
0 , 0 , 21.714 , 21.714
0.002 , 0 , 21.754 , 21.756
0 , 0 , 21.758 , 21.758
0 , 0 , 21.79 , 21.79
0 , 0 , 21.79 , 21.79
0 , 0 , 21.822 , 21.822
0 , 0 , 21.822 , 21.822
0 , 0 , 21.822 , 21.822
0 , 0 , 21.852 , 21.852
0 , 0 , 21.852 , 21.852
0 , 0 , 21.884 , 21.884
0 , 0 , 21.884 , 21.884
0 , 0 , 21.914 , 21.914
0 , 0 , 21.914 , 21.914
0.001 , 0 , 21.948 , 21.949
0 , 0 , 21.958 , 21.958
0 , 0 , 21.958 , 21.958
0 , 0 , 21.99 , 21.99
0 , 0 , 21.99 , 21.99
0 , 0 , 22.02 , 22.02
0 , 0 , 22.02 , 22.02
0 , 0 , 22.02 , 22.02
0 , 0 , 22.052 , 22.052
0 , 0 , 22.052 , 22.052
0 , 0 , 22.084 , 22.084
0 , 0 , 22.084 , 22.084
0 , 0 , 22.114 , 22.114
0 , 0 , 22.114 , 22.114
0 , 0 , 22.151 , 22.151
0 , 0 , 22.16 , 22.16
0 , 0 , 22.16 , 22.16
0 , 0 , 22.19 , 22.19
0 , 0 , 22.19 , 22.19
0 , 0 , 22.222 , 22.222
0 , 0 , 22.222 , 22.222
0 , 0 , 22.222 , 22.222
0 , 0 , 22.252 , 22.252
0.016 , 0 , 22.252 , 22.268
0 , 0 , 22.284 , 22.284
0 , 0 , 22.316 , 22.316
0 , 0 , 22.316 , 22.316
0.001 , 0 , 22.346 , 22.347
0 , 0 , 22.36 , 22.36
0 , 0 , 22.36 , 22.36
0 , 0 , 22.39 , 22.39
0 , 0 , 22.39 , 22.39
0 , 0 , 22.422 , 22.422
0 , 0 , 22.422 , 22.422
0 , 0 , 22.454 , 22.454
0 , 0 , 22.454 , 22.454
0 , 0 , 22.484 , 22.484
0 , 0 , 22.484 , 22.484
0 , 0 , 22.516 , 22.516
0 , 0 , 22.516 , 22.516
0 , 0 , 22.556 , 22.556
0 , 0 , 22.56 , 22.56
0 , 0 , 22.56 , 22.56
0 , 0 , 22.592 , 22.592
0 , 0 , 22.592 , 22.592
0 , 0 , 22.622 , 22.622
0.016 , 0 , 22.622 , 22.638
0 , 0 , 22.654 , 22.654
0 , 0 , 22.686 , 22.686
0 , 0 , 22.686 , 22.686
0 , 0 , 22.716 , 22.716
0 , 0 , 22.716 , 22.716
0 , 0 , 22.753 , 22.753
0 , 0 , 22.76 , 22.76
0 , 0 , 22.76 , 22.76
0 , 0 , 22.792 , 22.792
0 , 0 , 22.792 , 22.792
0 , 0 , 22.824 , 22.824
0 , 0 , 22.824 , 22.824
0 , 0 , 22.854 , 22.854
0 , 0 , 22.886 , 22.886
0 , 0 , 22.886 , 22.886
0 , 0 , 22.916 , 22.916
0 , 0 , 22.916 , 22.916
0 , 0 , 22.958 , 22.958
0 , 0 , 22.96 , 22.96
0 , 0 , 22.992 , 22.992
0 , 0 , 22.992 , 22.992
0 , 0 , 23.024 , 23.024
0 , 0 , 23.039 , 23.039
0 , 0 , 23.054 , 23.054
0 , 0 , 23.086 , 23.086
0 , 0 , 23.086 , 23.086
0 , 0 , 23.118 , 23.118
0 , 0 , 23.118 , 23.118
0 , 0 , 23.162 , 23.162
0 , 0 , 23.162 , 23.162
0 , 0 , 23.192 , 23.192
0 , 0 , 23.192 , 23.192
0 , 0 , 23.224 , 23.224
0 , 0.016 , 23.224 , 23.24
0 , 0 , 23.256 , 23.256
0 , 0 , 23.286 , 23.286
0 , 0 , 23.286 , 23.286
0 , 0 , 23.318 , 23.318
0.001 , 0.001 , 23.354 , 23.356
0 , 0 , 23.362 , 23.362
0 , 0 , 23.394 , 23.394
0 , 0 , 23.394 , 23.394
0 , 0 , 23.424 , 23.424
0 , 0 , 23.456 , 23.456
0 , 0 , 23.456 , 23.456
0 , 0 , 23.488 , 23.488
0 , 0 , 23.518 , 23.518
0 , 0 , 23.518 , 23.518
0 , 0 , 23.562 , 23.562
0 , 0 , 23.562 , 23.562
0 , 0 , 23.594 , 23.594
0 , 0 , 23.626 , 23.626
0 , 0 , 23.626 , 23.626
0 , 0 , 23.656 , 23.656
0 , 0 , 23.656 , 23.656
0 , 0 , 23.688 , 23.688
0 , 0 , 23.72 , 23.72
0 , 0 , 23.72 , 23.72
0 , 0 , 23.764 , 23.764
0 , 0 , 23.764 , 23.764
0 , 0 , 23.794 , 23.794
0 , 0 , 23.826 , 23.826
0 , 0 , 23.826 , 23.826
0 , 0 , 23.858 , 23.858
0 , 0.015 , 23.858 , 23.873
0 , 0 , 23.888 , 23.888
0 , 0 , 23.92 , 23.92
0.015 , 0 , 23.92 , 23.935
0 , 0 , 23.964 , 23.964
0.016 , 0 , 23.964 , 23.98
0 , 0 , 23.996 , 23.996
0 , 0 , 24.026 , 24.026
0 , 0 , 24.058 , 24.058
0 , 0 , 24.073 , 24.073
0 , 0 , 24.12 , 24.12
0.001 , 0 , 24.156 , 24.157
0 , 0 , 24.164 , 24.164
0 , 0 , 24.194 , 24.194
0.016 , 0 , 24.194 , 24.21
0 , 0 , 24.226 , 24.226
0 , 0 , 24.258 , 24.258
0 , 0 , 24.288 , 24.288
0 , 0 , 24.304 , 24.304
0 , 0 , 24.32 , 24.32
0 , 0 , 24.364 , 24.364
0 , 0 , 24.364 , 24.364
0 , 0 , 24.396 , 24.396
0 , 0 , 24.426 , 24.426
0 , 0 , 24.458 , 24.458
0 , 0 , 24.458 , 24.458
0 , 0 , 24.49 , 24.49
0 , 0 , 24.52 , 24.52
0.001 , 0 , 24.552 , 24.553
0 , 0 , 24.564 , 24.564
0 , 0 , 24.596 , 24.596
0 , 0 , 24.596 , 24.596
0 , 0 , 24.628 , 24.628
0 , 0 , 24.658 , 24.658
0 , 0 , 24.69 , 24.69
0 , 0 , 24.69 , 24.69
0 , 0 , 24.722 , 24.722
0 , 0 , 24.763 , 24.763
0 , 0 , 24.766 , 24.766
0 , 0 , 24.796 , 24.796
0 , 0 , 24.828 , 24.828
0 , 0 , 24.828 , 24.828
0 , 0 , 24.86 , 24.86
0 , 0 , 24.89 , 24.89
0 , 0 , 24.922 , 24.922
0 , 0 , 24.922 , 24.922
0 , 0 , 24.966 , 24.966
0 , 0 , 24.998 , 24.998
0 , 0 , 25.013 , 25.013
0 , 0 , 25.028 , 25.028
0 , 0 , 25.06 , 25.06
0 , 0 , 25.092 , 25.092
0 , 0 , 25.122 , 25.122
0 , 0 , 25.122 , 25.122
0 , 0 , 25.166 , 25.166
0 , 0 , 25.198 , 25.198
0 , 0 , 25.198 , 25.198
0 , 0 , 25.23 , 25.23
0 , 0 , 25.26 , 25.26
0 , 0 , 25.292 , 25.292
0.016 , 0 , 25.292 , 25.308
0 , 0 , 25.324 , 25.324
0 , 0 , 25.368 , 25.368
0 , 0 , 25.368 , 25.368
0 , 0 , 25.398 , 25.398
0 , 0 , 25.43 , 25.43
0 , 0 , 25.462 , 25.462
0 , 0 , 25.492 , 25.492
0 , 0 , 25.492 , 25.492
0 , 0 , 25.524 , 25.524
0 , 0 , 25.568 , 25.568
0 , 0 , 25.568 , 25.568
0 , 0 , 25.6 , 25.6
0 , 0 , 25.63 , 25.63
0 , 0 , 25.662 , 25.662
0 , 0 , 25.694 , 25.694
0 , 0 , 25.694 , 25.694
0 , 0 , 25.724 , 25.724
0 , 0 , 25.768 , 25.768
0 , 0 , 25.768 , 25.768
0 , 0 , 25.8 , 25.8
0 , 0 , 25.832 , 25.832
0 , 0 , 25.862 , 25.862
0 , 0 , 25.894 , 25.894
0 , 0 , 25.926 , 25.926
0.003 , 0 , 25.961 , 25.964
0 , 0 , 25.968 , 25.968
0 , 0 , 26 , 26
0 , 0 , 26.03 , 26.03
0 , 0 , 26.062 , 26.062
0 , 0 , 26.094 , 26.094
0 , 0 , 26.124 , 26.124
0.016 , 0 , 26.124 , 26.14
0 , 0 , 26.168 , 26.168
0 , 0 , 26.2 , 26.2
0 , 0 , 26.232 , 26.232
0 , 0 , 26.262 , 26.262
0 , 0 , 26.262 , 26.262
0 , 0 , 26.294 , 26.294
0 , 0 , 26.326 , 26.326
0 , 0 , 26.37 , 26.37
0 , 0 , 26.37 , 26.37
0 , 0 , 26.4 , 26.4
0 , 0 , 26.432 , 26.432
0 , 0 , 26.464 , 26.464
0 , 0 , 26.494 , 26.494
0 , 0 , 26.526 , 26.526
0 , 0 , 26.569 , 26.569
0 , 0 , 26.57 , 26.57
0 , 0 , 26.6 , 26.6
0 , 0 , 26.632 , 26.632
0 , 0 , 26.664 , 26.664
0 , 0 , 26.694 , 26.694
0 , 0 , 26.726 , 26.726
0 , 0 , 26.77 , 26.77
0 , 0 , 26.77 , 26.77
0 , 0 , 26.802 , 26.802
0 , 0 , 26.832 , 26.832
0 , 0 , 26.864 , 26.864
0 , 0 , 26.896 , 26.896
0 , 0 , 26.926 , 26.926
0 , 0 , 26.97 , 26.97
0 , 0 , 27.002 , 27.002
0 , 0 , 27.032 , 27.032
0 , 0 , 27.064 , 27.064
0 , 0 , 27.096 , 27.096
0 , 0 , 27.126 , 27.126
0 , 0 , 27.17 , 27.17
0 , 0 , 27.202 , 27.202
0 , 0 , 27.234 , 27.234
0 , 0 , 27.264 , 27.264
0 , 0 , 27.296 , 27.296
0 , 0 , 27.326 , 27.326
0.001 , 0 , 27.366 , 27.367
0 , 0 , 27.372 , 27.372
0 , 0 , 27.402 , 27.402
0 , 0 , 27.434 , 27.434
0.015 , 0 , 27.466 , 27.481
0 , 0.016 , 27.496 , 27.512
0.001 , 0 , 27.566 , 27.567
0.016 , 0 , 27.572 , 27.588
0 , 0 , 27.634 , 27.634
0 , 0 , 27.666 , 27.666
0 , 0 , 27.696 , 27.696
0 , 0 , 27.728 , 27.728
0 , 0 , 27.768 , 27.768
0 , 0 , 27.772 , 27.772
0 , 0 , 27.804 , 27.804
0 , 0 , 27.836 , 27.836
0 , 0 , 27.866 , 27.866
0 , 0 , 27.898 , 27.898
0 , 0 , 27.928 , 27.928
0 , 0 , 27.974 , 27.974
0 , 0 , 28.004 , 28.004
0 , 0 , 28.036 , 28.036
0 , 0 , 28.068 , 28.068
0 , 0 , 28.098 , 28.098
0 , 0 , 28.13 , 28.13
0 , 0 , 28.172 , 28.172
0 , 0 , 28.172 , 28.172
0 , 0 , 28.204 , 28.204
0 , 0 , 28.238 , 28.238
0 , 0 , 28.27 , 28.27
0 , 0 , 28.3 , 28.3
0 , 0 , 28.332 , 28.332
0 , 0 , 28.374 , 28.374
0 , 0 , 28.406 , 28.406
0 , 0 , 28.436 , 28.436
0 , 0 , 28.468 , 28.468
0 , 0 , 28.5 , 28.5
0 , 0 , 28.53 , 28.53
0 , 0 , 28.574 , 28.574
0 , 0 , 28.606 , 28.606
0 , 0 , 28.638 , 28.638
0 , 0 , 28.668 , 28.668
0 , 0 , 28.7 , 28.7
0 , 0 , 28.732 , 28.732
0 , 0 , 28.776 , 28.776
0 , 0 , 28.806 , 28.806
0 , 0 , 28.838 , 28.838
0 , 0 , 28.87 , 28.87
0 , 0 , 28.9 , 28.9
0 , 0 , 28.932 , 28.932
0 , 0 , 28.976 , 28.976
0 , 0 , 29.006 , 29.006
0 , 0 , 29.038 , 29.038
0 , 0 , 29.07 , 29.07
0 , 0 , 29.1 , 29.1
0 , 0 , 29.132 , 29.132
0 , 0 , 29.176 , 29.176
0 , 0 , 29.208 , 29.208
0 , 0 , 29.238 , 29.238
0 , 0 , 29.27 , 29.27
0 , 0 , 29.3 , 29.3
0 , 0 , 29.332 , 29.332
0 , 0 , 29.376 , 29.376
0 , 0 , 29.408 , 29.408
0 , 0 , 29.438 , 29.438
0 , 0 , 29.47 , 29.47
0 , 0 , 29.502 , 29.502
0 , 0 , 29.532 , 29.532
0 , 0 , 29.576 , 29.576
0 , 0 , 29.608 , 29.608
0 , 0 , 29.638 , 29.638
0 , 0 , 29.67 , 29.67
0 , 0 , 29.702 , 29.702
0.001 , 0 , 29.764 , 29.765
0 , 0 , 29.776 , 29.776
0 , 0 , 29.808 , 29.808
0 , 0 , 29.838 , 29.838
0 , 0.016 , 29.87 , 29.886
0 , 0 , 29.932 , 29.932
0 , 0 , 29.972 , 29.972
0 , 0 , 29.976 , 29.976
0 , 0 , 30.04 , 30.04
0 , 0 , 30.07 , 30.07
0 , 0 , 30.102 , 30.102
0 , 0 , 30.132 , 30.132
0 , 0 , 30.176 , 30.176
0 , 0 , 30.208 , 30.208
0 , 0 , 30.238 , 30.238
0 , 0 , 30.27 , 30.27
0.015 , 0 , 30.302 , 30.317
0.001 , 0.001 , 30.366 , 30.368
0.016 , 0 , 30.376 , 30.392
0 , 0 , 30.438 , 30.438
0 , 0 , 30.47 , 30.47
0 , 0 , 30.502 , 30.502
0 , 0 , 30.532 , 30.532
0 , 0 , 30.576 , 30.576
0 , 0 , 30.608 , 30.608
0 , 0 , 30.638 , 30.638
0 , 0 , 30.67 , 30.67
0 , 0 , 30.702 , 30.702
0 , 0 , 30.766 , 30.766
0 , 0 , 30.776 , 30.776
0 , 0 , 30.808 , 30.808
0 , 0 , 30.87 , 30.87
0 , 0 , 30.902 , 30.902
0 , 0 , 30.932 , 30.932
0 , 0 , 30.976 , 30.976
0 , 0 , 31.008 , 31.008
0 , 0 , 31.038 , 31.038
0 , 0 , 31.07 , 31.07
0 , 0 , 31.102 , 31.102
0.016 , 0 , 31.132 , 31.148
0 , 0 , 31.176 , 31.176
0 , 0 , 31.208 , 31.208
0 , 0 , 31.27 , 31.27
0 , 0 , 31.302 , 31.302
0 , 0 , 31.332 , 31.332
0 , 0 , 31.378 , 31.378
0 , 0 , 31.408 , 31.408
0 , 0 , 31.44 , 31.44
0 , 0 , 31.47 , 31.47
0 , 0 , 31.534 , 31.534
0 , 0 , 31.57 , 31.57
0 , 0 , 31.578 , 31.578
0 , 0 , 31.64 , 31.64
0 , 0 , 31.672 , 31.672
0 , 0 , 31.702 , 31.702
0 , 0 , 31.734 , 31.734
0 , 0 , 31.778 , 31.778
0 , 0 , 31.81 , 31.81
0 , 0 , 31.84 , 31.84
0 , 0 , 31.904 , 31.904
0 , 0 , 31.934 , 31.934
0 , 0 , 31.978 , 31.978
0 , 0 , 32.01 , 32.01
0 , 0 , 32.042 , 32.042
0 , 0 , 32.072 , 32.072
0 , 0 , 32.136 , 32.136
0 , 0 , 32.178 , 32.178
0 , 0 , 32.21 , 32.21
0 , 0 , 32.242 , 32.242
0 , 0 , 32.274 , 32.274
0 , 0 , 32.304 , 32.304
0 , 0 , 32.371 , 32.371
0 , 0 , 32.38 , 32.38
0 , 0 , 32.442 , 32.442
0 , 0 , 32.474 , 32.474
0 , 0 , 32.506 , 32.506
0.016 , 0 , 32.536 , 32.552
0 , 0 , 32.58 , 32.58
0 , 0 , 32.644 , 32.644
0 , 0 , 32.674 , 32.674
0 , 0 , 32.706 , 32.706
0 , 0 , 32.738 , 32.738
0 , 0 , 32.782 , 32.782
0 , 0 , 32.844 , 32.844
0 , 0 , 32.876 , 32.876
0 , 0 , 32.906 , 32.906
0 , 0 , 32.938 , 32.938
0 , 0 , 32.982 , 32.982
0 , 0 , 33.044 , 33.044
0 , 0 , 33.076 , 33.076
0 , 0 , 33.108 , 33.108
0.016 , 0 , 33.138 , 33.154
0 , 0 , 33.182 , 33.182
0 , 0 , 33.246 , 33.246
0 , 0 , 33.276 , 33.276
0 , 0 , 33.308 , 33.308
0 , 0 , 33.34 , 33.34
0 , 0 , 33.384 , 33.384
0 , 0 , 33.446 , 33.446
0 , 0 , 33.478 , 33.478
0 , 0 , 33.508 , 33.508
0 , 0 , 33.54 , 33.54
0 , 0 , 33.584 , 33.584
0 , 0 , 33.646 , 33.646
0 , 0 , 33.676 , 33.676
0 , 0 , 33.708 , 33.708
0.001 , 0 , 33.755 , 33.756
0 , 0 , 33.784 , 33.784
0 , 0 , 33.846 , 33.846
0 , 0 , 33.878 , 33.878
0 , 0 , 33.908 , 33.908
0.001 , 0 , 33.978 , 33.979
0 , 0 , 34.016 , 34.016
0 , 0 , 34.046 , 34.046
0 , 0 , 34.11 , 34.11
0 , 0 , 34.14 , 34.14
0 , 0 , 34.186 , 34.186
0 , 0 , 34.216 , 34.216
0 , 0 , 34.278 , 34.278
0 , 0 , 34.31 , 34.31
0 , 0 , 34.342 , 34.342
0 , 0 , 34.386 , 34.386
0 , 0 , 34.448 , 34.448
0 , 0 , 34.48 , 34.48
0 , 0 , 34.51 , 34.51
0 , 0 , 34.581 , 34.581
0 , 0 , 34.618 , 34.618
0 , 0 , 34.648 , 34.648
0 , 0 , 34.68 , 34.68
0 , 0 , 34.742 , 34.742
0 , 0 , 34.786 , 34.786
0 , 0 , 34.818 , 34.818
0 , 0 , 34.85 , 34.85
0 , 0 , 34.912 , 34.912
0 , 0 , 34.944 , 34.944
0 , 0 , 34.988 , 34.988
0.016 , 0 , 35.018 , 35.034
0 , 0 , 35.082 , 35.082
0 , 0 , 35.128 , 35.128
0 , 0 , 35.188 , 35.188
0 , 0 , 35.22 , 35.22
0 , 0 , 35.25 , 35.25
0 , 0 , 35.314 , 35.314
0 , 0 , 35.344 , 35.344
0.016 , 0 , 35.388 , 35.404
0 , 0 , 35.45 , 35.45
0 , 0 , 35.482 , 35.482
0 , 0 , 35.544 , 35.544
0 , 0 , 35.588 , 35.588
0 , 0 , 35.62 , 35.62
0 , 0 , 35.682 , 35.682
0 , 0 , 35.714 , 35.714
0.001 , 0 , 35.776 , 35.777
0 , 0 , 35.82 , 35.82
0 , 0 , 35.852 , 35.852
0.016 , 0 , 35.882 , 35.898
0 , 0 , 35.946 , 35.946
0 , 0 , 35.99 , 35.99
0.015 , 0 , 36.022 , 36.037
0 , 0 , 36.084 , 36.084
0 , 0 , 36.114 , 36.114
0.001 , 0 , 36.188 , 36.189
0 , 0 , 36.222 , 36.222
0 , 0 , 36.252 , 36.252
0 , 0 , 36.316 , 36.316
0 , 0 , 36.346 , 36.346
0 , 0 , 36.39 , 36.39
0 , 0 , 36.454 , 36.454
0 , 0 , 36.484 , 36.484
0 , 0 , 36.516 , 36.516
0 , 0 , 36.59 , 36.59
0 , 0 , 36.622 , 36.622
0 , 0 , 36.652 , 36.652
0 , 0 , 36.716 , 36.716
0 , 0 , 36.746 , 36.746
0 , 0 , 36.792 , 36.792
0 , 0 , 36.854 , 36.854
0 , 0 , 36.886 , 36.886
0 , 0 , 36.948 , 36.948
0 , 0 , 36.992 , 36.992
0 , 0 , 37.024 , 37.024
0 , 0 , 37.086 , 37.086
0 , 0 , 37.118 , 37.118
0.001 , 0 , 37.187 , 37.188
0 , 0 , 37.224 , 37.224
0 , 0 , 37.256 , 37.256
0 , 0 , 37.318 , 37.318
0 , 0 , 37.35 , 37.35
0 , 0 , 37.394 , 37.394
0 , 0 , 37.456 , 37.456
0 , 0 , 37.488 , 37.488
0 , 0 , 37.55 , 37.55
0 , 0 , 37.594 , 37.594
0 , 0 , 37.626 , 37.626
0 , 0 , 37.688 , 37.688
0 , 0 , 37.72 , 37.72
0.001 , 0 , 37.788 , 37.789
0 , 0 , 37.826 , 37.826
0 , 0 , 37.858 , 37.858
0 , 0 , 37.92 , 37.92
0 , 0 , 37.952 , 37.952
0.015 , 0 , 37.996 , 38.011
0 , 0 , 38.058 , 38.058
0 , 0 , 38.12 , 38.12
0 , 0 , 38.152 , 38.152
0 , 0 , 38.196 , 38.196
0 , 0 , 38.26 , 38.26
0 , 0 , 38.292 , 38.292
0 , 0 , 38.354 , 38.354
0 , 0 , 38.396 , 38.396
0 , 0 , 38.458 , 38.458
0 , 0 , 38.49 , 38.49
0 , 0 , 38.552 , 38.552
0 , 0 , 38.596 , 38.596
0 , 0 , 38.658 , 38.658
0 , 0 , 38.69 , 38.69
0 , 0 , 38.752 , 38.752
0 , 0 , 38.796 , 38.796
0 , 0 , 38.828 , 38.828
0 , 0 , 38.89 , 38.89
0 , 0 , 38.922 , 38.922
0 , 0 , 38.995 , 38.995
0 , 0 , 39.028 , 39.028
0 , 0 , 39.092 , 39.092
0.022 , 0 , 39.138 , 39.16
0 , 0 , 39.228 , 39.228
0 , 0 , 39.29 , 39.29
0 , 0 , 39.354 , 39.354
0 , 0 , 39.398 , 39.398
0 , 0 , 39.43 , 39.43
0 , 0 , 39.522 , 39.522
0 , 0 , 39.598 , 39.598
0 , 0 , 39.628 , 39.628
0 , 0 , 39.692 , 39.692
0 , 0 , 39.722 , 39.722
0 , 0 , 39.796 , 39.796
0 , 0 , 39.83 , 39.83
0 , 0 , 39.892 , 39.892
0 , 0 , 39.922 , 39.922
0.002 , 0 , 39.994 , 39.996
0.016 , 0 , 40.03 , 40.046
0 , 0 , 40.092 , 40.092
0 , 0 , 40.154 , 40.154
0 , 0 , 40.2 , 40.2
0 , 0 , 40.262 , 40.262
0 , 0 , 40.294 , 40.294
0 , 0 , 40.356 , 40.356
0.001 , 0 , 40.421 , 40.422
0 , 0 , 40.472 , 40.472
0 , 0 , 40.522 , 40.522
0.001 , 0 , 40.572 , 40.573
0.002 , 0 , 40.626 , 40.628
0.001 , 0 , 40.68 , 40.681
0 , 0 , 40.732 , 40.732
0.001 , 0 , 40.782 , 40.783
0 , 0 , 40.832 , 40.832
0 , 0 , 40.883 , 40.883
0 , 0 , 40.934 , 40.934
0.001 , 0 , 40.984 , 40.985
0.001 , 0 , 41.036 , 41.037
0 , 0.001 , 41.09 , 41.091
0.001 , 0 , 41.146 , 41.147
0.001 , 0 , 41.198 , 41.199
0.001 , 0.001 , 41.252 , 41.254
0 , 0 , 41.306 , 41.306
0 , 0 , 41.356 , 41.356
0 , 0 , 41.41 , 41.41
0 , 0 , 41.462 , 41.462
0 , 0 , 41.513 , 41.513
0.002 , 0 , 41.564 , 41.566
0.002 , 0.001 , 41.618 , 41.621
0 , 0 , 41.674 , 41.674
0 , 0 , 41.726 , 41.726
0 , 0 , 41.776 , 41.776
0 , 0 , 41.828 , 41.828
0.003 , 0 , 41.88 , 41.883
0.001 , 0 , 41.936 , 41.937
0 , 0 , 41.989 , 41.989
0.001 , 0 , 42.042 , 42.043
0 , 0 , 42.101 , 42.101
0.016 , 0 , 42.126 , 42.142
0 , 0 , 42.188 , 42.188
0 , 0 , 42.25 , 42.25
0 , 0 , 42.325 , 42.325
0 , 0 , 42.356 , 42.356
0 , 0 , 42.42 , 42.42
0 , 0 , 42.482 , 42.482
0 , 0 , 42.526 , 42.526
0 , 0 , 42.588 , 42.588
0 , 0 , 42.62 , 42.62
0 , 0 , 42.682 , 42.682
0 , 0 , 42.726 , 42.726
0 , 0 , 42.79 , 42.79
0 , 0 , 42.852 , 42.852
0 , 0 , 42.919 , 42.919
0 , 0 , 42.958 , 42.958
0 , 0 , 43.022 , 43.022
0 , 0 , 43.084 , 43.084
0 , 0 , 43.128 , 43.128
0 , 0 , 43.19 , 43.19
0 , 0 , 43.252 , 43.252
0 , 0 , 43.284 , 43.284
0 , 0 , 43.36 , 43.36
0 , 0 , 43.422 , 43.422
0 , 0 , 43.452 , 43.452
0 , 0 , 43.528 , 43.528
0 , 0 , 43.592 , 43.592
0 , 0 , 43.622 , 43.622
0 , 0 , 43.684 , 43.684
0 , 0 , 43.73 , 43.73
0 , 0 , 43.792 , 43.792
0 , 0 , 43.854 , 43.854
0 , 0 , 43.928 , 43.928
0 , 0 , 43.96 , 43.96
0 , 0 , 44.024 , 44.024
0 , 0 , 44.086 , 44.086
0 , 0 , 44.162 , 44.162
0 , 0 , 44.224 , 44.224
0 , 0 , 44.254 , 44.254
0 , 0 , 44.33 , 44.33
0 , 0 , 44.394 , 44.394
0 , 0 , 44.424 , 44.424
0 , 0 , 44.486 , 44.486
0 , 0 , 44.562 , 44.562
0 , 0 , 44.594 , 44.594
0 , 0 , 44.656 , 44.656
0 , 0 , 44.732 , 44.732
0 , 0 , 44.764 , 44.764
0 , 0 , 44.826 , 44.826
0 , 0 , 44.888 , 44.888
0 , 0 , 44.932 , 44.932
0 , 0 , 44.994 , 44.994
0 , 0 , 45.058 , 45.058
0 , 0 , 45.134 , 45.134
0 , 0 , 45.164 , 45.164
0 , 0 , 45.226 , 45.226
0 , 0 , 45.29 , 45.29
0 , 0 , 45.364 , 45.364
0.016 , 0 , 45.396 , 45.412
0 , 0 , 45.458 , 45.458
0 , 0 , 45.534 , 45.534
0 , 0 , 45.596 , 45.596
0 , 0 , 45.66 , 45.66
0 , 0 , 45.69 , 45.69
0 , 0 , 45.766 , 45.766
0 , 0 , 45.828 , 45.828
0 , 0 , 45.876 , 45.876
0 , 0 , 45.936 , 45.936
0 , 0 , 45.998 , 45.998
0 , 0 , 46.06 , 46.06
0 , 0 , 46.129 , 46.129
0 , 0 , 46.168 , 46.168
0 , 0 , 46.23 , 46.23
0 , 0 , 46.292 , 46.292
0 , 0 , 46.336 , 46.336
0 , 0 , 46.4 , 46.4
0 , 0 , 46.462 , 46.462
0 , 0 , 46.536 , 46.536
0 , 0 , 46.568 , 46.568
0 , 0 , 46.63 , 46.63
0 , 0 , 46.694 , 46.694
0 , 0 , 46.768 , 46.768
0 , 0 , 46.832 , 46.832
0 , 0 , 46.862 , 46.862
0 , 0 , 46.938 , 46.938
0 , 0 , 47 , 47
0 , 0 , 47.064 , 47.064
0.001 , 0 , 47.135 , 47.136
0 , 0 , 47.17 , 47.17
0.015 , 0 , 47.232 , 47.247
0.022 , 0 , 47.294 , 47.316
0 , 0 , 47.4 , 47.4
0 , 0 , 47.464 , 47.464
0 , 0 , 47.538 , 47.538
0 , 0 , 47.602 , 47.602
0 , 0 , 47.632 , 47.632
0 , 0 , 47.696 , 47.696
0 , 0 , 47.77 , 47.77
0 , 0 , 47.834 , 47.834
0 , 0 , 47.896 , 47.896
0 , 0 , 47.94 , 47.94
0 , 0 , 48.002 , 48.002
0 , 0 , 48.066 , 48.066
0 , 0 , 48.14 , 48.14
0 , 0 , 48.202 , 48.202
0 , 0 , 48.268 , 48.268
0.001 , 0 , 48.336 , 48.337
0 , 0 , 48.372 , 48.372
0 , 0 , 48.434 , 48.434
0 , 0 , 48.496 , 48.496
0 , 0 , 48.57 , 48.57
0 , 0 , 48.634 , 48.634
0 , 0 , 48.696 , 48.696
0 , 0 , 48.74 , 48.74
0.016 , 0 , 48.802 , 48.818
0 , 0 , 48.896 , 48.896
0 , 0 , 48.94 , 48.94
0 , 0 , 49.004 , 49.004
0 , 0 , 49.066 , 49.066
0 , 0 , 49.14 , 49.14
0 , 0 , 49.204 , 49.204
0 , 0 , 49.266 , 49.266
0 , 0 , 49.34 , 49.34
0 , 0 , 49.404 , 49.404
0 , 0 , 49.466 , 49.466
0 , 0.001 , 49.53 , 49.531
0 , 0 , 49.572 , 49.572
0 , 0 , 49.634 , 49.634
0 , 0 , 49.698 , 49.698
0 , 0 , 49.774 , 49.774
0 , 0 , 49.836 , 49.836
0 , 0 , 49.898 , 49.898
0 , 0 , 49.942 , 49.942
0 , 0 , 50.004 , 50.004
0.015 , 0 , 50.068 , 50.083
0 , 0 , 50.142 , 50.142
0 , 0 , 50.204 , 50.204
0 , 0 , 50.268 , 50.268
0 , 0 , 50.342 , 50.342
0 , 0 , 50.406 , 50.406
0 , 0 , 50.468 , 50.468
0 , 0 , 50.538 , 50.538
0 , 0 , 50.574 , 50.574
0 , 0 , 50.638 , 50.638
0 , 0 , 50.7 , 50.7
0 , 0 , 50.776 , 50.776
0 , 0 , 50.838 , 50.838
0 , 0 , 50.9 , 50.9
0 , 0.016 , 50.944 , 50.96
0 , 0 , 51.038 , 51.038
0 , 0 , 51.1 , 51.1
0 , 0 , 51.176 , 51.176
0 , 0 , 51.238 , 51.238
0 , 0 , 51.3 , 51.3
0.016 , 0 , 51.344 , 51.36
0 , 0 , 51.422 , 51.422
0 , 0 , 51.5 , 51.5
0 , 0 , 51.544 , 51.544
0 , 0 , 51.606 , 51.606
0 , 0 , 51.668 , 51.668
0 , 0 , 51.744 , 51.744
0 , 0 , 51.806 , 51.806
0 , 0 , 51.868 , 51.868
0 , 0 , 51.944 , 51.944
0 , 0 , 52.006 , 52.006
0 , 0 , 52.068 , 52.068
0 , 0 , 52.142 , 52.142
0 , 0 , 52.206 , 52.206
0 , 0 , 52.268 , 52.268
0 , 0 , 52.342 , 52.342
0 , 0 , 52.404 , 52.404
0 , 0 , 52.468 , 52.468
0 , 0 , 52.541 , 52.541
0 , 0.016 , 52.574 , 52.59
0 , 0 , 52.668 , 52.668
0 , 0 , 52.734 , 52.734
0 , 0 , 52.774 , 52.774
0 , 0 , 52.836 , 52.836
0 , 0 , 52.898 , 52.898
0 , 0 , 52.974 , 52.974
0.016 , 0 , 53.036 , 53.052
0.003 , 0.001 , 53.114 , 53.118
0.016 , 0 , 53.174 , 53.19
0 , 0 , 53.268 , 53.268
0 , 0 , 53.344 , 53.344
0 , 0 , 53.406 , 53.406
0 , 0 , 53.468 , 53.468
0 , 0 , 53.542 , 53.542
0 , 0 , 53.606 , 53.606
0 , 0 , 53.668 , 53.668
0 , 0 , 53.744 , 53.744
0 , 0 , 53.806 , 53.806
0 , 0 , 53.868 , 53.868
0 , 0 , 53.944 , 53.944
0 , 0 , 54.006 , 54.006
0 , 0 , 54.068 , 54.068
0 , 0 , 54.176 , 54.176
0 , 0 , 54.238 , 54.238
0 , 0 , 54.3 , 54.3
0 , 0 , 54.376 , 54.376
0 , 0 , 54.438 , 54.438
0 , 0 , 54.502 , 54.502
0 , 0 , 54.578 , 54.578
0 , 0 , 54.64 , 54.64
0.017 , 0 , 54.702 , 54.719
0 , 0 , 54.778 , 54.778
0.016 , 0 , 54.84 , 54.856
0 , 0 , 54.938 , 54.938
0 , 0 , 54.978 , 54.978
0 , 0 , 55.072 , 55.072
0.001 , 0 , 55.142 , 55.143
0 , 0 , 55.21 , 55.21
0 , 0 , 55.272 , 55.272
0.001 , 0 , 55.344 , 55.345
0 , 0 , 55.41 , 55.41
0 , 0 , 55.472 , 55.472
0 , 0 , 55.548 , 55.548
0 , 0 , 55.61 , 55.61
0 , 0 , 55.672 , 55.672
0 , 0 , 55.748 , 55.748
0 , 0 , 55.81 , 55.81
0 , 0 , 55.874 , 55.874
0 , 0 , 55.95 , 55.95
0 , 0 , 56.012 , 56.012
0 , 0 , 56.106 , 56.106
0 , 0 , 56.18 , 56.18
0 , 0 , 56.244 , 56.244
0 , 0 , 56.306 , 56.306
0 , 0 , 56.38 , 56.38
0 , 0 , 56.474 , 56.474
0 , 0 , 56.548 , 56.548
0 , 0 , 56.612 , 56.612
0 , 0 , 56.674 , 56.674
0 , 0 , 56.75 , 56.75
0 , 0 , 56.812 , 56.812
0 , 0 , 56.874 , 56.874
0 , 0 , 56.95 , 56.95
0 , 0 , 57.012 , 57.012
0 , 0 , 57.106 , 57.106
0 , 0 , 57.182 , 57.182
0 , 0 , 57.244 , 57.244
0 , 0 , 57.308 , 57.308
0 , 0 , 57.382 , 57.382
0 , 0 , 57.446 , 57.446
0.003 , 0 , 57.54 , 57.543
0 , 0 , 57.614 , 57.614
0 , 0 , 57.678 , 57.678
0 , 0 , 57.752 , 57.752
0 , 0 , 57.816 , 57.816
0 , 0 , 57.878 , 57.878
0 , 0 , 57.954 , 57.954
0.016 , 0 , 58.016 , 58.032
0 , 0 , 58.11 , 58.11
0 , 0 , 58.184 , 58.184
0 , 0 , 58.25 , 58.25
0.017 , 0 , 58.312 , 58.329
0 , 0 , 58.416 , 58.416
0 , 0 , 58.478 , 58.478
0 , 0 , 58.552 , 58.552
0 , 0 , 58.616 , 58.616
0 , 0 , 58.71 , 58.71
0 , 0 , 58.784 , 58.784
0 , 0 , 58.848 , 58.848
0.001 , 0 , 58.925 , 58.926
0 , 0 , 58.986 , 58.986
0 , 0 , 59.08 , 59.08
0 , 0 , 59.154 , 59.154
0 , 0 , 59.218 , 59.218
0 , 0 , 59.28 , 59.28
0 , 0 , 59.356 , 59.356
0 , 0 , 59.45 , 59.45
0 , 0 , 59.512 , 59.512
0 , 0 , 59.588 , 59.588
0 , 0 , 59.65 , 59.65
0.001 , 0 , 59.747 , 59.748
0 , 0 , 59.82 , 59.82
0 , 0 , 59.882 , 59.882
0 , 0 , 59.956 , 59.956
0 , 0 , 60.018 , 60.018
0 , 0 , 60.112 , 60.112
0 , 0 , 60.188 , 60.188
0 , 0 , 60.25 , 60.25
0 , 0 , 60.314 , 60.314
0 , 0 , 60.388 , 60.388
0 , 0 , 60.482 , 60.482
0 , 0 , 60.558 , 60.558
0 , 0 , 60.62 , 60.62
0 , 0 , 60.684 , 60.684
0 , 0 , 60.758 , 60.758
0 , 0 , 60.852 , 60.852
0 , 0 , 60.916 , 60.916
0 , 0 , 60.99 , 60.99
0.015 , 0 , 61.054 , 61.069
0 , 0 , 61.16 , 61.16
0 , 0 , 61.222 , 61.222
0 , 0 , 61.284 , 61.284
0 , 0 , 61.36 , 61.36
0 , 0 , 61.422 , 61.422
0 , 0 , 61.516 , 61.516
0 , 0 , 61.592 , 61.592
0 , 0 , 61.654 , 61.654
0 , 0 , 61.716 , 61.716
0 , 0 , 61.792 , 61.792
0 , 0 , 61.886 , 61.886
0 , 0 , 61.962 , 61.962
0 , 0 , 62.056 , 62.056
0 , 0 , 62.118 , 62.118
0 , 0 , 62.194 , 62.194
0 , 0 , 62.288 , 62.288
0 , 0 , 62.362 , 62.362
0.015 , 0 , 62.426 , 62.441
0.021 , 0 , 62.52 , 62.541
0 , 0 , 62.626 , 62.626
0 , 0 , 62.688 , 62.688
0 , 0 , 62.764 , 62.764
0 , 0 , 62.858 , 62.858
0 , 0 , 62.92 , 62.92
0 , 0 , 62.996 , 62.996
0 , 0 , 63.09 , 63.09
0 , 0 , 63.164 , 63.164
0.015 , 0 , 63.228 , 63.243
0 , 0 , 63.32 , 63.32
0.016 , 0 , 63.396 , 63.412
0 , 0 , 63.49 , 63.49
0 , 0 , 63.566 , 63.566
0 , 0 , 63.66 , 63.66
0 , 0 , 63.722 , 63.722
0 , 0 , 63.798 , 63.798
0 , 0 , 63.892 , 63.892
0 , 0 , 63.968 , 63.968
0 , 0 , 64.03 , 64.03
0 , 0 , 64.124 , 64.124
0 , 0 , 64.198 , 64.198
0.015 , 0 , 64.262 , 64.277
0 , 0 , 64.368 , 64.368
0 , 0 , 64.43 , 64.43
0.015 , 0 , 64.494 , 64.509
0 , 0 , 64.6 , 64.6
0 , 0 , 64.662 , 64.662
0 , 0 , 64.769 , 64.769
0 , 0 , 64.832 , 64.832
0.016 , 0 , 64.894 , 64.91
0 , 0 , 65.002 , 65.002
0 , 0 , 65.064 , 65.064
0 , 0 , 65.162 , 65.162
0 , 0 , 65.234 , 65.234
0 , 0 , 65.328 , 65.328
0.016 , 0 , 65.402 , 65.418
0 , 0 , 65.496 , 65.496
0 , 0.015 , 65.572 , 65.587
0 , 0 , 65.664 , 65.664
0 , 0 , 65.772 , 65.772
0.016 , 0 , 65.834 , 65.85
0 , 0 , 65.928 , 65.928
0 , 0 , 66.004 , 66.004
0 , 0 , 66.098 , 66.098
0.001 , 0.001 , 66.188 , 66.19
0.001 , 0 , 66.274 , 66.275
0 , 0 , 66.358 , 66.358
0.026 , 0.003 , 66.444 , 66.473
0.02 , 0.002 , 66.591 , 66.613
0.015 , 0.016 , 66.708 , 66.739
0.031 , 0 , 66.846 , 66.877
0.001 , 0 , 66.986 , 66.987
0 , 0 , 67.078 , 67.078
0 , 0 , 67.14 , 67.14
0 , 0 , 67.246 , 67.246
0 , 0 , 67.31 , 67.31
0 , 0 , 67.408 , 67.408
0 , 0 , 67.478 , 67.478
0 , 0 , 67.542 , 67.542
0 , 0 , 67.616 , 67.616
0 , 0 , 67.71 , 67.71
0.001 , 0 , 67.806 , 67.807
0 , 0 , 67.88 , 67.88
0 , 0 , 67.942 , 67.942
0 , 0 , 68.018 , 68.018
0 , 0 , 68.112 , 68.112
0 , 0 , 68.212 , 68.212
0 , 0 , 68.284 , 68.284
0 , 0 , 68.346 , 68.346
0 , 0 , 68.45 , 68.45
0 , 0 , 68.512 , 68.512
0.001 , 0 , 68.616 , 68.617
0 , 0 , 68.682 , 68.682
0 , 0 , 68.776 , 68.776
0 , 0 , 68.85 , 68.85
0 , 0 , 68.944 , 68.944
0 , 0 , 69.02 , 69.02
0 , 0 , 69.114 , 69.114
0.001 , 0 , 69.192 , 69.193
0 , 0 , 69.284 , 69.284
0 , 0 , 69.346 , 69.346
0 , 0 , 69.452 , 69.452
0 , 0 , 69.514 , 69.514
0.001 , 0 , 69.619 , 69.62
0 , 0 , 69.684 , 69.684
0 , 0 , 69.778 , 69.778
0 , 0 , 69.854 , 69.854
0 , 0 , 69.948 , 69.948
0 , 0 , 70.022 , 70.022
0 , 0 , 70.116 , 70.116
0.015 , 0 , 70.18 , 70.195
0 , 0 , 70.286 , 70.286
0 , 0 , 70.348 , 70.348
0 , 0 , 70.456 , 70.456
0 , 0 , 70.518 , 70.518
0 , 0 , 70.624 , 70.624
0 , 0 , 70.688 , 70.688
0 , 0 , 70.78 , 70.78
0 , 0 , 70.856 , 70.856
0 , 0 , 70.95 , 70.95
0 , 0 , 71.026 , 71.026
0 , 0 , 71.12 , 71.12
0 , 0 , 71.217 , 71.217
0 , 0 , 71.288 , 71.288
0 , 0 , 71.382 , 71.382
0 , 0 , 71.458 , 71.458
0 , 0 , 71.552 , 71.552
0 , 0 , 71.628 , 71.628
0 , 0 , 71.722 , 71.722
0 , 0 , 71.784 , 71.784
0 , 0 , 71.874 , 71.874
0 , 0 , 71.952 , 71.952
0 , 0 , 72.06 , 72.06
0.016 , 0 , 72.122 , 72.138
0 , 0 , 72.228 , 72.228
0 , 0 , 72.322 , 72.322
0 , 0 , 72.386 , 72.386
0 , 0 , 72.492 , 72.492
0 , 0 , 72.554 , 72.554
0 , 0 , 72.662 , 72.662
0 , 0 , 72.724 , 72.724
0 , 0 , 72.83 , 72.83
0 , 0 , 72.894 , 72.894
0 , 0 , 72.988 , 72.988
0 , 0.016 , 73.062 , 73.078
0 , 0 , 73.188 , 73.188
0 , 0 , 73.294 , 73.294
0 , 0 , 73.388 , 73.388
0 , 0 , 73.494 , 73.494
0 , 0 , 73.558 , 73.558
0 , 0 , 73.664 , 73.664
0 , 0 , 73.742 , 73.742
0 , 0 , 73.834 , 73.834
0 , 0 , 73.928 , 73.928
0 , 0 , 73.99 , 73.99
0 , 0 , 74.096 , 74.096
0 , 0 , 74.19 , 74.19
0 , 0 , 74.266 , 74.266
0 , 0 , 74.36 , 74.36
0 , 0 , 74.436 , 74.436
0 , 0 , 74.53 , 74.53
0 , 0 , 74.635 , 74.635
0 , 0 , 74.698 , 74.698
0 , 0 , 74.792 , 74.792
0 , 0 , 74.9 , 74.9
0 , 0 , 74.994 , 74.994
0 , 0 , 75.1 , 75.1
0 , 0 , 75.162 , 75.162
0 , 0 , 75.27 , 75.27
0 , 0 , 75.364 , 75.364
0 , 0 , 75.438 , 75.438
0 , 0 , 75.532 , 75.532
0 , 0 , 75.631 , 75.631
0 , 0 , 75.702 , 75.702
0 , 0 , 75.796 , 75.796
0 , 0 , 75.872 , 75.872
0 , 0 , 75.966 , 75.966
0 , 0 , 76.04 , 76.04
0 , 0 , 76.134 , 76.134
0 , 0 , 76.242 , 76.242
0 , 0 , 76.336 , 76.336
0 , 0 , 76.398 , 76.398
0 , 0 , 76.504 , 76.504
0 , 0 , 76.598 , 76.598
0 , 0 , 76.672 , 76.672
0 , 0 , 76.766 , 76.766
0 , 0 , 76.842 , 76.842
0 , 0 , 76.936 , 76.936
0 , 0 , 77.038 , 77.038
0 , 0 , 77.106 , 77.106
0 , 0 , 77.2 , 77.2
0 , 0 , 77.306 , 77.306
0 , 0 , 77.368 , 77.368
0 , 0 , 77.476 , 77.476
0 , 0 , 77.57 , 77.57
0 , 0 , 77.644 , 77.644
0 , 0 , 77.738 , 77.738
0 , 0 , 77.846 , 77.846
0 , 0 , 77.94 , 77.94
0 , 0 , 78.002 , 78.002
0 , 0 , 78.108 , 78.108
0 , 0 , 78.202 , 78.202
0 , 0 , 78.278 , 78.278
0 , 0 , 78.372 , 78.372
0 , 0 , 78.478 , 78.478
0 , 0 , 78.542 , 78.542
0 , 0 , 78.648 , 78.648
0 , 0 , 78.742 , 78.742
0 , 0 , 78.836 , 78.836
0 , 0 , 78.912 , 78.912
0 , 0 , 79.004 , 79.004
0 , 0 , 79.08 , 79.08
0 , 0 , 79.174 , 79.174
0 , 0 , 79.282 , 79.282
0 , 0 , 79.344 , 79.344
0 , 0 , 79.45 , 79.45
0 , 0 , 79.544 , 79.544
0 , 0 , 79.622 , 79.622
0 , 0 , 79.714 , 79.714
0 , 0 , 79.808 , 79.808
0 , 0 , 79.882 , 79.882
0 , 0 , 79.976 , 79.976
0 , 0 , 80.084 , 80.084
0 , 0 , 80.178 , 80.178
0 , 0 , 80.252 , 80.252
0 , 0 , 80.346 , 80.346
0 , 0 , 80.452 , 80.452
0 , 0 , 80.516 , 80.516
0 , 0 , 80.608 , 80.608
0 , 0 , 80.714 , 80.714
0 , 0 , 80.808 , 80.808
0 , 0 , 80.884 , 80.884
0 , 0 , 80.978 , 80.978
0 , 0 , 81.054 , 81.054
0 , 0 , 81.148 , 81.148
0 , 0 , 81.254 , 81.254
0 , 0 , 81.348 , 81.348
0 , 0 , 81.444 , 81.444
0 , 0 , 81.516 , 81.516
0 , 0 , 81.61 , 81.61
0 , 0 , 81.686 , 81.686
0 , 0 , 81.78 , 81.78
0 , 0 , 81.886 , 81.886
0 , 0 , 81.98 , 81.98
0 , 0 , 82.056 , 82.056
0 , 0 , 82.15 , 82.15
0 , 0 , 82.256 , 82.256
0 , 0 , 82.35 , 82.35
0.001 , 0 , 82.45 , 82.451
0 , 0 , 82.52 , 82.52
0 , 0 , 82.614 , 82.614
0 , 0 , 82.72 , 82.72
0 , 0 , 82.798 , 82.798
0 , 0 , 82.89 , 82.89
0 , 0 , 82.984 , 82.984
0 , 0 , 83.09 , 83.09
0 , 0 , 83.184 , 83.184
0 , 0 , 83.26 , 83.26
0 , 0 , 83.354 , 83.354
0 , 0 , 83.46 , 83.46
0.016 , 0 , 83.522 , 83.538
0 , 0 , 83.616 , 83.616
0 , 0 , 83.724 , 83.724
0 , 0 , 83.818 , 83.818
0 , 0 , 83.892 , 83.892
0 , 0 , 83.986 , 83.986
0 , 0 , 84.094 , 84.094
0 , 0 , 84.188 , 84.188
0 , 0 , 84.262 , 84.262
0 , 0 , 84.356 , 84.356
0 , 0 , 84.464 , 84.464
0 , 0 , 84.558 , 84.558
0 , 0 , 84.636 , 84.636
0 , 0 , 84.726 , 84.726
0 , 0 , 84.82 , 84.82
0 , 0 , 84.896 , 84.896
0 , 0 , 84.99 , 84.99
0 , 0 , 85.16 , 85.16
0 , 0 , 85.258 , 85.258
0 , 0 , 85.328 , 85.328
0 , 0 , 85.422 , 85.422
0 , 0 , 85.53 , 85.53
0 , 0 , 85.622 , 85.622
0 , 0 , 85.698 , 85.698
0 , 0 , 85.792 , 85.792
0 , 0 , 85.9 , 85.9
0 , 0 , 85.992 , 85.992
0 , 0 , 86.068 , 86.068
0 , 0 , 86.162 , 86.162
0 , 0 , 86.27 , 86.27
0 , 0 , 86.362 , 86.362
0.002 , 0 , 86.461 , 86.463
0 , 0 , 86.532 , 86.532
0 , 0 , 86.626 , 86.626
0 , 0 , 86.732 , 86.732
0 , 0 , 86.826 , 86.826
0 , 0 , 86.902 , 86.902
0 , 0 , 87.012 , 87.012
0 , 0 , 87.102 , 87.102
0.015 , 0 , 87.196 , 87.211
Total CPU = 60196.1299999999