#Qurey Time, Memory allocation , I/O Time , Total
0 , 0 , 25.674 , 25.674
0 , 0 , 25.674 , 25.674
0 , 0 , 25.674 , 25.674
0 , 0 , 25.674 , 25.674
0 , 0 , 25.674 , 25.674
0 , 0 , 25.704 , 25.704
0 , 0 , 25.704 , 25.704
0 , 0 , 25.704 , 25.704
0 , 0 , 25.704 , 25.704
0 , 0 , 25.704 , 25.704
0 , 0 , 25.704 , 25.704
0 , 0 , 25.704 , 25.704
0 , 0 , 25.704 , 25.704
0 , 0 , 25.704 , 25.704
0 , 0 , 25.704 , 25.704
0 , 0 , 25.704 , 25.704
0 , 0 , 25.704 , 25.704
0 , 0 , 25.704 , 25.704
0 , 0 , 25.704 , 25.704
0 , 0 , 25.704 , 25.704
0 , 0 , 25.704 , 25.704
0.016 , 0 , 25.704 , 25.72
0 , 0 , 25.736 , 25.736
0 , 0 , 25.736 , 25.736
0 , 0 , 25.736 , 25.736
0 , 0 , 25.736 , 25.736
0 , 0 , 25.736 , 25.736
0 , 0 , 25.736 , 25.736
0 , 0 , 25.736 , 25.736
0 , 0 , 25.736 , 25.736
0 , 0 , 25.736 , 25.736
0 , 0 , 25.736 , 25.736
0 , 0 , 25.736 , 25.736
0 , 0 , 25.842 , 25.842
0 , 0 , 25.842 , 25.842
0 , 0 , 25.872 , 25.872
0 , 0 , 25.872 , 25.872
0 , 0 , 25.872 , 25.872
0 , 0 , 25.904 , 25.904
0 , 0 , 25.904 , 25.904
0 , 0 , 25.904 , 25.904
0.016 , 0 , 25.904 , 25.92
0 , 0 , 25.936 , 25.936
0 , 0 , 25.936 , 25.936
0 , 0 , 25.936 , 25.936
0 , 0 , 25.966 , 25.966
0 , 0 , 25.966 , 25.966
0 , 0 , 25.966 , 25.966
0 , 0 , 25.966 , 25.966
0 , 0 , 25.966 , 25.966
0 , 0 , 25.966 , 25.966
0 , 0 , 25.966 , 25.966
0 , 0 , 25.966 , 25.966
0 , 0 , 26.002 , 26.002
0 , 0 , 26.006 , 26.006
0 , 0 , 26.01 , 26.01
0 , 0 , 26.012 , 26.012
0 , 0 , 26.012 , 26.012
0 , 0 , 26.012 , 26.012
0 , 0 , 26.012 , 26.012
0 , 0 , 26.012 , 26.012
0 , 0 , 26.012 , 26.012
0 , 0 , 26.042 , 26.042
0 , 0 , 26.042 , 26.042
0 , 0 , 26.042 , 26.042
0 , 0 , 26.042 , 26.042
0 , 0 , 26.042 , 26.042
0 , 0 , 26.042 , 26.042
0 , 0 , 26.042 , 26.042
0 , 0 , 26.042 , 26.042
0 , 0 , 26.074 , 26.074
0 , 0 , 26.074 , 26.074
0 , 0 , 26.074 , 26.074
0 , 0 , 26.074 , 26.074
0 , 0 , 26.074 , 26.074
0 , 0 , 26.074 , 26.074
0 , 0 , 26.074 , 26.074
0 , 0 , 26.106 , 26.106
0 , 0 , 26.106 , 26.106
0 , 0 , 26.106 , 26.106
0 , 0 , 26.106 , 26.106
0 , 0 , 26.106 , 26.106
0 , 0 , 26.106 , 26.106
0 , 0 , 26.106 , 26.106
0 , 0 , 26.136 , 26.136
0 , 0 , 26.136 , 26.136
0 , 0 , 26.136 , 26.136
0 , 0 , 26.136 , 26.136
0 , 0 , 26.136 , 26.136
0 , 0 , 26.136 , 26.136
0 , 0 , 26.136 , 26.136
0 , 0 , 26.168 , 26.168
0 , 0 , 26.168 , 26.168
0 , 0 , 26.168 , 26.168
0 , 0 , 26.168 , 26.168
0 , 0 , 26.168 , 26.168
0 , 0 , 26.168 , 26.168
0.001 , 0 , 26.202 , 26.203
0 , 0 , 26.208 , 26.208
0 , 0 , 26.212 , 26.212
0 , 0 , 26.212 , 26.212
0 , 0 , 26.212 , 26.212
0 , 0 , 26.212 , 26.212
0 , 0 , 26.212 , 26.212
0 , 0 , 26.212 , 26.212
0 , 0 , 26.244 , 26.244
0 , 0 , 26.244 , 26.244
0 , 0 , 26.244 , 26.244
0 , 0 , 26.244 , 26.244
0 , 0 , 26.244 , 26.244
0 , 0 , 26.274 , 26.274
0 , 0 , 26.274 , 26.274
0 , 0 , 26.274 , 26.274
0 , 0 , 26.274 , 26.274
0 , 0 , 26.274 , 26.274
0 , 0 , 26.274 , 26.274
0 , 0 , 26.306 , 26.306
0 , 0 , 26.306 , 26.306
0 , 0 , 26.306 , 26.306
0 , 0 , 26.306 , 26.306
0 , 0 , 26.306 , 26.306
0 , 0 , 26.336 , 26.336
0 , 0 , 26.336 , 26.336
0 , 0 , 26.336 , 26.336
0 , 0 , 26.336 , 26.336
0 , 0 , 26.336 , 26.336
0 , 0 , 26.368 , 26.368
0 , 0 , 26.368 , 26.368
0 , 0 , 26.368 , 26.368
0 , 0 , 26.368 , 26.368
0 , 0 , 26.4 , 26.4
0 , 0 , 26.406 , 26.406
0 , 0 , 26.412 , 26.412
0 , 0 , 26.412 , 26.412
0 , 0 , 26.412 , 26.412
0 , 0 , 26.412 , 26.412
0 , 0 , 26.412 , 26.412
0 , 0 , 26.444 , 26.444
0 , 0 , 26.444 , 26.444
0 , 0 , 26.444 , 26.444
0 , 0 , 26.444 , 26.444
0 , 0 , 26.476 , 26.476
0 , 0 , 26.476 , 26.476
0 , 0 , 26.476 , 26.476
0 , 0 , 26.476 , 26.476
0 , 0 , 26.476 , 26.476
0 , 0 , 26.506 , 26.506
0 , 0 , 26.506 , 26.506
0 , 0 , 26.506 , 26.506
0 , 0 , 26.506 , 26.506
0 , 0 , 26.538 , 26.538
0 , 0 , 26.538 , 26.538
0 , 0 , 26.538 , 26.538
0 , 0 , 26.538 , 26.538
0 , 0 , 26.568 , 26.568
0 , 0 , 26.568 , 26.568
0 , 0 , 26.568 , 26.568
0 , 0 , 26.568 , 26.568
0 , 0 , 26.604 , 26.604
0 , 0 , 26.612 , 26.612
0 , 0 , 26.62 , 26.62
0 , 0 , 26.63 , 26.63
0 , 0 , 26.638 , 26.638
0.001 , 0 , 26.646 , 26.647
0.001 , 0 , 26.654 , 26.655
0 , 0 , 26.664 , 26.664
0 , 0 , 26.672 , 26.672
0 , 0 , 26.68 , 26.68
0 , 0 , 26.688 , 26.688
0 , 0 , 26.697 , 26.697
0 , 0 , 26.706 , 26.706
0 , 0 , 26.714 , 26.714
0 , 0 , 26.722 , 26.722
0 , 0 , 26.732 , 26.732
0 , 0 , 26.74 , 26.74
0.001 , 0 , 26.748 , 26.749
0 , 0 , 26.758 , 26.758
0 , 0 , 26.766 , 26.766
0 , 0 , 26.774 , 26.774
0 , 0 , 26.784 , 26.784
0 , 0 , 26.794 , 26.794
0.001 , 0 , 26.802 , 26.803
0 , 0 , 26.812 , 26.812
0 , 0 , 26.822 , 26.822
0 , 0 , 26.83 , 26.83
0 , 0 , 26.842 , 26.842
0 , 0 , 26.85 , 26.85
0 , 0 , 26.86 , 26.86
0 , 0 , 26.87 , 26.87
0.001 , 0 , 26.878 , 26.879
0.001 , 0 , 26.888 , 26.889
0.001 , 0 , 26.898 , 26.899
0 , 0 , 26.908 , 26.908
0.001 , 0 , 26.918 , 26.919
0 , 0 , 26.928 , 26.928
0 , 0 , 26.938 , 26.938
0 , 0 , 26.95 , 26.95
0 , 0 , 26.959 , 26.959
0 , 0 , 26.968 , 26.968
0 , 0 , 26.98 , 26.98
0 , 0 , 26.99 , 26.99
0 , 0 , 27 , 27
0 , 0 , 27.01 , 27.01
0.001 , 0 , 27.02 , 27.021
0.001 , 0 , 27.03 , 27.031
0 , 0 , 27.04 , 27.04
0.001 , 0 , 27.05 , 27.051
0 , 0 , 27.06 , 27.06
0 , 0.001 , 27.07 , 27.071
0 , 0 , 27.081 , 27.081
0 , 0 , 27.091 , 27.091
0 , 0.001 , 27.102 , 27.103
0.001 , 0 , 27.112 , 27.113
0.001 , 0 , 27.122 , 27.123
0 , 0 , 27.134 , 27.134
0 , 0 , 27.144 , 27.144
0.001 , 0 , 27.154 , 27.155
0 , 0 , 27.166 , 27.166
0 , 0 , 27.176 , 27.176
0 , 0 , 27.186 , 27.186
0.001 , 0 , 27.196 , 27.197
0 , 0 , 27.208 , 27.208
0.001 , 0 , 27.218 , 27.219
0 , 0 , 27.23 , 27.23
0.001 , 0 , 27.24 , 27.241
0 , 0 , 27.252 , 27.252
0 , 0 , 27.264 , 27.264
0 , 0 , 27.274 , 27.274
0 , 0 , 27.286 , 27.286
0 , 0 , 27.298 , 27.298
0 , 0 , 27.308 , 27.309
0 , 0 , 27.322 , 27.322
0 , 0 , 27.334 , 27.334
0.001 , 0 , 27.344 , 27.345
0 , 0 , 27.356 , 27.356
0 , 0 , 27.368 , 27.368
0 , 0 , 27.38 , 27.38
0 , 0 , 27.39 , 27.39
0 , 0 , 27.402 , 27.402
0 , 0 , 27.414 , 27.414
0 , 0 , 27.426 , 27.426
0 , 0 , 27.438 , 27.438
0 , 0 , 27.45 , 27.45
0 , 0.001 , 27.46 , 27.461
0 , 0 , 27.474 , 27.474
0 , 0 , 27.486 , 27.486
0 , 0 , 27.497 , 27.497
0.001 , 0 , 27.508 , 27.509
0.001 , 0 , 27.52 , 27.521
0 , 0 , 27.534 , 27.534
0 , 0 , 27.546 , 27.546
0 , 0 , 27.558 , 27.558
0 , 0 , 27.57 , 27.57
0 , 0 , 27.582 , 27.582
0 , 0 , 27.594 , 27.594
0 , 0 , 27.606 , 27.606
0 , 0 , 27.618 , 27.618
0 , 0 , 27.632 , 27.632
0 , 0 , 27.646 , 27.646
0 , 0 , 27.658 , 27.658
0 , 0 , 27.672 , 27.672
0 , 0 , 27.684 , 27.684
0 , 0 , 27.698 , 27.698
0 , 0 , 27.71 , 27.71
0 , 0 , 27.723 , 27.723
0 , 0 , 27.736 , 27.736
0 , 0 , 27.748 , 27.748
0 , 0 , 27.761 , 27.761
0 , 0 , 27.774 , 27.774
0.001 , 0 , 27.786 , 27.787
0 , 0 , 27.8 , 27.8
0 , 0 , 27.814 , 27.814
0.001 , 0 , 27.83 , 27.831
0.001 , 0 , 27.844 , 27.845
0 , 0 , 27.857 , 27.857
0 , 0 , 27.87 , 27.87
0 , 0 , 27.882 , 27.882
0 , 0 , 27.898 , 27.898
0 , 0 , 27.911 , 27.911
0 , 0 , 27.924 , 27.924
0 , 0 , 27.94 , 27.94
0 , 0 , 27.952 , 27.952
0 , 0.001 , 27.966 , 27.967
0 , 0 , 27.982 , 27.982
0 , 0 , 27.996 , 27.996
0 , 0 , 28.01 , 28.01
0 , 0 , 28.026 , 28.026
0 , 0 , 28.04 , 28.04
0 , 0 , 28.054 , 28.054
0.001 , 0 , 28.068 , 28.069
0 , 0 , 28.082 , 28.082
0 , 0 , 28.097 , 28.097
0 , 0 , 28.112 , 28.112
0 , 0 , 28.126 , 28.126
0 , 0 , 28.14 , 28.14
0 , 0 , 28.156 , 28.156
0 , 0 , 28.17 , 28.17
0 , 0 , 28.184 , 28.184
0 , 0 , 28.2 , 28.2
0 , 0 , 28.214 , 28.214
0 , 0 , 28.23 , 28.23
0 , 0 , 28.244 , 28.244
0 , 0 , 28.258 , 28.258
0 , 0 , 28.274 , 28.274
0 , 0 , 28.288 , 28.288
0 , 0 , 28.302 , 28.302
0 , 0 , 28.318 , 28.318
0 , 0 , 28.332 , 28.332
0 , 0 , 28.346 , 28.346
0 , 0 , 28.362 , 28.362
0.001 , 0 , 28.378 , 28.379
0.001 , 0 , 28.392 , 28.393
0 , 0 , 28.41 , 28.41
0 , 0 , 28.424 , 28.424
0 , 0 , 28.438 , 28.438
0.001 , 0 , 28.452 , 28.453
0 , 0 , 28.468 , 28.468
0 , 0 , 28.484 , 28.484
0 , 0 , 28.498 , 28.498
0 , 0 , 28.514 , 28.514
0 , 0 , 28.53 , 28.53
0.001 , 0 , 28.544 , 28.545
0 , 0 , 28.56 , 28.56
0 , 0 , 28.576 , 28.576
0 , 0 , 28.59 , 28.59
0 , 0 , 28.606 , 28.606
0 , 0 , 28.622 , 28.622
0 , 0 , 28.638 , 28.638
0 , 0 , 28.654 , 28.654
0 , 0 , 28.67 , 28.67
0 , 0 , 28.684 , 28.684
0.001 , 0 , 28.7 , 28.701
0 , 0 , 28.716 , 28.716
0 , 0 , 28.732 , 28.732
0 , 0 , 28.748 , 28.748
0 , 0 , 28.764 , 28.764
0.001 , 0 , 28.78 , 28.781
0 , 0 , 28.798 , 28.798
0 , 0 , 28.814 , 28.814
0 , 0 , 28.83 , 28.83
0 , 0 , 28.85 , 28.85
0 , 0 , 28.864 , 28.864
0 , 0 , 28.881 , 28.881
0 , 0 , 28.897 , 28.897
0 , 0 , 28.913 , 28.913
0 , 0 , 28.93 , 28.93
0 , 0 , 28.95 , 28.95
0 , 0 , 28.958 , 28.958
0 , 0 , 28.958 , 28.958
0 , 0 , 28.99 , 28.99
0 , 0 , 28.99 , 28.99
0 , 0 , 29.02 , 29.02
0 , 0 , 29.02 , 29.02
0 , 0 , 29.052 , 29.052
0 , 0 , 29.052 , 29.052
0 , 0 , 29.084 , 29.084
0 , 0 , 29.114 , 29.114
0 , 0 , 29.114 , 29.114
0 , 0 , 29.148 , 29.148
0 , 0 , 29.158 , 29.158
0 , 0 , 29.158 , 29.158
0 , 0 , 29.19 , 29.19
0 , 0 , 29.19 , 29.19
0 , 0 , 29.222 , 29.222
0 , 0 , 29.222 , 29.222
0 , 0 , 29.252 , 29.252
0 , 0 , 29.252 , 29.252
0 , 0 , 29.284 , 29.284
0 , 0 , 29.284 , 29.284
0 , 0 , 29.316 , 29.316
0 , 0 , 29.348 , 29.348
0 , 0 , 29.36 , 29.36
0 , 0 , 29.36 , 29.36
0 , 0 , 29.39 , 29.39
0 , 0 , 29.39 , 29.39
0 , 0 , 29.422 , 29.422
0 , 0 , 29.422 , 29.422
0 , 0 , 29.454 , 29.454
0 , 0 , 29.454 , 29.454
0 , 0 , 29.484 , 29.484
0 , 0 , 29.516 , 29.516
0 , 0 , 29.516 , 29.516
0 , 0 , 29.551 , 29.551
0 , 0 , 29.568 , 29.568
0 , 0 , 29.586 , 29.586
0 , 0 , 29.603 , 29.603
0 , 0 , 29.622 , 29.622
0 , 0 , 29.641 , 29.641
0 , 0 , 29.66 , 29.66
0 , 0 , 29.678 , 29.678
0 , 0 , 29.698 , 29.698
0 , 0 , 29.716 , 29.716
0 , 0 , 29.734 , 29.734
0 , 0 , 29.754 , 29.754
0 , 0 , 29.772 , 29.772
0 , 0 , 29.79 , 29.79
0 , 0 , 29.81 , 29.81
0 , 0 , 29.828 , 29.828
0.001 , 0 , 29.846 , 29.847
0 , 0 , 29.864 , 29.864
0 , 0 , 29.884 , 29.884
0 , 0 , 29.902 , 29.902
0 , 0 , 29.92 , 29.92
0 , 0 , 29.94 , 29.94
0 , 0 , 29.96 , 29.96
0.001 , 0 , 29.978 , 29.979
0 , 0.001 , 29.996 , 29.997
0 , 0 , 30.016 , 30.016
0 , 0 , 30.036 , 30.036
0 , 0 , 30.054 , 30.054
0 , 0 , 30.074 , 30.074
0 , 0 , 30.092 , 30.092
0 , 0 , 30.113 , 30.113
0 , 0 , 30.132 , 30.132
0 , 0 , 30.152 , 30.152
0 , 0 , 30.173 , 30.173
0 , 0 , 30.192 , 30.192
0.001 , 0 , 30.212 , 30.213
0 , 0 , 30.232 , 30.232
0 , 0 , 30.252 , 30.252
0 , 0 , 30.272 , 30.272
0 , 0 , 30.292 , 30.292
0 , 0 , 30.311 , 30.311
0 , 0 , 30.332 , 30.332
0 , 0 , 30.352 , 30.352
0 , 0 , 30.372 , 30.372
0 , 0 , 30.392 , 30.392
0 , 0 , 30.412 , 30.412
0 , 0 , 30.432 , 30.432
0 , 0 , 30.452 , 30.452
0 , 0 , 30.472 , 30.472
0 , 0 , 30.492 , 30.492
0.001 , 0 , 30.512 , 30.513
0 , 0 , 30.534 , 30.534
0 , 0 , 30.554 , 30.554
0.001 , 0 , 30.574 , 30.575
0 , 0 , 30.594 , 30.594
0.001 , 0 , 30.614 , 30.615
0 , 0 , 30.637 , 30.637
0 , 0 , 30.658 , 30.658
0.001 , 0 , 30.678 , 30.679
0 , 0 , 30.699 , 30.699
0 , 0 , 30.72 , 30.72
0.001 , 0 , 30.74 , 30.741
0 , 0 , 30.762 , 30.762
0 , 0 , 30.782 , 30.782
0.001 , 0 , 30.802 , 30.803
0.001 , 0 , 30.824 , 30.825
0 , 0 , 30.844 , 30.844
0 , 0 , 30.866 , 30.866
0 , 0 , 30.887 , 30.887
0 , 0.001 , 30.908 , 30.909
0 , 0 , 30.93 , 30.93
0 , 0 , 30.952 , 30.952
0 , 0 , 30.972 , 30.972
0 , 0 , 30.994 , 30.994
0 , 0 , 31.018 , 31.018
0 , 0 , 31.042 , 31.042
0 , 0 , 31.044 , 31.044
0 , 0 , 31.076 , 31.076
0 , 0 , 31.076 , 31.076
0 , 0 , 31.106 , 31.106
0 , 0 , 31.138 , 31.138
0 , 0 , 31.168 , 31.168
0 , 0 , 31.168 , 31.168
0 , 0 , 31.2 , 31.2
0 , 0 , 31.232 , 31.232
0 , 0 , 31.244 , 31.244
0 , 0 , 31.244 , 31.244
0 , 0 , 31.276 , 31.276
0 , 0 , 31.306 , 31.306
0 , 0 , 31.306 , 31.306
0 , 0 , 31.338 , 31.338
0 , 0 , 31.368 , 31.368
0 , 0 , 31.384 , 31.384
0 , 0 , 31.4 , 31.4
0.001 , 0 , 31.442 , 31.443
0 , 0 , 31.466 , 31.466
0 , 0 , 31.488 , 31.488
0 , 0 , 31.51 , 31.51
0 , 0 , 31.532 , 31.532
0.001 , 0 , 31.554 , 31.555
0 , 0 , 31.577 , 31.577
0 , 0 , 31.6 , 31.6
0 , 0 , 31.622 , 31.622
0 , 0 , 31.646 , 31.646
0 , 0 , 31.668 , 31.668
0 , 0 , 31.691 , 31.691
0 , 0 , 31.716 , 31.716
0 , 0 , 31.738 , 31.738
0 , 0 , 31.76 , 31.76
0 , 0 , 31.783 , 31.783
0.001 , 0 , 31.806 , 31.807
0 , 0 , 31.83 , 31.83
0 , 0 , 31.852 , 31.852
0 , 0 , 31.874 , 31.874
0 , 0 , 31.898 , 31.898
0 , 0 , 31.92 , 31.92
0 , 0 , 31.944 , 31.944
0 , 0 , 31.967 , 31.967
0 , 0 , 31.99 , 31.99
0 , 0 , 32.014 , 32.014
0 , 0 , 32.038 , 32.038
0 , 0 , 32.064 , 32.064
0 , 0 , 32.088 , 32.088
0 , 0 , 32.11 , 32.11
0 , 0 , 32.134 , 32.134
0 , 0 , 32.158 , 32.158
0.001 , 0 , 32.18 , 32.181
0 , 0 , 32.204 , 32.204
0 , 0 , 32.228 , 32.228
0 , 0 , 32.251 , 32.251
0 , 0 , 32.276 , 32.276
0 , 0 , 32.299 , 32.299
0 , 0 , 32.323 , 32.323
0.001 , 0 , 32.346 , 32.347
0 , 0 , 32.372 , 32.372
0 , 0 , 32.394 , 32.394
0 , 0 , 32.42 , 32.42
0 , 0 , 32.443 , 32.443
0 , 0 , 32.468 , 32.468
0 , 0 , 32.492 , 32.492
0 , 0 , 32.516 , 32.516
0 , 0 , 32.54 , 32.54
0 , 0 , 32.566 , 32.566
0 , 0.001 , 32.588 , 32.589
0 , 0 , 32.614 , 32.614
0 , 0 , 32.638 , 32.638
0.001 , 0 , 32.662 , 32.663
0.001 , 0 , 32.686 , 32.687
0 , 0 , 32.712 , 32.712
0 , 0 , 32.736 , 32.736
0 , 0.001 , 32.76 , 32.761
0 , 0 , 32.786 , 32.786
0 , 0 , 32.812 , 32.812
0 , 0 , 32.836 , 32.836
0 , 0 , 32.86 , 32.86
0 , 0 , 32.89 , 32.89
0 , 0 , 32.916 , 32.916
0 , 0 , 32.94 , 32.94
0 , 0 , 32.966 , 32.966
0.001 , 0 , 32.99 , 32.991
0 , 0 , 33.018 , 33.018
0 , 0 , 33.046 , 33.046
0 , 0 , 33.07 , 33.07
0 , 0 , 33.096 , 33.096
0 , 0 , 33.12 , 33.12
0 , 0 , 33.148 , 33.148
0 , 0 , 33.173 , 33.173
0 , 0 , 33.198 , 33.198
0 , 0 , 33.224 , 33.224
0 , 0 , 33.25 , 33.25
0 , 0 , 33.274 , 33.274
0 , 0 , 33.301 , 33.301
0 , 0 , 33.328 , 33.328
0 , 0 , 33.358 , 33.358
0 , 0 , 33.386 , 33.386
0 , 0 , 33.413 , 33.413
0 , 0 , 33.44 , 33.44
0 , 0 , 33.466 , 33.466
0 , 0 , 33.492 , 33.492
0 , 0 , 33.518 , 33.518
0.001 , 0 , 33.544 , 33.545
0 , 0 , 33.57 , 33.57
0 , 0 , 33.596 , 33.596
0 , 0 , 33.622 , 33.622
0 , 0.001 , 33.648 , 33.649
0 , 0 , 33.674 , 33.674
0 , 0 , 33.702 , 33.702
0 , 0 , 33.73 , 33.73
0 , 0 , 33.758 , 33.758
0 , 0 , 33.784 , 33.784
0 , 0 , 33.81 , 33.81
0 , 0 , 33.838 , 33.838
0 , 0 , 33.868 , 33.868
0 , 0 , 33.894 , 33.894
0 , 0 , 33.92 , 33.92
0.001 , 0 , 33.946 , 33.947
0 , 0 , 33.974 , 33.974
0 , 0 , 34.001 , 34.001
0.001 , 0 , 34.03 , 34.031
0.001 , 0 , 34.056 , 34.057
0 , 0 , 34.084 , 34.085
0 , 0 , 34.112 , 34.112
0 , 0 , 34.14 , 34.14
0 , 0 , 34.166 , 34.166
0 , 0 , 34.193 , 34.193
0 , 0 , 34.221 , 34.221
0.001 , 0 , 34.248 , 34.249
0 , 0 , 34.278 , 34.278
0 , 0 , 34.306 , 34.306
0 , 0 , 34.334 , 34.334
0 , 0 , 34.36 , 34.36
0 , 0 , 34.388 , 34.388
0 , 0 , 34.416 , 34.416
0 , 0 , 34.443 , 34.443
0 , 0 , 34.472 , 34.472
0 , 0 , 34.5 , 34.5
0.001 , 0 , 34.528 , 34.529
0 , 0 , 34.556 , 34.556
0 , 0 , 34.584 , 34.584
0 , 0 , 34.612 , 34.612
0 , 0 , 34.642 , 34.642
0 , 0 , 34.669 , 34.669
0 , 0 , 34.698 , 34.698
0 , 0 , 34.726 , 34.726
0 , 0 , 34.755 , 34.755
0.001 , 0 , 34.782 , 34.783
0 , 0 , 34.81 , 34.81
0 , 0 , 34.84 , 34.84
0 , 0 , 34.868 , 34.868
0 , 0 , 34.896 , 34.896
0 , 0 , 34.924 , 34.924
0 , 0 , 34.952 , 34.952
0 , 0 , 34.982 , 34.982
0 , 0 , 35.012 , 35.012
0 , 0 , 35.042 , 35.042
0.001 , 0 , 35.068 , 35.069
0 , 0 , 35.098 , 35.098
0 , 0 , 35.128 , 35.128
0 , 0.001 , 35.156 , 35.157
0 , 0 , 35.185 , 35.185
0 , 0 , 35.214 , 35.214
0 , 0 , 35.243 , 35.243
0 , 0 , 35.272 , 35.272
0 , 0.001 , 35.3 , 35.301
0 , 0 , 35.33 , 35.33
0 , 0 , 35.359 , 35.359
0 , 0 , 35.388 , 35.388
0 , 0 , 35.418 , 35.418
0 , 0 , 35.448 , 35.448
0.001 , 0 , 35.476 , 35.477
0.001 , 0 , 35.506 , 35.507
0 , 0 , 35.536 , 35.536
0 , 0 , 35.565 , 35.565
0 , 0 , 35.594 , 35.594
0 , 0 , 35.624 , 35.624
0 , 0 , 35.654 , 35.654
0 , 0 , 35.682 , 35.682
0 , 0 , 35.712 , 35.712
0 , 0 , 35.742 , 35.742
0 , 0 , 35.773 , 35.773
0 , 0 , 35.802 , 35.802
0 , 0 , 35.832 , 35.832
0 , 0 , 35.862 , 35.862
0 , 0 , 35.892 , 35.892
0 , 0 , 35.921 , 35.921
0 , 0 , 35.951 , 35.951
0 , 0 , 35.982 , 35.982
0 , 0 , 36.012 , 36.012
0 , 0 , 36.042 , 36.042
0 , 0 , 36.072 , 36.072
0.001 , 0 , 36.102 , 36.103
0 , 0 , 36.136 , 36.136
0 , 0 , 36.158 , 36.158
0 , 0 , 36.188 , 36.188
0 , 0 , 36.22 , 36.22
0 , 0 , 36.25 , 36.25
0 , 0 , 36.25 , 36.25
0 , 0 , 36.284 , 36.284
0 , 0 , 36.316 , 36.316
0 , 0 , 36.37 , 36.37
0 , 0 , 36.4 , 36.4
0 , 0 , 36.432 , 36.432
0 , 0 , 36.462 , 36.462
0 , 0 , 36.492 , 36.492
0 , 0.001 , 36.522 , 36.523
0 , 0 , 36.556 , 36.556
0 , 0 , 36.578 , 36.578
0 , 0 , 36.61 , 36.61
0 , 0 , 36.64 , 36.64
0 , 0 , 36.672 , 36.672
0 , 0 , 36.704 , 36.704
0 , 0 , 36.734 , 36.734
0.016 , 0 , 36.734 , 36.75
0 , 0 , 36.796 , 36.796
0 , 0 , 36.828 , 36.828
0 , 0 , 36.86 , 36.86
0 , 0 , 36.894 , 36.894
0.001 , 0 , 36.926 , 36.927
0 , 0 , 36.959 , 36.959
0.001 , 0 , 36.99 , 36.991
0 , 0 , 37.023 , 37.023
0 , 0.001 , 37.054 , 37.055
0 , 0.001 , 37.084 , 37.085
0 , 0 , 37.121 , 37.121
0 , 0 , 37.138 , 37.138
0 , 0 , 37.17 , 37.17
0 , 0 , 37.202 , 37.202
0 , 0 , 37.232 , 37.232
0 , 0 , 37.264 , 37.264
0 , 0 , 37.296 , 37.296
0 , 0 , 37.335 , 37.335
0 , 0 , 37.34 , 37.34
0 , 0 , 37.37 , 37.37
0 , 0 , 37.402 , 37.402
0 , 0 , 37.434 , 37.434
0 , 0 , 37.464 , 37.464
0 , 0 , 37.496 , 37.496
0 , 0 , 37.551 , 37.551
0 , 0 , 37.583 , 37.583
0 , 0 , 37.616 , 37.616
0 , 0 , 37.648 , 37.648
0 , 0 , 37.682 , 37.682
0 , 0 , 37.714 , 37.714
0 , 0 , 37.747 , 37.747
0 , 0 , 37.78 , 37.78
0 , 0 , 37.812 , 37.812
0 , 0 , 37.848 , 37.848
0 , 0 , 37.879 , 37.879
0 , 0 , 37.912 , 37.912
0 , 0 , 37.944 , 37.944
0 , 0 , 37.978 , 37.978
0.001 , 0 , 38.012 , 38.013
0 , 0 , 38.046 , 38.046
0 , 0 , 38.08 , 38.08
0 , 0 , 38.112 , 38.112
0 , 0 , 38.148 , 38.148
0 , 0 , 38.182 , 38.182
0 , 0 , 38.214 , 38.214
0 , 0 , 38.244 , 38.244
0 , 0 , 38.276 , 38.276
0 , 0 , 38.308 , 38.308
0 , 0 , 38.338 , 38.338
0 , 0 , 38.38 , 38.38
0 , 0 , 38.382 , 38.382
0 , 0 , 38.446 , 38.446
0 , 0 , 38.476 , 38.476
0 , 0 , 38.508 , 38.508
0 , 0 , 38.538 , 38.538
0 , 0 , 38.578 , 38.578
0 , 0 , 38.582 , 38.582
0.015 , 0 , 38.614 , 38.629
0 , 0 , 38.676 , 38.676
0 , 0 , 38.708 , 38.708
0 , 0 , 38.738 , 38.738
0 , 0 , 38.775 , 38.775
0 , 0 , 38.784 , 38.784
0 , 0 , 38.814 , 38.814
0 , 0 , 38.846 , 38.846
0.016 , 0 , 38.876 , 38.892
0 , 0 , 38.94 , 38.94
0 , 0 , 38.974 , 38.974
0 , 0 , 38.984 , 38.984
0 , 0 , 39.016 , 39.016
0 , 0 , 39.078 , 39.078
0 , 0 , 39.108 , 39.108
0 , 0 , 39.14 , 39.14
0 , 0 , 39.184 , 39.184
0 , 0 , 39.216 , 39.216
0 , 0 , 39.246 , 39.246
0 , 0 , 39.278 , 39.278
0 , 0 , 39.31 , 39.31
0 , 0 , 39.34 , 39.34
0 , 0 , 39.384 , 39.384
0 , 0 , 39.416 , 39.416
0 , 0 , 39.448 , 39.448
0 , 0 , 39.478 , 39.478
0 , 0 , 39.51 , 39.51
0 , 0 , 39.542 , 39.542
0 , 0 , 39.584 , 39.584
0 , 0 , 39.62 , 39.62
0 , 0 , 39.655 , 39.655
0 , 0 , 39.69 , 39.69
0.001 , 0 , 39.724 , 39.725
0 , 0 , 39.76 , 39.76
0 , 0 , 39.796 , 39.796
0 , 0 , 39.831 , 39.831
0 , 0 , 39.866 , 39.866
0 , 0 , 39.902 , 39.902
0.001 , 0 , 39.936 , 39.937
0 , 0 , 39.972 , 39.972
0 , 0 , 40.008 , 40.008
0.001 , 0 , 40.044 , 40.045
0 , 0 , 40.08 , 40.08
0 , 0 , 40.114 , 40.114
0 , 0 , 40.153 , 40.153
0 , 0 , 40.188 , 40.188
0 , 0 , 40.224 , 40.224
0 , 0 , 40.258 , 40.258
0 , 0 , 40.294 , 40.294
0 , 0 , 40.33 , 40.33
0 , 0 , 40.366 , 40.366
0 , 0 , 40.402 , 40.402
0 , 0 , 40.438 , 40.438
0 , 0 , 40.476 , 40.476
0 , 0 , 40.512 , 40.512
0.001 , 0 , 40.548 , 40.549
0 , 0 , 40.585 , 40.585
0 , 0 , 40.62 , 40.62
0 , 0 , 40.658 , 40.658
0 , 0 , 40.696 , 40.696
0 , 0 , 40.732 , 40.732
0 , 0 , 40.768 , 40.768
0 , 0 , 40.804 , 40.804
0 , 0 , 40.842 , 40.842
0 , 0 , 40.878 , 40.878
0 , 0 , 40.914 , 40.914
0.001 , 0 , 40.952 , 40.953
0 , 0 , 40.99 , 40.99
0 , 0 , 41.026 , 41.026
0 , 0 , 41.063 , 41.063
0 , 0 , 41.1 , 41.1
0 , 0 , 41.138 , 41.138
0 , 0 , 41.174 , 41.174
0 , 0 , 41.21 , 41.21
0 , 0 , 41.25 , 41.25
0 , 0 , 41.288 , 41.288
0.001 , 0 , 41.324 , 41.325
0 , 0 , 41.362 , 41.362
0 , 0 , 41.4 , 41.4
0 , 0 , 41.438 , 41.438
0 , 0 , 41.474 , 41.474
0 , 0.001 , 41.51 , 41.511
0 , 0 , 41.55 , 41.55
0 , 0 , 41.587 , 41.587
0 , 0 , 41.626 , 41.626
0 , 0 , 41.664 , 41.664
0 , 0 , 41.701 , 41.701
0 , 0 , 41.736 , 41.736
0.001 , 0 , 41.772 , 41.773
0 , 0 , 41.808 , 41.808
0 , 0 , 41.848 , 41.848
0 , 0 , 41.884 , 41.884
0.001 , 0 , 41.922 , 41.923
0 , 0 , 41.96 , 41.96
0 , 0 , 42 , 42
0 , 0 , 42.038 , 42.038
0.001 , 0 , 42.076 , 42.077
0 , 0 , 42.114 , 42.114
0 , 0 , 42.154 , 42.154
0 , 0 , 42.194 , 42.194
0.001 , 0 , 42.23 , 42.231
0 , 0.001 , 42.266 , 42.267
0 , 0 , 42.304 , 42.304
0 , 0 , 42.34 , 42.34
0 , 0 , 42.378 , 42.378
0 , 0 , 42.414 , 42.414
0 , 0 , 42.452 , 42.452
0 , 0 , 42.488 , 42.488
0 , 0.001 , 42.524 , 42.525
0.001 , 0 , 42.562 , 42.563
0 , 0 , 42.6 , 42.6
0.001 , 0 , 42.636 , 42.637
0 , 0.001 , 42.674 , 42.675
0 , 0 , 42.712 , 42.712
0 , 0 , 42.754 , 42.754
0 , 0 , 42.792 , 42.792
0 , 0 , 42.832 , 42.832
0 , 0 , 42.87 , 42.87
0 , 0 , 42.91 , 42.91
0.001 , 0 , 42.978 , 42.979
0 , 0 , 43.03 , 43.03
0 , 0 , 43.071 , 43.071
0 , 0 , 43.112 , 43.112
0 , 0 , 43.152 , 43.152
0 , 0 , 43.192 , 43.192
0 , 0 , 43.232 , 43.232
0 , 0 , 43.27 , 43.27
0 , 0 , 43.312 , 43.312
0 , 0 , 43.336 , 43.336
0 , 0 , 43.366 , 43.366
0 , 0 , 43.398 , 43.398
0 , 0 , 43.46 , 43.46
0 , 0 , 43.492 , 43.492
0.001 , 0 , 43.54 , 43.541
0 , 0 , 43.58 , 43.58
0.001 , 0 , 43.62 , 43.621
0.001 , 0 , 43.66 , 43.661
0 , 0 , 43.7 , 43.7
0 , 0 , 43.742 , 43.742
0 , 0 , 43.782 , 43.782
0 , 0 , 43.822 , 43.822
0 , 0 , 43.862 , 43.862
0 , 0 , 43.902 , 43.902
0 , 0 , 43.942 , 43.942
0 , 0 , 43.982 , 43.982
0 , 0 , 44.022 , 44.022
0 , 0 , 44.063 , 44.063
0 , 0 , 44.103 , 44.103
0 , 0 , 44.144 , 44.144
0 , 0 , 44.184 , 44.184
0 , 0 , 44.226 , 44.226
0 , 0 , 44.266 , 44.266
0 , 0 , 44.31 , 44.31
0 , 0 , 44.349 , 44.349
0 , 0 , 44.39 , 44.39
0 , 0 , 44.431 , 44.431
0 , 0 , 44.472 , 44.472
0 , 0 , 44.512 , 44.512
0 , 0 , 44.553 , 44.553
0.001 , 0 , 44.594 , 44.595
0 , 0 , 44.635 , 44.635
0 , 0 , 44.676 , 44.676
0 , 0 , 44.716 , 44.716
0 , 0 , 44.758 , 44.758
0 , 0 , 44.8 , 44.8
0 , 0 , 44.841 , 44.841
0 , 0 , 44.882 , 44.882
0 , 0 , 44.923 , 44.923
0 , 0 , 44.966 , 44.966
0 , 0 , 45.007 , 45.007
0.001 , 0 , 45.048 , 45.049
0 , 0 , 45.088 , 45.088
0 , 0 , 45.132 , 45.132
0 , 0 , 45.174 , 45.174
0 , 0.001 , 45.214 , 45.215
0 , 0 , 45.256 , 45.256
0 , 0 , 45.297 , 45.297
0 , 0 , 45.322 , 45.322
0 , 0 , 45.352 , 45.352
0 , 0 , 45.414 , 45.414
0 , 0 , 45.446 , 45.446
0 , 0 , 45.478 , 45.478
0.001 , 0 , 45.54 , 45.541
0 , 0 , 45.582 , 45.582
0 , 0 , 45.624 , 45.624
0 , 0 , 45.666 , 45.666
0 , 0 , 45.708 , 45.708
0 , 0 , 45.75 , 45.75
0 , 0 , 45.794 , 45.794
0 , 0 , 45.836 , 45.836
0 , 0 , 45.878 , 45.878
0 , 0 , 45.92 , 45.92
0 , 0 , 45.962 , 45.962
0 , 0 , 46.004 , 46.004
0 , 0 , 46.048 , 46.048
0 , 0 , 46.09 , 46.09
0 , 0 , 46.132 , 46.132
0 , 0 , 46.174 , 46.174
0 , 0 , 46.215 , 46.215
0 , 0.001 , 46.258 , 46.259
0 , 0 , 46.301 , 46.301
0 , 0 , 46.346 , 46.346
0 , 0 , 46.387 , 46.387
0.001 , 0 , 46.43 , 46.431
0 , 0 , 46.474 , 46.474
0 , 0 , 46.516 , 46.516
0 , 0 , 46.558 , 46.558
0 , 0 , 46.601 , 46.601
0 , 0 , 46.641 , 46.641
0 , 0 , 46.682 , 46.682
0 , 0 , 46.726 , 46.726
0.001 , 0 , 46.768 , 46.769
0.001 , 0 , 46.812 , 46.813
0 , 0 , 46.856 , 46.856
0 , 0 , 46.9 , 46.9
0 , 0 , 46.942 , 46.942
0 , 0 , 46.986 , 46.986
0 , 0 , 47.028 , 47.028
0 , 0 , 47.072 , 47.072
0 , 0 , 47.114 , 47.114
0 , 0 , 47.158 , 47.158
0 , 0 , 47.202 , 47.202
0 , 0 , 47.246 , 47.246
0 , 0 , 47.288 , 47.288
0.001 , 0 , 47.334 , 47.335
0.001 , 0 , 47.376 , 47.377
0 , 0 , 47.42 , 47.42
0 , 0 , 47.464 , 47.464
0.001 , 0 , 47.506 , 47.507
0 , 0 , 47.551 , 47.551
0 , 0 , 47.594 , 47.594
0 , 0 , 47.638 , 47.638
0 , 0 , 47.682 , 47.682
0 , 0 , 47.727 , 47.727
0 , 0.001 , 47.772 , 47.773
0 , 0 , 47.818 , 47.818
0 , 0 , 47.861 , 47.861
0 , 0 , 47.905 , 47.905
0 , 0 , 47.948 , 47.948
0 , 0 , 47.99 , 47.99
0 , 0 , 48.032 , 48.032
0 , 0 , 48.074 , 48.074
0 , 0 , 48.116 , 48.116
0.001 , 0 , 48.16 , 48.161
0 , 0 , 48.204 , 48.204
0 , 0 , 48.25 , 48.25
0 , 0 , 48.294 , 48.294
0 , 0 , 48.344 , 48.344
0 , 0 , 48.388 , 48.388
0 , 0 , 48.432 , 48.432
0 , 0 , 48.476 , 48.476
0.001 , 0 , 48.52 , 48.521
0 , 0 , 48.566 , 48.566
0 , 0 , 48.61 , 48.61
0 , 0 , 48.656 , 48.656
0.001 , 0 , 48.7 , 48.701
0 , 0 , 48.746 , 48.746
0 , 0 , 48.79 , 48.79
0 , 0 , 48.836 , 48.836
0 , 0 , 48.881 , 48.881
0 , 0 , 48.926 , 48.926
0 , 0 , 48.97 , 48.97
0 , 0 , 49.015 , 49.015
0 , 0 , 49.062 , 49.062
0 , 0 , 49.106 , 49.106
0 , 0 , 49.152 , 49.152
0 , 0 , 49.196 , 49.196
0.001 , 0 , 49.242 , 49.243
0 , 0 , 49.292 , 49.292
0 , 0 , 49.336 , 49.336
0 , 0 , 49.382 , 49.382
0 , 0 , 49.428 , 49.428
0 , 0 , 49.474 , 49.474
0 , 0 , 49.52 , 49.52
0 , 0 , 49.562 , 49.562
0 , 0 , 49.606 , 49.606
0 , 0 , 49.65 , 49.65
0 , 0 , 49.694 , 49.694
0 , 0 , 49.738 , 49.738
0 , 0 , 49.785 , 49.785
0 , 0 , 49.832 , 49.832
0 , 0 , 49.876 , 49.876
0 , 0 , 49.921 , 49.921
0 , 0 , 49.966 , 49.966
0 , 0 , 50.01 , 50.01
0 , 0 , 50.053 , 50.053
0 , 0 , 50.097 , 50.097
0 , 0 , 50.142 , 50.142
0 , 0 , 50.186 , 50.186
0 , 0 , 50.232 , 50.232
0 , 0 , 50.28 , 50.28
0 , 0 , 50.294 , 50.294
0 , 0 , 50.356 , 50.356
0 , 0 , 50.388 , 50.388
0 , 0 , 50.45 , 50.45
0 , 0 , 50.494 , 50.494
0 , 0 , 50.526 , 50.526
0 , 0 , 50.588 , 50.588
0 , 0 , 50.62 , 50.62
0 , 0 , 50.65 , 50.65
0.001 , 0 , 50.726 , 50.727
0 , 0 , 50.774 , 50.774
0 , 0 , 50.82 , 50.82
0 , 0 , 50.867 , 50.867
0 , 0 , 50.914 , 50.914
0 , 0 , 50.962 , 50.962
0 , 0 , 51.01 , 51.01
0 , 0 , 51.057 , 51.057
0 , 0 , 51.104 , 51.104
0 , 0 , 51.152 , 51.152
0 , 0 , 51.2 , 51.2
0 , 0 , 51.248 , 51.248
0 , 0 , 51.3 , 51.3
0 , 0 , 51.348 , 51.348
0.001 , 0 , 51.396 , 51.397
0 , 0 , 51.446 , 51.446
0 , 0 , 51.494 , 51.494
0.001 , 0 , 51.542 , 51.543
0 , 0 , 51.592 , 51.592
0 , 0 , 51.64 , 51.64
0.001 , 0 , 51.686 , 51.687
0 , 0 , 51.734 , 51.734
0 , 0 , 51.781 , 51.781
0 , 0 , 51.828 , 51.828
0 , 0 , 51.874 , 51.874
0.001 , 0 , 51.92 , 51.921
0 , 0 , 51.968 , 51.968
0 , 0.001 , 52.014 , 52.015
0 , 0 , 52.063 , 52.063
0 , 0 , 52.113 , 52.113
0.001 , 0 , 52.162 , 52.163
0 , 0 , 52.212 , 52.212
0 , 0 , 52.261 , 52.261
0 , 0 , 52.312 , 52.312
0 , 0 , 52.36 , 52.36
0 , 0 , 52.409 , 52.409
0 , 0 , 52.459 , 52.459
0.001 , 0 , 52.508 , 52.509
0 , 0 , 52.552 , 52.552
0 , 0 , 52.584 , 52.584
0 , 0 , 52.646 , 52.646
0 , 0 , 52.678 , 52.678
0 , 0 , 52.748 , 52.748
0 , 0 , 52.798 , 52.798
0 , 0 , 52.846 , 52.846
0.001 , 0 , 52.896 , 52.897
0 , 0 , 52.922 , 52.922
0 , 0 , 52.984 , 52.984
0 , 0 , 53.016 , 53.016
0 , 0 , 53.078 , 53.078
0 , 0 , 53.122 , 53.122
0 , 0 , 53.186 , 53.186
0 , 0 , 53.216 , 53.216
0 , 0 , 53.278 , 53.278
0 , 0 , 53.324 , 53.324
0 , 0 , 53.386 , 53.386
0 , 0 , 53.418 , 53.418
0 , 0 , 53.48 , 53.48
0 , 0 , 53.524 , 53.524
0 , 0 , 53.556 , 53.556
0 , 0 , 53.618 , 53.618
0 , 0 , 53.648 , 53.648
0 , 0 , 53.724 , 53.724
0 , 0 , 53.756 , 53.756
0 , 0 , 53.818 , 53.818
0 , 0 , 53.85 , 53.85
0 , 0 , 53.922 , 53.922
0 , 0 , 53.956 , 53.956
0 , 0 , 54.018 , 54.018
0 , 0 , 54.05 , 54.05
0 , 0.001 , 54.118 , 54.119
0 , 0 , 54.156 , 54.156
0 , 0 , 54.218 , 54.218
0 , 0 , 54.25 , 54.25
0.001 , 0 , 54.32 , 54.321
0 , 0 , 54.356 , 54.356
0 , 0 , 54.42 , 54.42
0 , 0 , 54.45 , 54.45
0 , 0 , 54.52 , 54.52
0 , 0 , 54.556 , 54.556
0 , 0 , 54.604 , 54.604
0 , 0 , 54.65 , 54.65
0 , 0 , 54.718 , 54.718
0 , 0 , 54.758 , 54.758
0 , 0 , 54.788 , 54.788
0 , 0 , 54.852 , 54.852
0 , 0 , 54.917 , 54.917
0 , 0 , 54.958 , 54.958
0 , 0 , 54.992 , 54.992
0 , 0 , 55.054 , 55.054
0 , 0 , 55.118 , 55.118
0 , 0 , 55.158 , 55.158
0 , 0 , 55.19 , 55.19
0 , 0 , 55.252 , 55.252
0.001 , 0 , 55.322 , 55.323
0 , 0 , 55.358 , 55.358
0 , 0 , 55.42 , 55.42
0 , 0 , 55.452 , 55.452
0 , 0 , 55.524 , 55.524
0 , 0 , 55.558 , 55.558
0 , 0 , 55.622 , 55.622
0 , 0 , 55.652 , 55.652
0 , 0 , 55.728 , 55.728
0 , 0 , 55.76 , 55.76
0 , 0 , 55.822 , 55.822
0 , 0 , 55.854 , 55.854
0 , 0 , 55.928 , 55.928
0 , 0 , 55.96 , 55.96
0 , 0 , 56.022 , 56.022
0 , 0 , 56.054 , 56.054
0 , 0 , 56.13 , 56.13
0 , 0 , 56.16 , 56.16
0 , 0 , 56.224 , 56.224
0 , 0 , 56.286 , 56.286
0 , 0 , 56.33 , 56.33
0 , 0 , 56.392 , 56.392
0 , 0 , 56.424 , 56.424
0 , 0 , 56.486 , 56.486
0 , 0 , 56.53 , 56.53
0 , 0 , 56.592 , 56.592
0 , 0 , 56.624 , 56.624
0 , 0 , 56.686 , 56.686
0 , 0 , 56.73 , 56.73
0 , 0 , 56.794 , 56.794
0 , 0 , 56.824 , 56.824
0 , 0 , 56.888 , 56.888
0 , 0 , 56.932 , 56.932
0 , 0 , 56.994 , 56.994
0 , 0 , 57.056 , 57.056
0 , 0 , 57.088 , 57.088
0 , 0 , 57.132 , 57.132
0 , 0 , 57.194 , 57.194
0 , 0 , 57.258 , 57.258
0 , 0 , 57.322 , 57.322
0 , 0 , 57.364 , 57.364
0 , 0 , 57.396 , 57.396
0 , 0 , 57.458 , 57.458
0 , 0 , 57.528 , 57.528
0 , 0 , 57.564 , 57.564
0 , 0 , 57.626 , 57.626
0 , 0 , 57.658 , 57.658
0 , 0 , 57.734 , 57.734
0 , 0 , 57.764 , 57.764
0 , 0 , 57.828 , 57.828
0 , 0 , 57.89 , 57.89
0 , 0 , 57.934 , 57.934
0 , 0 , 57.966 , 57.966
0 , 0 , 58.028 , 58.028
0 , 0 , 58.09 , 58.09
0 , 0 , 58.134 , 58.134
0 , 0 , 58.198 , 58.198
0 , 0 , 58.228 , 58.228
0 , 0 , 58.292 , 58.292
0 , 0 , 58.366 , 58.366
0 , 0 , 58.398 , 58.398
0 , 0 , 58.46 , 58.46
0 , 0 , 58.53 , 58.53
Total CPU = 44009.595