#Qurey Time, Memory allocation , I/O Time , Total
0 , 0 , 19.94 , 19.94
0 , 0 , 19.94 , 19.94
0 , 0 , 19.94 , 19.94
0 , 0 , 19.94 , 19.94
0 , 0 , 19.956 , 19.956
0 , 0 , 19.972 , 19.972
0 , 0 , 19.972 , 19.972
0 , 0 , 19.972 , 19.972
0 , 0 , 19.972 , 19.972
0 , 0 , 19.972 , 19.972
0 , 0 , 19.972 , 19.972
0 , 0 , 20.002 , 20.002
0 , 0 , 20.006 , 20.006
0 , 0 , 20.006 , 20.006
0 , 0 , 20.006 , 20.006
0 , 0 , 20.006 , 20.006
0 , 0 , 20.006 , 20.006
0 , 0 , 20.006 , 20.006
0.001 , 0 , 20.04 , 20.041
0.001 , 0 , 20.046 , 20.047
0 , 0 , 20.048 , 20.048
0 , 0 , 20.048 , 20.048
0 , 0 , 20.048 , 20.048
0 , 0 , 20.11 , 20.11
0 , 0 , 20.11 , 20.11
0 , 0 , 20.11 , 20.11
0 , 0 , 20.11 , 20.11
0 , 0 , 20.11 , 20.11
0 , 0 , 20.142 , 20.142
0 , 0 , 20.142 , 20.142
0 , 0 , 20.142 , 20.142
0 , 0 , 20.142 , 20.142
0 , 0 , 20.142 , 20.142
0 , 0 , 20.172 , 20.172
0 , 0 , 20.172 , 20.172
0 , 0 , 20.172 , 20.172
0 , 0 , 20.172 , 20.172
0 , 0 , 20.204 , 20.204
0 , 0 , 20.204 , 20.204
0 , 0 , 20.204 , 20.204
0 , 0 , 20.204 , 20.204
0 , 0 , 20.204 , 20.204
0 , 0.001 , 20.238 , 20.239
0.001 , 0 , 20.246 , 20.247
0 , 0 , 20.248 , 20.248
0 , 0 , 20.248 , 20.248
0 , 0 , 20.248 , 20.248
0 , 0 , 20.248 , 20.248
0 , 0 , 20.28 , 20.28
0 , 0 , 20.28 , 20.28
0 , 0 , 20.28 , 20.28
0 , 0 , 20.28 , 20.28
0 , 0 , 20.31 , 20.31
0 , 0 , 20.31 , 20.31
0 , 0 , 20.31 , 20.31
0 , 0 , 20.31 , 20.31
0 , 0 , 20.342 , 20.342
0 , 0 , 20.342 , 20.342
0 , 0 , 20.342 , 20.342
0 , 0.015 , 20.342 , 20.357
0 , 0 , 20.372 , 20.372
0 , 0 , 20.372 , 20.372
0 , 0 , 20.372 , 20.372
0 , 0 , 20.404 , 20.404
0 , 0 , 20.404 , 20.404
0 , 0 , 20.404 , 20.404
0.016 , 0 , 20.404 , 20.42
0 , 0.001 , 20.442 , 20.443
0.001 , 0 , 20.452 , 20.453
0.001 , 0 , 20.462 , 20.463
0.001 , 0 , 20.472 , 20.473
0 , 0.001 , 20.48 , 20.481
0.001 , 0 , 20.49 , 20.491
0.001 , 0 , 20.5 , 20.501
0.001 , 0 , 20.51 , 20.511
0.001 , 0 , 20.52 , 20.521
0.001 , 0 , 20.53 , 20.531
0 , 0 , 20.54 , 20.54
0 , 0 , 20.55 , 20.55
0.001 , 0 , 20.562 , 20.563
0.001 , 0 , 20.572 , 20.573
0.001 , 0 , 20.582 , 20.583
0.001 , 0 , 20.592 , 20.593
0.001 , 0.001 , 20.602 , 20.604
0.001 , 0.001 , 20.614 , 20.616
0.001 , 0.001 , 20.626 , 20.628
0.001 , 0 , 20.64 , 20.641
0.001 , 0 , 20.654 , 20.655
0.001 , 0 , 20.666 , 20.667
0.001 , 0 , 20.678 , 20.679
0 , 0 , 20.69 , 20.69
0 , 0 , 20.69 , 20.69
0 , 0 , 20.69 , 20.69
0 , 0 , 20.72 , 20.72
0 , 0 , 20.752 , 20.752
0 , 0 , 20.782 , 20.782
0 , 0 , 20.814 , 20.814
0 , 0 , 20.83 , 20.83
0 , 0 , 20.846 , 20.846
0 , 0 , 20.846 , 20.846
0 , 0.001 , 20.88 , 20.881
0 , 0 , 20.89 , 20.89
0 , 0 , 20.89 , 20.89
0 , 0 , 20.89 , 20.89
0 , 0 , 20.92 , 20.92
0 , 0 , 20.92 , 20.92
0 , 0 , 20.952 , 20.952
0 , 0 , 20.984 , 20.984
0 , 0 , 21.014 , 21.014
0 , 0 , 21.014 , 21.014
0 , 0 , 21.046 , 21.046
0 , 0 , 21.046 , 21.046
0.001 , 0 , 21.082 , 21.083
0 , 0 , 21.09 , 21.09
0 , 0 , 21.09 , 21.09
0 , 0 , 21.12 , 21.12
0 , 0 , 21.12 , 21.12
0.016 , 0 , 21.12 , 21.136
0 , 0 , 21.152 , 21.152
0 , 0 , 21.152 , 21.152
0 , 0 , 21.184 , 21.184
0 , 0 , 21.184 , 21.184
0 , 0 , 21.214 , 21.214
0 , 0 , 21.214 , 21.214
0 , 0 , 21.246 , 21.246
0 , 0 , 21.246 , 21.246
0.001 , 0 , 21.278 , 21.279
0 , 0 , 21.29 , 21.29
0 , 0 , 21.29 , 21.29
0 , 0 , 21.322 , 21.322
0 , 0 , 21.322 , 21.322
0 , 0.015 , 21.322 , 21.337
0 , 0 , 21.352 , 21.352
0.016 , 0 , 21.352 , 21.368
0 , 0 , 21.384 , 21.384
0.015 , 0 , 21.384 , 21.399
0 , 0 , 21.414 , 21.414
0.016 , 0 , 21.414 , 21.43
0 , 0 , 21.446 , 21.446
0.016 , 0 , 21.446 , 21.462
0 , 0 , 21.49 , 21.49
0 , 0 , 21.49 , 21.49
0 , 0 , 21.522 , 21.522
0 , 0 , 21.522 , 21.522
0 , 0 , 21.552 , 21.552
0 , 0 , 21.552 , 21.552
0 , 0 , 21.584 , 21.584
0 , 0 , 21.584 , 21.584
0 , 0 , 21.616 , 21.616
0.015 , 0 , 21.616 , 21.631
0 , 0 , 21.646 , 21.646
0.003 , 0 , 21.68 , 21.683
0 , 0 , 21.692 , 21.692
0 , 0.015 , 21.692 , 21.707
0 , 0 , 21.722 , 21.722
0 , 0 , 21.754 , 21.754
0.015 , 0 , 21.754 , 21.769
0 , 0 , 21.784 , 21.784
0 , 0 , 21.816 , 21.816
0.016 , 0 , 21.816 , 21.832
0 , 0 , 21.848 , 21.848
0.002 , 0 , 21.888 , 21.89
0 , 0 , 21.892 , 21.892
0 , 0 , 21.922 , 21.922
0 , 0 , 21.954 , 21.954
0.016 , 0 , 21.954 , 21.97
0 , 0 , 21.986 , 21.986
0 , 0 , 22.016 , 22.016
0 , 0 , 22.048 , 22.048
0.003 , 0 , 22.08 , 22.083
0 , 0 , 22.092 , 22.092
0 , 0 , 22.122 , 22.122
0 , 0 , 22.138 , 22.138
0.016 , 0 , 22.154 , 22.17
0 , 0 , 22.186 , 22.186
0 , 0 , 22.216 , 22.216
0 , 0 , 22.248 , 22.248
0.018 , 0 , 22.248 , 22.266
0 , 0 , 22.292 , 22.292
0 , 0 , 22.324 , 22.324
0 , 0.015 , 22.324 , 22.339
0 , 0 , 22.354 , 22.354
0 , 0 , 22.386 , 22.386
0 , 0 , 22.418 , 22.418
0 , 0 , 22.433 , 22.433
0 , 0 , 22.448 , 22.448
0.002 , 0 , 22.495 , 22.497
0.002 , 0 , 22.522 , 22.524
0.002 , 0.001 , 22.546 , 22.549
0.002 , 0 , 22.574 , 22.576
0.002 , 0 , 22.6 , 22.602
0.001 , 0 , 22.624 , 22.625
0.002 , 0 , 22.646 , 22.648
0.001 , 0 , 22.673 , 22.674
0 , 0 , 22.694 , 22.694
0.015 , 0 , 22.694 , 22.709
0 , 0 , 22.724 , 22.724
0 , 0 , 22.756 , 22.756
0 , 0 , 22.788 , 22.788
0 , 0 , 22.818 , 22.818
0 , 0.016 , 22.818 , 22.834
0 , 0 , 22.85 , 22.85
0 , 0 , 22.894 , 22.894
0.016 , 0 , 22.894 , 22.91
0 , 0 , 22.926 , 22.926
0.016 , 0 , 22.956 , 22.972
0 , 0 , 22.988 , 22.988
0 , 0 , 23.02 , 23.02
0 , 0 , 23.05 , 23.05
0 , 0 , 23.094 , 23.094
0 , 0 , 23.094 , 23.094
0 , 0 , 23.124 , 23.124
0 , 0 , 23.156 , 23.156
0 , 0 , 23.188 , 23.188
0 , 0 , 23.218 , 23.218
0 , 0 , 23.25 , 23.25
0 , 0 , 23.25 , 23.25
0 , 0 , 23.294 , 23.294
0 , 0 , 23.326 , 23.326
0.015 , 0 , 23.326 , 23.341
0 , 0 , 23.356 , 23.356
0 , 0 , 23.388 , 23.388
0 , 0 , 23.42 , 23.42
0 , 0 , 23.45 , 23.45
0.001 , 0 , 23.482 , 23.483
0 , 0 , 23.494 , 23.494
0 , 0 , 23.526 , 23.526
0 , 0 , 23.556 , 23.556
0.016 , 0 , 23.556 , 23.572
0 , 0 , 23.588 , 23.588
0 , 0 , 23.62 , 23.62
0 , 0 , 23.65 , 23.65
0 , 0 , 23.694 , 23.694
0 , 0.016 , 23.694 , 23.71
0 , 0 , 23.726 , 23.726
0 , 0 , 23.756 , 23.756
0 , 0 , 23.788 , 23.788
0 , 0 , 23.82 , 23.82
0 , 0 , 23.85 , 23.85
0.001 , 0 , 23.891 , 23.892
0 , 0 , 23.894 , 23.894
0 , 0 , 23.926 , 23.926
0 , 0 , 23.988 , 23.988
0 , 0 , 24.02 , 24.02
0 , 0 , 24.05 , 24.05
0 , 0 , 24.094 , 24.094
0 , 0 , 24.126 , 24.126
0 , 0 , 24.156 , 24.156
0 , 0 , 24.172 , 24.172
0 , 0 , 24.188 , 24.188
0 , 0 , 24.22 , 24.22
0 , 0 , 24.25 , 24.25
0 , 0 , 24.294 , 24.294
0 , 0 , 24.326 , 24.326
0 , 0 , 24.358 , 24.358
0 , 0 , 24.373 , 24.373
0 , 0 , 24.388 , 24.388
0 , 0 , 24.42 , 24.42
0 , 0 , 24.452 , 24.452
0 , 0 , 24.496 , 24.496
0 , 0 , 24.526 , 24.526
0 , 0 , 24.558 , 24.558
0 , 0 , 24.59 , 24.59
0 , 0 , 24.62 , 24.62
0 , 0 , 24.652 , 24.652
0.002 , 0 , 24.684 , 24.686
0 , 0 , 24.696 , 24.696
0 , 0 , 24.728 , 24.728
0 , 0 , 24.758 , 24.758
0 , 0 , 24.79 , 24.79
0 , 0 , 24.822 , 24.822
0 , 0 , 24.852 , 24.852
0 , 0 , 24.895 , 24.895
0.001 , 0 , 24.924 , 24.925
0.001 , 0 , 24.956 , 24.957
0 , 0 , 24.986 , 24.986
0.001 , 0 , 25.017 , 25.018
0.001 , 0 , 25.05 , 25.051
0.001 , 0 , 25.081 , 25.082
0.001 , 0 , 25.112 , 25.113
0 , 0.001 , 25.142 , 25.143
0.001 , 0 , 25.174 , 25.175
0 , 0 , 25.206 , 25.207
0.001 , 0 , 25.238 , 25.239
0.001 , 0 , 25.268 , 25.269
0.001 , 0 , 25.3 , 25.301
0.001 , 0 , 25.332 , 25.333
0.001 , 0 , 25.365 , 25.366
0.001 , 0 , 25.398 , 25.399
0.001 , 0 , 25.432 , 25.433
0 , 0 , 25.464 , 25.464
0.001 , 0 , 25.498 , 25.499
0 , 0.001 , 25.53 , 25.531
0.001 , 0 , 25.566 , 25.567
0.002 , 0 , 25.6 , 25.602
0 , 0 , 25.634 , 25.634
0.001 , 0 , 25.67 , 25.671
0.001 , 0 , 25.705 , 25.706
0 , 0 , 25.738 , 25.738
0 , 0 , 25.772 , 25.772
0 , 0.001 , 25.806 , 25.807
0.001 , 0 , 25.84 , 25.841
0.001 , 0.001 , 25.876 , 25.878
0.001 , 0 , 25.911 , 25.912
0 , 0.001 , 25.946 , 25.947
0.001 , 0 , 25.98 , 25.981
0.001 , 0 , 26.015 , 26.016
0.001 , 0 , 26.052 , 26.053
0 , 0 , 26.06 , 26.06
0.015 , 0 , 26.092 , 26.107
0 , 0 , 26.154 , 26.154
0 , 0 , 26.184 , 26.184
0 , 0 , 26.216 , 26.216
0 , 0.001 , 26.254 , 26.255
0 , 0 , 26.26 , 26.26
0 , 0 , 26.322 , 26.322
0 , 0 , 26.354 , 26.354
0 , 0 , 26.384 , 26.384
0 , 0 , 26.416 , 26.416
0.001 , 0 , 26.458 , 26.459
0 , 0 , 26.492 , 26.492
0 , 0 , 26.522 , 26.522
0 , 0 , 26.554 , 26.554
0 , 0 , 26.586 , 26.586
0 , 0 , 26.616 , 26.616
0 , 0 , 26.66 , 26.66
0 , 0 , 26.692 , 26.692
0 , 0 , 26.724 , 26.724
0 , 0 , 26.754 , 26.754
0 , 0 , 26.786 , 26.786
0 , 0 , 26.818 , 26.818
0 , 0 , 26.862 , 26.862
0 , 0 , 26.896 , 26.896
0 , 0 , 26.926 , 26.926
0.015 , 0 , 26.958 , 26.973
0 , 0 , 27.02 , 27.02
0 , 0 , 27.062 , 27.062
0 , 0 , 27.092 , 27.092
0 , 0 , 27.124 , 27.124
0 , 0 , 27.156 , 27.156
0 , 0 , 27.186 , 27.186
0.001 , 0 , 27.252 , 27.253
0 , 0 , 27.262 , 27.262
0.016 , 0 , 27.292 , 27.308
0 , 0 , 27.356 , 27.356
0 , 0 , 27.386 , 27.386
0 , 0 , 27.418 , 27.418
0 , 0 , 27.462 , 27.462
0 , 0 , 27.494 , 27.494
0 , 0 , 27.524 , 27.524
0 , 0 , 27.556 , 27.556
0 , 0 , 27.586 , 27.586
0 , 0.001 , 27.65 , 27.651
0 , 0 , 27.662 , 27.662
0.016 , 0 , 27.692 , 27.708
0 , 0 , 27.756 , 27.756
0 , 0 , 27.786 , 27.786
0 , 0 , 27.818 , 27.818
0.001 , 0 , 27.869 , 27.87
0 , 0 , 27.908 , 27.909
0.001 , 0 , 27.948 , 27.949
0.001 , 0 , 27.986 , 27.987
0.001 , 0 , 28.025 , 28.026
0.001 , 0 , 28.066 , 28.067
0 , 0.001 , 28.104 , 28.105
0.001 , 0 , 28.144 , 28.145
0.001 , 0 , 28.185 , 28.186
0.001 , 0 , 28.228 , 28.229
0.001 , 0 , 28.269 , 28.27
0.001 , 0 , 28.308 , 28.309
0.002 , 0 , 28.35 , 28.352
0.001 , 0 , 28.39 , 28.391
0.001 , 0 , 28.43 , 28.431
0.001 , 0 , 28.47 , 28.471
0.001 , 0 , 28.508 , 28.509
0.001 , 0 , 28.549 , 28.55
0.001 , 0 , 28.587 , 28.588
0.001 , 0 , 28.625 , 28.626
0.001 , 0 , 28.664 , 28.665
0.001 , 0 , 28.702 , 28.703
0.001 , 0 , 28.742 , 28.743
0 , 0.001 , 28.78 , 28.781
0.001 , 0 , 28.821 , 28.822
0 , 0 , 28.866 , 28.866
0 , 0 , 28.896 , 28.896
0 , 0 , 28.928 , 28.928
0 , 0 , 28.99 , 28.99
0 , 0 , 29.022 , 29.022
0 , 0 , 29.066 , 29.066
0 , 0 , 29.096 , 29.096
0.015 , 0 , 29.128 , 29.143
0 , 0 , 29.19 , 29.19
0 , 0 , 29.222 , 29.222
0 , 0 , 29.264 , 29.264
0 , 0 , 29.296 , 29.296
0 , 0 , 29.358 , 29.358
0 , 0 , 29.39 , 29.39
0 , 0 , 29.422 , 29.422
0 , 0 , 29.466 , 29.466
0 , 0 , 29.496 , 29.496
0 , 0 , 29.56 , 29.56
0 , 0 , 29.59 , 29.59
0 , 0 , 29.622 , 29.622
0 , 0 , 29.666 , 29.666
0 , 0 , 29.728 , 29.728
0 , 0 , 29.76 , 29.76
0 , 0 , 29.792 , 29.792
0.001 , 0 , 29.856 , 29.857
0.001 , 0 , 29.898 , 29.899
0.001 , 0 , 29.944 , 29.945
0.001 , 0 , 29.991 , 29.992
0.016 , 0 , 30.006 , 30.022
0 , 0 , 30.068 , 30.068
0 , 0 , 30.1 , 30.1
0 , 0 , 30.162 , 30.162
0.001 , 0 , 30.21 , 30.211
0.001 , 0.001 , 30.254 , 30.256
0 , 0.001 , 30.3 , 30.301
0.001 , 0 , 30.346 , 30.347
0.001 , 0 , 30.39 , 30.391
0.001 , 0 , 30.434 , 30.435
0.001 , 0 , 30.48 , 30.481
0.001 , 0.001 , 30.524 , 30.526
0.001 , 0 , 30.569 , 30.57
0.001 , 0 , 30.615 , 30.616
0.001 , 0 , 30.661 , 30.662
0.001 , 0 , 30.706 , 30.707
0.001 , 0 , 30.75 , 30.751
0.001 , 0 , 30.796 , 30.797
0.001 , 0 , 30.843 , 30.844
0.001 , 0 , 30.89 , 30.891
0.001 , 0 , 30.936 , 30.937
0.001 , 0 , 30.981 , 30.982
0.001 , 0 , 31.028 , 31.029
0.001 , 0 , 31.075 , 31.076
0.001 , 0 , 31.122 , 31.123
0.001 , 0 , 31.169 , 31.17
0.001 , 0 , 31.215 , 31.216
0.001 , 0 , 31.262 , 31.263
0.001 , 0 , 31.308 , 31.309
0 , 0.001 , 31.358 , 31.359
0.001 , 0 , 31.404 , 31.405
0 , 0.001 , 31.45 , 31.451
0.001 , 0.001 , 31.498 , 31.5
0.001 , 0 , 31.546 , 31.547
0.001 , 0 , 31.593 , 31.594
0.001 , 0 , 31.64 , 31.641
0.001 , 0 , 31.688 , 31.689
0.001 , 0.001 , 31.736 , 31.738
0.001 , 0.001 , 31.79 , 31.792
0.001 , 0 , 31.842 , 31.843
0.001 , 0 , 31.896 , 31.897
0 , 0 , 31.942 , 31.942
0 , 0 , 31.972 , 31.972
0 , 0 , 32.034 , 32.034
0 , 0 , 32.066 , 32.066
0.001 , 0 , 32.136 , 32.137
0.001 , 0 , 32.182 , 32.183
0 , 0.001 , 32.228 , 32.229
0.001 , 0 , 32.275 , 32.276
0.001 , 0 , 32.323 , 32.324
0.001 , 0.001 , 32.412 , 32.414
0.001 , 0 , 32.476 , 32.477
0.001 , 0 , 32.524 , 32.525
0.001 , 0 , 32.572 , 32.573
0.001 , 0 , 32.622 , 32.623
0.001 , 0 , 32.672 , 32.673
0.001 , 0 , 32.722 , 32.723
0.001 , 0 , 32.772 , 32.773
0.001 , 0 , 32.822 , 32.823
0.001 , 0 , 32.87 , 32.871
0 , 0.001 , 32.918 , 32.919
0 , 0.001 , 32.968 , 32.969
0 , 0.001 , 33.018 , 33.019
0.001 , 0 , 33.07 , 33.071
0.001 , 0 , 33.12 , 33.121
0.001 , 0 , 33.17 , 33.171
0 , 0.001 , 33.22 , 33.221
0.001 , 0 , 33.271 , 33.272
0.001 , 0 , 33.322 , 33.323
0.001 , 0 , 33.372 , 33.373
0.001 , 0 , 33.424 , 33.425
0.001 , 0 , 33.476 , 33.477
0.001 , 0 , 33.526 , 33.527
0.001 , 0 , 33.577 , 33.578
0.001 , 0 , 33.628 , 33.629
0.001 , 0 , 33.68 , 33.681
0.001 , 0 , 33.731 , 33.732
0.002 , 0.001 , 33.784 , 33.787
0.002 , 0.001 , 33.84 , 33.843
0.003 , 0 , 33.896 , 33.899
0.003 , 0 , 33.952 , 33.955
0.002 , 0.001 , 34.006 , 34.009
0.002 , 0.001 , 34.06 , 34.063
0.003 , 0 , 34.115 , 34.118
0.003 , 0 , 34.17 , 34.173
0 , 0 , 34.216 , 34.216
0 , 0 , 34.278 , 34.278
0.016 , 0 , 34.31 , 34.326
0 , 0 , 34.372 , 34.372
0 , 0 , 34.448 , 34.448
0 , 0 , 34.51 , 34.51
0.015 , 0 , 34.542 , 34.557
0 , 0 , 34.618 , 34.618
0 , 0 , 34.68 , 34.68
0 , 0 , 34.742 , 34.742
0.002 , 0 , 34.805 , 34.807
0 , 0 , 34.848 , 34.848
0 , 0 , 34.912 , 34.912
0 , 0 , 34.974 , 34.974
0 , 0 , 35.018 , 35.018
0 , 0 , 35.08 , 35.08
0 , 0 , 35.144 , 35.144
0 , 0 , 35.218 , 35.218
0.016 , 0 , 35.25 , 35.266
0.016 , 0 , 35.312 , 35.328
0 , 0 , 35.376 , 35.376
0 , 0 , 35.45 , 35.45
0 , 0 , 35.512 , 35.512
0 , 0 , 35.574 , 35.574
0 , 0 , 35.62 , 35.62
0 , 0 , 35.682 , 35.682
0 , 0 , 35.744 , 35.744
0 , 0.001 , 35.818 , 35.819
0.016 , 0 , 35.85 , 35.866
0.015 , 0 , 35.914 , 35.929
0.017 , 0 , 35.976 , 35.993
0 , 0 , 36.052 , 36.052
0 , 0 , 36.114 , 36.114
0 , 0 , 36.176 , 36.176
0 , 0 , 36.22 , 36.22
0 , 0 , 36.284 , 36.284
0 , 0 , 36.346 , 36.346
0 , 0 , 36.422 , 36.422
0 , 0 , 36.484 , 36.484
0 , 0 , 36.546 , 36.546
0 , 0 , 36.62 , 36.62
0.015 , 0 , 36.654 , 36.669
0 , 0.015 , 36.716 , 36.731
0.003 , 0 , 36.794 , 36.797
0 , 0 , 36.854 , 36.854
0 , 0 , 36.918 , 36.918
0 , 0 , 36.982 , 36.982
0 , 0 , 37.054 , 37.054
0 , 0 , 37.116 , 37.116
0 , 0 , 37.178 , 37.178
0 , 0 , 37.254 , 37.254
0 , 0 , 37.316 , 37.316
0 , 0 , 37.378 , 37.378
0 , 0 , 37.454 , 37.454
0 , 0 , 37.516 , 37.516
0 , 0 , 37.58 , 37.58
0 , 0 , 37.654 , 37.654
0 , 0 , 37.716 , 37.716
0 , 0 , 37.78 , 37.78
0 , 0 , 37.856 , 37.856
0 , 0 , 37.918 , 37.918
0 , 0 , 37.98 , 37.98
0 , 0 , 38.054 , 38.054
0 , 0 , 38.118 , 38.118
0.015 , 0 , 38.18 , 38.195
0 , 0 , 38.256 , 38.256
0 , 0 , 38.318 , 38.318
0 , 0 , 38.38 , 38.38
0 , 0 , 38.456 , 38.456
0 , 0 , 38.518 , 38.518
0 , 0 , 38.58 , 38.58
0 , 0 , 38.656 , 38.656
0 , 0 , 38.72 , 38.72
0 , 0 , 38.782 , 38.782
0 , 0 , 38.856 , 38.856
0 , 0 , 38.918 , 38.918
0 , 0 , 38.982 , 38.982
0 , 0 , 39.056 , 39.056
0 , 0 , 39.12 , 39.12
0.017 , 0 , 39.182 , 39.199
0 , 0 , 39.258 , 39.258
0.016 , 0 , 39.32 , 39.336
0.003 , 0 , 39.415 , 39.418
0.016 , 0 , 39.458 , 39.474
0 , 0.016 , 39.52 , 39.536
0.003 , 0 , 39.619 , 39.622
0.016 , 0 , 39.658 , 39.674
0 , 0 , 39.752 , 39.752
0 , 0 , 39.828 , 39.828
0.016 , 0 , 39.89 , 39.906
0 , 0 , 39.984 , 39.984
0.015 , 0 , 40.028 , 40.043
0 , 0 , 40.122 , 40.122
0 , 0 , 40.184 , 40.184
0 , 0 , 40.258 , 40.258
0 , 0 , 40.32 , 40.32
0 , 0 , 40.382 , 40.382
0 , 0 , 40.458 , 40.458
0 , 0 , 40.552 , 40.552
0.001 , 0.001 , 40.622 , 40.624
0 , 0 , 40.69 , 40.69
0 , 0 , 40.752 , 40.752
0 , 0 , 40.828 , 40.828
0 , 0 , 40.89 , 40.89
0 , 0 , 40.952 , 40.952
0 , 0 , 41.028 , 41.028
0.016 , 0 , 41.09 , 41.106
0 , 0 , 41.184 , 41.184
0 , 0 , 41.26 , 41.26
0 , 0 , 41.322 , 41.322
0.003 , 0 , 41.416 , 41.419
0 , 0 , 41.492 , 41.492
0 , 0 , 41.554 , 41.554
0 , 0 , 41.628 , 41.628
0 , 0 , 41.692 , 41.692
0 , 0 , 41.786 , 41.786
0 , 0 , 41.86 , 41.86
0 , 0 , 41.924 , 41.924
0 , 0 , 41.986 , 41.986
0 , 0 , 42.062 , 42.062
0 , 0 , 42.124 , 42.124
0.001 , 0.001 , 42.22 , 42.222
0 , 0 , 42.262 , 42.262
0 , 0 , 42.356 , 42.356
0 , 0 , 42.43 , 42.43
0 , 0 , 42.492 , 42.492
0 , 0 , 42.556 , 42.556
0 , 0 , 42.632 , 42.632
0 , 0 , 42.694 , 42.694
0 , 0 , 42.788 , 42.788
0 , 0.015 , 42.832 , 42.847
0 , 0 , 42.926 , 42.926
0 , 0 , 42.988 , 42.988
0 , 0 , 43.064 , 43.064
0 , 0 , 43.126 , 43.126
0 , 0 , 43.232 , 43.232
0 , 0 , 43.294 , 43.294
0 , 0 , 43.358 , 43.358
0 , 0 , 43.432 , 43.432
0 , 0 , 43.526 , 43.526
0 , 0 , 43.59 , 43.59
0 , 0 , 43.664 , 43.664
0 , 0 , 43.758 , 43.758
0 , 0 , 43.832 , 43.832
0 , 0 , 43.894 , 43.894
0 , 0 , 43.958 , 43.958
0 , 0 , 44.032 , 44.032
0 , 0 , 44.126 , 44.126
0 , 0 , 44.19 , 44.19
0 , 0 , 44.264 , 44.264
0 , 0 , 44.328 , 44.328
0.001 , 0.001 , 44.426 , 44.428
0 , 0 , 44.496 , 44.496
0 , 0 , 44.558 , 44.558
0 , 0 , 44.634 , 44.634
0.015 , 0 , 44.698 , 44.713
0 , 0 , 44.79 , 44.79
0 , 0 , 44.866 , 44.866
0 , 0 , 44.928 , 44.928
0.002 , 0 , 45.026 , 45.028
0 , 0 , 45.098 , 45.098
0 , 0 , 45.16 , 45.16
0 , 0 , 45.236 , 45.236
0.016 , 0 , 45.298 , 45.314
0 , 0 , 45.392 , 45.392
0 , 0 , 45.468 , 45.468
0 , 0 , 45.53 , 45.53
0.002 , 0 , 45.634 , 45.636
0 , 0 , 45.7 , 45.7
0 , 0 , 45.762 , 45.762
0 , 0 , 45.838 , 45.838
0 , 0 , 45.932 , 45.932
0 , 0 , 45.994 , 45.994
0 , 0 , 46.07 , 46.07
0 , 0 , 46.164 , 46.164
0 , 0 , 46.238 , 46.238
0 , 0 , 46.302 , 46.302
0 , 0 , 46.396 , 46.396
0 , 0 , 46.47 , 46.47
0 , 0 , 46.534 , 46.534
0.001 , 0 , 46.629 , 46.63
0 , 0 , 46.702 , 46.702
0 , 0 , 46.766 , 46.766
0 , 0 , 46.84 , 46.84
0 , 0 , 46.936 , 46.936
0 , 0 , 46.998 , 46.998
0 , 0 , 47.072 , 47.072
0 , 0 , 47.164 , 47.164
0 , 0 , 47.24 , 47.24
0 , 0 , 47.304 , 47.304
0 , 0 , 47.396 , 47.396
0 , 0 , 47.472 , 47.472
0 , 0 , 47.536 , 47.536
0.001 , 0 , 47.634 , 47.635
0 , 0 , 47.704 , 47.704
0 , 0 , 47.766 , 47.766
0 , 0 , 47.842 , 47.842
0 , 0 , 47.936 , 47.936
0 , 0 , 47.998 , 47.998
0 , 0 , 48.074 , 48.074
0 , 0 , 48.168 , 48.168
0 , 0 , 48.244 , 48.244
0 , 0 , 48.306 , 48.306
0 , 0 , 48.4 , 48.4
0 , 0 , 48.476 , 48.476
0 , 0.015 , 48.538 , 48.553
0 , 0 , 48.644 , 48.644
0 , 0 , 48.706 , 48.706
0 , 0 , 48.8 , 48.8
0 , 0 , 48.876 , 48.876
0 , 0 , 48.938 , 48.938
0.001 , 0 , 49.042 , 49.043
0 , 0 , 49.108 , 49.108
0.016 , 0 , 49.17 , 49.186
0 , 0 , 49.278 , 49.278
0 , 0 , 49.34 , 49.34
0.001 , 0 , 49.442 , 49.443
0 , 0 , 49.51 , 49.51
0 , 0 , 49.604 , 49.604
0 , 0 , 49.678 , 49.678
0 , 0 , 49.74 , 49.74
0 , 0 , 49.846 , 49.846
0 , 0 , 49.908 , 49.908
0 , 0 , 50.002 , 50.002
0 , 0 , 50.078 , 50.078
0 , 0 , 50.17 , 50.17
0 , 0 , 50.246 , 50.246
0 , 0 , 50.308 , 50.308
0 , 0 , 50.402 , 50.402
0 , 0 , 50.476 , 50.476
0 , 0 , 50.57 , 50.57
0 , 0 , 50.646 , 50.646
0 , 0 , 50.74 , 50.74
0 , 0 , 50.802 , 50.802
0 , 0 , 50.91 , 50.91
0 , 0 , 50.972 , 50.972
0.015 , 0 , 51.048 , 51.063
0 , 0 , 51.14 , 51.14
0.001 , 0 , 51.24 , 51.241
0 , 0 , 51.31 , 51.31
0 , 0 , 51.404 , 51.404
0 , 0 , 51.48 , 51.48
0 , 0.016 , 51.542 , 51.558
0 , 0 , 51.65 , 51.65
0 , 0 , 51.712 , 51.712
0 , 0 , 51.806 , 51.806
0 , 0 , 51.882 , 51.882
0 , 0 , 51.974 , 51.974
0 , 0 , 52.05 , 52.05
0 , 0 , 52.144 , 52.144
0 , 0 , 52.206 , 52.206
0 , 0 , 52.314 , 52.314
0 , 0 , 52.376 , 52.376
0.015 , 0 , 52.452 , 52.467
0 , 0 , 52.546 , 52.546
0 , 0 , 52.651 , 52.651
0 , 0 , 52.714 , 52.714
0 , 0 , 52.808 , 52.808
0 , 0 , 52.884 , 52.884
0 , 0 , 52.976 , 52.976
0 , 0 , 53.052 , 53.052
0 , 0 , 53.146 , 53.146
0 , 0 , 53.208 , 53.208
0 , 0 , 53.316 , 53.316
0 , 0 , 53.378 , 53.378
0 , 0 , 53.486 , 53.486
0 , 0 , 53.548 , 53.548
0 , 0 , 53.654 , 53.654
0 , 0 , 53.718 , 53.718
0 , 0 , 53.81 , 53.81
0 , 0 , 53.886 , 53.886
0 , 0 , 53.98 , 53.98
0 , 0 , 54.054 , 54.054
0 , 0 , 54.148 , 54.148
0.001 , 0 , 54.25 , 54.251
0 , 0 , 54.318 , 54.318
0 , 0 , 54.412 , 54.412
0 , 0 , 54.488 , 54.488
0 , 0 , 54.582 , 54.582
0 , 0 , 54.656 , 54.656
0 , 0 , 54.75 , 54.75
0 , 0.001 , 54.846 , 54.847
0 , 0 , 54.92 , 54.92
0 , 0 , 55.014 , 55.014
0 , 0 , 55.09 , 55.09
0 , 0 , 55.182 , 55.182
0 , 0 , 55.258 , 55.258
0 , 0 , 55.352 , 55.352
0 , 0 , 55.414 , 55.414
0 , 0 , 55.522 , 55.522
0 , 0 , 55.616 , 55.616
0 , 0 , 55.69 , 55.69
0 , 0 , 55.784 , 55.784
0 , 0 , 55.86 , 55.86
0 , 0 , 55.954 , 55.954
0.001 , 0 , 56.048 , 56.049
0 , 0 , 56.124 , 56.124
0 , 0 , 56.216 , 56.216
0 , 0 , 56.292 , 56.292
0 , 0 , 56.386 , 56.386
0 , 0 , 56.462 , 56.462
0 , 0 , 56.556 , 56.556
0.001 , 0 , 56.656 , 56.657
0 , 0 , 56.726 , 56.726
0 , 0 , 56.818 , 56.818
0 , 0 , 56.896 , 56.896
0 , 0 , 56.99 , 56.99
0 , 0 , 57.064 , 57.064
0 , 0 , 57.158 , 57.158
0 , 0 , 57.262 , 57.262
0 , 0 , 57.326 , 57.326
0 , 0 , 57.42 , 57.42
0 , 0 , 57.526 , 57.526
0 , 0 , 57.588 , 57.588
0 , 0 , 57.696 , 57.696
0 , 0 , 57.79 , 57.79
0 , 0 , 57.864 , 57.864
0 , 0 , 57.958 , 57.958
0.001 , 0 , 58.056 , 58.057
0 , 0 , 58.128 , 58.128
0 , 0 , 58.222 , 58.222
0.001 , 0 , 58.317 , 58.318
0.001 , 0 , 58.41 , 58.411
0.001 , 0 , 58.5 , 58.501
0.001 , 0 , 58.592 , 58.593
0.001 , 0 , 58.683 , 58.684
0.001 , 0 , 58.776 , 58.777
0.001 , 0 , 58.868 , 58.869
0.001 , 0 , 58.96 , 58.961
0.001 , 0 , 59.052 , 59.053
0.001 , 0 , 59.146 , 59.147
0 , 0.001 , 59.236 , 59.237
0.001 , 0 , 59.325 , 59.326
0 , 0.001 , 59.412 , 59.413
0.001 , 0 , 59.501 , 59.502
0.001 , 0 , 59.59 , 59.591
0.001 , 0 , 59.679 , 59.68
0.001 , 0 , 59.768 , 59.769
0.001 , 0 , 59.856 , 59.857
0.001 , 0 , 59.945 , 59.946
0.001 , 0 , 60.033 , 60.034
0.001 , 0 , 60.122 , 60.123
0.001 , 0 , 60.211 , 60.212
0.001 , 0 , 60.3 , 60.301
0.001 , 0 , 60.391 , 60.392
0.001 , 0 , 60.488 , 60.489
0 , 0.001 , 60.584 , 60.585
0 , 0 , 60.674 , 60.674
0 , 0 , 60.768 , 60.768
0 , 0 , 60.844 , 60.844
0 , 0 , 60.938 , 60.938
0 , 0 , 61.044 , 61.044
0 , 0 , 61.138 , 61.138
0 , 0 , 61.214 , 61.214
0 , 0 , 61.308 , 61.308
0 , 0 , 61.414 , 61.414
0 , 0 , 61.508 , 61.508
0.001 , 0 , 61.612 , 61.613
0 , 0 , 61.678 , 61.678
0 , 0 , 61.77 , 61.77
0 , 0 , 61.878 , 61.878
0 , 0 , 61.972 , 61.972
0 , 0 , 62.046 , 62.046
0 , 0 , 62.14 , 62.14
0 , 0 , 62.248 , 62.248
0 , 0 , 62.342 , 62.342
0 , 0 , 62.416 , 62.416
0 , 0 , 62.51 , 62.51
0 , 0 , 62.618 , 62.618
0 , 0 , 62.712 , 62.712
0 , 0 , 62.818 , 62.818
0.016 , 0 , 62.88 , 62.896
0 , 0 , 62.974 , 62.974
0 , 0 , 63.08 , 63.08
0 , 0 , 63.174 , 63.174
0 , 0 , 63.25 , 63.25
0.015 , 0 , 63.344 , 63.359
0 , 0 , 63.45 , 63.45
0 , 0 , 63.544 , 63.544
0 , 0 , 63.65 , 63.65
0.001 , 0 , 63.814 , 63.815
0 , 0 , 63.882 , 63.882
0 , 0 , 63.976 , 63.976
0 , 0 , 64.082 , 64.082
0 , 0 , 64.176 , 64.176
0 , 0 , 64.284 , 64.284
0 , 0 , 64.376 , 64.376
0 , 0 , 64.452 , 64.452
0 , 0 , 64.546 , 64.546
0 , 0 , 64.652 , 64.652
0 , 0 , 64.746 , 64.746
0 , 0 , 64.852 , 64.852
0 , 0 , 64.946 , 64.946
0 , 0 , 65.022 , 65.022
0 , 0 , 65.116 , 65.116
0 , 0 , 65.222 , 65.222
0 , 0 , 65.316 , 65.316
0 , 0 , 65.424 , 65.424
0 , 0 , 65.516 , 65.516
0 , 0 , 65.623 , 65.623
0 , 0 , 65.718 , 65.718
0.001 , 0 , 65.814 , 65.815
0 , 0 , 65.886 , 65.886
0 , 0 , 65.98 , 65.98
0 , 0 , 66.086 , 66.086
0 , 0 , 66.18 , 66.18
0 , 0 , 66.288 , 66.288
0 , 0 , 66.382 , 66.382
0.015 , 0 , 66.456 , 66.471
0 , 0 , 66.58 , 66.58
0 , 0 , 66.656 , 66.656
0 , 0 , 66.78 , 66.78
0 , 0 , 66.858 , 66.858
0 , 0 , 66.952 , 66.952
0 , 0 , 67.056 , 67.056
Total CPU = 32910.147