#Qurey Time, Memory allocation , I/O Time , Total
0 , 0 , 0 , 0
0.019952 , 0.051 , 19.952 , 20.022952
0.020226 , 0.078 , 20.226 , 20.324226
0.020458 , 0.132 , 20.458 , 20.610458
0.020828 , 0.147 , 20.828 , 20.995828
0.021184 , 0.068 , 21.184 , 21.273184
0.021426 , 0.1 , 21.426 , 21.547426
0.02172 , 0.116 , 21.72 , 21.85772
0.022058 , 0.116 , 22.058 , 22.196058
0.022384 , 0.052 , 22.384 , 22.458384
0.022582 , 0.1 , 22.582 , 22.704582
0.02289 , 0.068 , 22.89 , 22.98089
0.023152 , 0.084 , 23.152 , 23.259152
0.023428 , 0.078 , 23.428 , 23.529428
0.02369 , 0.1 , 23.69 , 23.81369
0.023984 , 0.1 , 23.984 , 24.107984
0.02429 , 0.064 , 24.29 , 24.37829
0.02449 , 0.068 , 24.49 , 24.58249
0.02472 , 0.101 , 24.72 , 24.84572
0.025028 , 0.115 , 25.028 , 25.168028
0.025352 , 0.069 , 25.352 , 25.446352
0.025584 , 0.1 , 25.584 , 25.709584
0.02689 , 0.065 , 25.89 , 25.98189
0.02609 , 0.085 , 26.09 , 26.20109
0.026352 , 0.069 , 26.352 , 26.447352
0.04162 , 0.051 , 26.62 , 26.71262
0.026828 , 0.116 , 26.828 , 26.970828
0.027152 , 0.053 , 27.152 , 27.232152
0.027352 , 0.069 , 27.352 , 27.448352
0.02762 , 0.067 , 27.62 , 27.71462
0.027828 , 0.078 , 27.828 , 27.933828
0.028092 , 0.1 , 28.092 , 28.220092
0.028386 , 0.122 , 28.386 , 28.536386
0.028724 , 0.131 , 28.724 , 28.883724
0.029092 , 0.085 , 29.092 , 29.206092
0.029354 , 0.085 , 29.354 , 29.468354
0.029619 , 0.068 , 29.619 , 29.716619
0.029862 , 0.063 , 29.862 , 29.954862
0.030094 , 0.115 , 30.094 , 30.239094
0.030388 , 0.085 , 30.388 , 30.503388
0.030664 , 0.1 , 30.664 , 30.794664
0.030958 , 0.115 , 30.958 , 31.103958
0.031296 , 0.115 , 31.296 , 31.442296
0.031632 , 0.1 , 31.632 , 31.763632
0.031926 , 0.084 , 31.926 , 32.041926
0.032188 , 0.1 , 32.188 , 32.320188
0.032464 , 0.085 , 32.464 , 32.581464
0.032726 , 0.101 , 32.726 , 32.859726
0.033034 , 0.062 , 33.034 , 33.129034
0.033266 , 0.099 , 33.266 , 33.398266
0.033558 , 0.085 , 33.558 , 33.676558
0.033834 , 0.062 , 33.834 , 33.929834
0.034098 , 0.069 , 34.098 , 34.201098
0.034328 , 0.069 , 34.328 , 34.431328
0.03456 , 0.101 , 34.56 , 34.69556
0.034836 , 0.1 , 34.836 , 34.970836
0.03513 , 0.069 , 35.13 , 35.23413
0.03543 , 0.081 , 35.43 , 35.54643
0.0357 , 0.084 , 35.7 , 35.8197
0.035962 , 0.084 , 35.962 , 36.081962
0.036238 , 0.062 , 36.238 , 36.336238
0.036468 , 0.101 , 36.468 , 36.605468
0.036732 , 0.169 , 36.732 , 36.937732
0.037164 , 0.138 , 37.164 , 37.339164
0.037534 , 0.069 , 37.534 , 37.640534
0.037734 , 0.101 , 37.734 , 37.872734
0.038042 , 0.095 , 38.042 , 38.175042
0.038304 , 0.101 , 38.304 , 38.443304
0.038598 , 0.085 , 38.598 , 38.721598
0.038874 , 0.084 , 38.874 , 38.996874
0.039198 , 0.069 , 39.198 , 39.306198
0.039438 , 0.049 , 39.438 , 39.526438
0.039674 , 0.051 , 39.674 , 39.764674
0.039874 , 0.047 , 39.874 , 39.960874
0.040076 , 0.063 , 40.076 , 40.179076
0.040306 , 0.065 , 40.306 , 40.411306
0.040538 , 0.084 , 40.538 , 40.662538
0.0408 , 0.068 , 40.8 , 40.9088
0.040998 , 0.069 , 40.998 , 41.107998
0.041244 , 0.099 , 41.244 , 41.384244
0.041536 , 0.085 , 41.536 , 41.662536
0.0418 , 0.053 , 41.8 , 41.8948
0.042 , 0.053 , 42 , 42.095
0.042244 , 0.047 , 42.244 , 42.333244
0.042442 , 0.047 , 42.442 , 42.531442
0.042632 , 0.051 , 42.632 , 42.725632
0.0428 , 0.053 , 42.8 , 42.8958
0.043036 , 0.05 , 43.036 , 43.129036
0.043274 , 0.063 , 43.274 , 43.380274
0.044506 , 0.067 , 43.506 , 43.617506
0.044706 , 0.066 , 43.706 , 43.816706
0.043904 , 0.064 , 43.904 , 44.011904
0.044106 , 0.047 , 44.106 , 44.197106
0.044306 , 0.047 , 44.306 , 44.397306
0.044474 , 0.063 , 44.474 , 44.581474
0.044674 , 0.063 , 44.674 , 44.781674
0.044874 , 0.047 , 44.874 , 44.965874
0.045072 , 0.047 , 45.072 , 45.164072
0.045242 , 0.062 , 45.242 , 45.349242
0.045442 , 0.047 , 45.442 , 45.534442
0.04564 , 0.047 , 45.64 , 45.73264
0.045833 , 0.035 , 45.833 , 45.913833
0.046032 , 0.036 , 46.032 , 46.114032
0.046198 , 0.053 , 46.198 , 46.297198
0.046398 , 0.053 , 46.398 , 46.497398
0.046568 , 0.069 , 46.568 , 46.683568
0.046768 , 0.053 , 46.768 , 46.867768
0.046968 , 0.038 , 46.968 , 47.052968
0.047138 , 0.053 , 47.138 , 47.238138
0.047338 , 0.051 , 47.338 , 47.436338
0.047506 , 0.047 , 47.506 , 47.600506
0.047706 , 0.047 , 47.706 , 47.800706
0.047876 , 0.047 , 47.876 , 47.970876
0.048076 , 0.047 , 48.076 , 48.171076
0.048244 , 0.047 , 48.244 , 48.339244
0.048437 , 0.035 , 48.437 , 48.520437
0.0486 , 0.053 , 48.6 , 48.7016
0.0488 , 0.054 , 48.8 , 48.9028
0.04897 , 0.053 , 48.97 , 49.07197
0.04917 , 0.054 , 49.17 , 49.27317
0.04934 , 0.053 , 49.34 , 49.44234
0.04954 , 0.053 , 49.54 , 49.64254
0.04974 , 0.054 , 49.74 , 49.84374
0.049942 , 0.05 , 49.942 , 50.041942
0.05011 , 0.047 , 50.11 , 50.20711
0.050278 , 0.063 , 50.278 , 50.391278
0.050478 , 0.047 , 50.478 , 50.575478
0.050648 , 0.047 , 50.648 , 50.745648
0.05085 , 0.062 , 50.85 , 50.96285
0.051082 , 0.046 , 51.082 , 51.179082
0.051282 , 0.047 , 51.282 , 51.380282
0.05148 , 0.047 , 51.48 , 51.57848
0.051682 , 0.047 , 51.682 , 51.780682
0.051852 , 0.047 , 51.852 , 51.950852
0.05205 , 0.047 , 52.05 , 52.14905
0.05224 , 0.069 , 52.24 , 52.36124
0.052452 , 0.047 , 52.452 , 52.551452
0.052644 , 0.036 , 52.644 , 52.732644
0.052808 , 0.053 , 52.808 , 52.913808
0.053008 , 0.038 , 53.008 , 53.099008
0.053178 , 0.069 , 53.178 , 53.300178
0.05341 , 0.069 , 53.41 , 53.53241
0.053654 , 0.047 , 53.654 , 53.754654
0.053844 , 0.036 , 53.844 , 53.933844
0.05401 , 0.053 , 54.01 , 54.11701
0.05421 , 0.038 , 54.21 , 54.30221
0.05441 , 0.038 , 54.41 , 54.50241
0.05458 , 0.053 , 54.58 , 54.68758
0.054778 , 0.054 , 54.778 , 54.886778
0.05498 , 0.053 , 54.98 , 55.08798
0.05518 , 0.053 , 55.18 , 55.28818
0.05538 , 0.053 , 55.38 , 55.48838
0.055548 , 0.054 , 55.548 , 55.657548
0.05575 , 0.053 , 55.75 , 55.85875
0.05598 , 0.069 , 55.98 , 56.10498
0.05618 , 0.053 , 56.18 , 56.28918
0.056412 , 0.037 , 56.412 , 56.505412
0.05658 , 0.054 , 56.58 , 56.69058
0.071812 , 0.038 , 56.812 , 56.921812
0.05698 , 0.054 , 56.98 , 57.09098
0.05718 , 0.069 , 57.18 , 57.30618
0.072412 , 0.038 , 57.412 , 57.522412
0.057582 , 0.053 , 57.582 , 57.692582
0.057812 , 0.038 , 57.812 , 57.907812
0.057982 , 0.053 , 57.982 , 58.092982
0.058182 , 0.054 , 58.182 , 58.294182
0.058352 , 0.085 , 58.352 , 58.495352
0.058584 , 0.053 , 58.584 , 58.695584
0.058784 , 0.053 , 58.784 , 58.895784
0.058984 , 0.053 , 58.984 , 59.095984
0.059154 , 0.069 , 59.154 , 59.282154
0.059354 , 0.084 , 59.354 , 59.497354
0.059584 , 0.053 , 59.584 , 59.696584
0.059784 , 0.054 , 59.784 , 59.897784
0.059986 , 0.052 , 59.986 , 60.097986
0.060184 , 0.054 , 60.184 , 60.298184
0.060354 , 0.053 , 60.354 , 60.467354
0.061554 , 0.053 , 60.554 , 60.668554
0.060724 , 0.047 , 60.724 , 60.831724
0.060924 , 0.047 , 60.924 , 61.031924
0.061094 , 0.047 , 61.094 , 61.202094
0.061262 , 0.063 , 61.262 , 61.386262
0.061462 , 0.047 , 61.462 , 61.570462
0.061662 , 0.047 , 61.662 , 61.770662
0.061862 , 0.048 , 61.862 , 61.971862
0.06202 , 0.053 , 62.02 , 62.13502
0.06222 , 0.053 , 62.22 , 62.33522
0.062388 , 0.069 , 62.388 , 62.519388
0.062588 , 0.116 , 62.588 , 62.766588
0.062864 , 0.062 , 62.864 , 62.988864
0.063096 , 0.062 , 63.096 , 63.221096
0.063296 , 0.081 , 63.296 , 63.440296
0.063528 , 0.065 , 63.528 , 63.656528
0.063728 , 0.1 , 63.728 , 63.891728
0.06402 , 0.053 , 64.02 , 64.13702
0.06419 , 0.053 , 64.19 , 64.30719
0.06439 , 0.1 , 64.39 , 64.55439
0.064666 , 0.078 , 64.666 , 64.808666
0.064898 , 0.047 , 64.898 , 65.009898
0.065098 , 0.047 , 65.098 , 65.210098
0.065266 , 0.063 , 65.266 , 65.394266
0.065466 , 0.063 , 65.466 , 65.594466
0.065666 , 0.063 , 65.666 , 65.794666
0.065868 , 0.062 , 65.868 , 65.995868
0.066066 , 0.082 , 66.066 , 66.214066
0.066298 , 0.063 , 66.298 , 66.427298
0.06653 , 0.1 , 66.53 , 66.69653
0.066792 , 0.072 , 66.792 , 66.930792
0.066998 , 0.097 , 66.998 , 67.161998
0.067266 , 0.063 , 67.266 , 67.396266
0.067466 , 0.062 , 67.466 , 67.595466
0.067666 , 0.047 , 67.666 , 67.780666
0.067864 , 0.063 , 67.864 , 67.994864
0.068098 , 0.084 , 68.098 , 68.250098
0.068328 , 0.085 , 68.328 , 68.481328
0.06856 , 0.069 , 68.56 , 68.69756
0.068762 , 0.084 , 68.762 , 68.914762
0.069024 , 0.069 , 69.024 , 69.162024
0.069256 , 0.053 , 69.256 , 69.378256
0.069462 , 0.066 , 69.462 , 69.597462
0.069668 , 0.079 , 69.668 , 69.816668
0.069902 , 0.062 , 69.902 , 70.033902
0.070132 , 0.047 , 70.132 , 70.249132
0.0703 , 0.064 , 70.3 , 70.4343
0.0705 , 0.063 , 70.5 , 70.6335
0.070732 , 0.065 , 70.732 , 70.867732
0.071932 , 0.065 , 70.932 , 71.068932
0.071134 , 0.084 , 71.134 , 71.289134
0.071396 , 0.084 , 71.396 , 71.551396
0.071667 , 0.064 , 71.667 , 71.802667
0.07187 , 0.063 , 71.87 , 72.00487
0.07207 , 0.047 , 72.07 , 72.18907
0.072266 , 0.049 , 72.266 , 72.387266
0.072426 , 0.084 , 72.426 , 72.582426
0.07267 , 0.047 , 72.67 , 72.78967
0.072872 , 0.062 , 72.872 , 73.006872
0.07307 , 0.047 , 73.07 , 73.19007
0.073268 , 0.047 , 73.268 , 73.388268
0.073426 , 0.069 , 73.426 , 73.568426
0.073658 , 0.068 , 73.658 , 73.799658
0.07387 , 0.063 , 73.87 , 74.00687
0.07407 , 0.063 , 74.07 , 74.20707
0.074272 , 0.063 , 74.272 , 74.409272
0.074472 , 0.062 , 74.472 , 74.608472
0.074704 , 0.046 , 74.704 , 74.824704
0.074872 , 0.063 , 74.872 , 75.009872
0.075072 , 0.047 , 75.072 , 75.194072
0.075228 , 0.1 , 75.228 , 75.403228
0.075504 , 0.1 , 75.504 , 75.679504
0.075766 , 0.116 , 75.766 , 75.957766
0.076072 , 0.148 , 76.072 , 76.296072
0.07643 , 0.121 , 76.43 , 76.62743
0.076736 , 0.116 , 76.736 , 76.928736
0.07703 , 0.1 , 77.03 , 77.20703
0.077306 , 0.1 , 77.306 , 77.483306
0.077568 , 0.1 , 77.568 , 77.745568
0.077832 , 0.137 , 77.832 , 78.046832
0.07817 , 0.131 , 78.17 , 78.37917
0.078508 , 0.132 , 78.508 , 78.718508
0.078834 , 0.1 , 78.834 , 79.012834
0.079108 , 0.116 , 79.108 , 79.303108
0.079434 , 0.168 , 79.434 , 79.681434
0.079866 , 0.121 , 79.866 , 80.066866
0.080172 , 0.115 , 80.172 , 80.367172
0.080478 , 0.132 , 80.478 , 80.690478
0.080834 , 0.1 , 80.834 , 81.014834
0.08111 , 0.1 , 81.11 , 81.29111
0.081372 , 0.101 , 81.372 , 81.554372
0.081636 , 0.1 , 81.636 , 81.817636
0.08191 , 0.101 , 81.91 , 82.09291
0.082174 , 0.1 , 82.174 , 82.356174
0.082438 , 0.137 , 82.438 , 82.657438
0.082774 , 0.116 , 82.774 , 82.972774
0.083078 , 0.08 , 83.078 , 83.241078
0.083314 , 0.116 , 83.314 , 83.513314
0.083608 , 0.115 , 83.608 , 83.806608
0.083882 , 0.116 , 83.882 , 84.081882
0.084176 , 0.116 , 84.176 , 84.376176
0.084482 , 0.116 , 84.482 , 84.682482
0.084776 , 0.116 , 84.776 , 84.976776
0.085082 , 0.132 , 85.082 , 85.299082
0.085424 , 0.168 , 85.424 , 85.677424
0.08584 , 0.137 , 85.84 , 86.06284
0.086176 , 0.132 , 86.176 , 86.394176
0.086516 , 0.131 , 86.516 , 86.733516
0.086882 , 0.164 , 86.882 , 87.132882
0.087284 , 0.1 , 87.284 , 87.471284
0.087546 , 0.1 , 87.546 , 87.733546
0.08781 , 0.137 , 87.81 , 88.03481
0.088178 , 0.084 , 88.178 , 88.350178
0.08841 , 0.099 , 88.41 , 88.59741
0.088684 , 0.1 , 88.684 , 88.872684
0.088948 , 0.084 , 88.948 , 89.120948
0.08921 , 0.084 , 89.21 , 89.38321
0.089476 , 0.082 , 89.476 , 89.647476
0.089716 , 0.101 , 89.716 , 89.906716
0.08998 , 0.086 , 89.98 , 90.15598
0.090246 , 0.098 , 90.246 , 90.434246
0.09055 , 0.116 , 90.55 , 90.75655
0.090844 , 0.084 , 90.844 , 91.018844
0.091088 , 0.131 , 91.088 , 91.310088
0.091412 , 0.132 , 91.412 , 91.635412
0.091752 , 0.184 , 91.752 , 92.027752
0.092182 , 0.085 , 92.182 , 92.359182
0.092446 , 0.117 , 92.446 , 92.655446
0.092754 , 0.063 , 92.754 , 92.909754
0.092954 , 0.084 , 92.954 , 93.130954
0.093216 , 0.084 , 93.216 , 93.393216
0.09448 , 0.1 , 93.48 , 93.67448
0.093754 , 0.146 , 93.754 , 93.993754
0.094122 , 0.162 , 94.122 , 94.378122
0.094522 , 0.163 , 94.522 , 94.779522
0.094922 , 0.163 , 94.922 , 95.179922
0.095324 , 0.162 , 95.324 , 95.581324
0.095724 , 0.162 , 95.724 , 95.981724
0.096124 , 0.162 , 96.124 , 96.382124
0.096524 , 0.184 , 96.524 , 96.804524
0.096986 , 0.169 , 96.986 , 97.251986
0.097386 , 0.169 , 97.386 , 97.652386
0.097786 , 0.216 , 97.786 , 98.099786
0.098292 , 0.163 , 98.292 , 98.553292
0.098692 , 0.162 , 98.692 , 98.952692
0.099092 , 0.178 , 99.092 , 99.369092
0.099492 , 0.178 , 99.492 , 99.769492
0.099924 , 0.162 , 99.924 , 100.185924
0.100324 , 0.185 , 100.324 , 100.609324
0.100756 , 0.169 , 100.756 , 101.025756
0.101158 , 0.115 , 101.158 , 101.374158
0.10145 , 0.101 , 101.45 , 101.65245
0.101726 , 0.1 , 101.726 , 101.927726
0.102022 , 0.136 , 102.022 , 102.260022
0.102358 , 0.147 , 102.358 , 102.607358
0.102728 , 0.131 , 102.728 , 102.961728
0.103054 , 0.121 , 103.054 , 103.278054
0.10336 , 0.147 , 103.36 , 103.61036
0.103728 , 0.116 , 103.728 , 103.947728
0.104022 , 0.053 , 104.022 , 104.179022
0.104222 , 0.053 , 104.222 , 104.379222
0.104422 , 0.069 , 104.422 , 104.595422
0.104654 , 0.084 , 104.654 , 104.842654
0.104896 , 0.098 , 104.896 , 105.098896
0.10516 , 0.1 , 105.16 , 105.36516
0.105498 , 0.131 , 105.498 , 105.734498
0.105854 , 0.122 , 105.854 , 106.081854
0.10616 , 0.132 , 106.16 , 106.39816
0.1065 , 0.131 , 106.5 , 106.7375
0.106824 , 0.138 , 106.824 , 107.068824
0.107162 , 0.147 , 107.162 , 107.416162
0.107498 , 0.132 , 107.498 , 107.737498
0.107856 , 0.122 , 107.856 , 108.085856
0.108194 , 0.131 , 108.194 , 108.433194
0.10853 , 0.116 , 108.53 , 108.75453
0.108826 , 0.153 , 108.826 , 109.087826
0.109194 , 0.132 , 109.194 , 109.435194
0.109532 , 0.116 , 109.532 , 109.757532
0.109858 , 0.121 , 109.858 , 110.088858
0.111164 , 0.165 , 110.164 , 110.440164
0.110564 , 0.147 , 110.564 , 110.821564
0.110934 , 0.147 , 110.934 , 111.191934
0.111304 , 0.131 , 111.304 , 111.546304
0.11166 , 0.137 , 111.66 , 111.90866
0.111996 , 0.154 , 111.996 , 112.261996
0.112366 , 0.147 , 112.366 , 112.625366
0.112736 , 0.147 , 112.736 , 112.995736
0.1131 , 0.134 , 113.1 , 113.3471
0.113432 , 0.153 , 113.432 , 113.698432
0.1138 , 0.169 , 113.8 , 114.0828
0.114202 , 0.153 , 114.202 , 114.469202
0.114572 , 0.146 , 114.572 , 114.832572
0.11494 , 0.131 , 114.94 , 115.18594
0.115302 , 0.165 , 115.302 , 115.582302
0.115706 , 0.149 , 115.706 , 115.970706
0.116066 , 0.153 , 116.066 , 116.335066
0.116434 , 0.116 , 116.434 , 116.666434
0.11674 , 0.116 , 116.74 , 116.97274
0.117036 , 0.115 , 117.036 , 117.268036
0.11734 , 0.116 , 117.34 , 117.57334
0.118636 , 0.133 , 117.636 , 117.887636
0.117972 , 0.116 , 117.972 , 118.205972
0.118266 , 0.122 , 118.266 , 118.506266
0.118572 , 0.132 , 118.572 , 118.822572
0.11891 , 0.116 , 118.91 , 119.14491
0.119236 , 0.115 , 119.236 , 119.470236
0.119542 , 0.116 , 119.542 , 119.777542
0.119868 , 0.121 , 119.868 , 120.108868
0.120174 , 0.116 , 120.174 , 120.410174
0.120504 , 0.119 , 120.504 , 120.743504
0.120806 , 0.131 , 120.806 , 121.057806
0.121144 , 0.116 , 121.144 , 121.381144
0.121438 , 0.116 , 121.438 , 121.675438
0.121744 , 0.116 , 121.744 , 121.981744
0.12207 , 0.099 , 122.07 , 122.29107
0.122344 , 0.1 , 122.344 , 122.566344
0.122606 , 0.132 , 122.606 , 122.860606
0.122944 , 0.08 , 122.944 , 123.146944
0.123176 , 0.069 , 123.176 , 123.368176
0.123376 , 0.132 , 123.376 , 123.631376
0.123714 , 0.116 , 123.714 , 123.953714
0.12404 , 0.116 , 124.04 , 124.28004
0.124346 , 0.116 , 124.346 , 124.586346
0.124672 , 0.137 , 124.672 , 124.933672
0.12504 , 0.137 , 125.04 , 125.30204
0.125408 , 0.153 , 125.408 , 125.686408
0.125778 , 0.147 , 125.778 , 126.050778
0.126146 , 0.147 , 126.146 , 126.419146
0.126514 , 0.148 , 126.514 , 126.788514
0.126872 , 0.153 , 126.872 , 127.151872
0.127272 , 0.153 , 127.272 , 127.552272
0.12764 , 0.153 , 127.64 , 127.92064
0.12801 , 0.131 , 128.01 , 128.26901
0.128346 , 0.115 , 128.346 , 128.589346
0.12867 , 0.12 , 128.67 , 128.91867
0.128976 , 0.132 , 128.976 , 129.236976
0.129316 , 0.147 , 129.316 , 129.592316
0.129672 , 0.153 , 129.672 , 129.954672
0.130042 , 0.153 , 130.042 , 130.325042
0.13041 , 0.169 , 130.41 , 130.70941
0.130842 , 0.153 , 130.842 , 131.125842
0.13121 , 0.154 , 131.21 , 131.49521
0.13158 , 0.147 , 131.58 , 131.85858
0.13195 , 0.1 , 131.95 , 132.18195
0.132242 , 0.139 , 132.242 , 132.513242
0.147582 , 0.148 , 132.582 , 132.877582
0.132952 , 0.147 , 132.952 , 133.231952
0.13332 , 0.147 , 133.32 , 133.60032
0.13371 , 0.121 , 133.71 , 133.96471
0.134016 , 0.131 , 134.016 , 134.281016
0.134352 , 0.116 , 134.352 , 134.602352
0.134648 , 0.137 , 134.648 , 134.919648
0.134984 , 0.147 , 134.984 , 135.265984
0.135352 , 0.185 , 135.352 , 135.672352
0.135784 , 0.169 , 135.784 , 136.088784
0.136186 , 0.147 , 136.186 , 136.469186
0.136556 , 0.162 , 136.556 , 136.854556
0.136956 , 0.147 , 136.956 , 137.239956
0.137324 , 0.199 , 137.324 , 137.660324
0.137786 , 0.148 , 137.786 , 138.071786
0.138156 , 0.162 , 138.156 , 138.456156
0.138556 , 0.147 , 138.556 , 138.841556
0.138924 , 0.147 , 138.924 , 139.209924
0.139318 , 0.151 , 139.318 , 139.608318
0.139682 , 0.154 , 139.682 , 139.975682
0.140084 , 0.153 , 140.084 , 140.377084
0.140484 , 0.138 , 140.484 , 140.762484
0.140854 , 0.138 , 140.854 , 141.132854
0.141224 , 0.116 , 141.224 , 141.481224
0.141562 , 0.163 , 141.562 , 141.866562
0.141962 , 0.163 , 141.962 , 142.266962
0.142364 , 0.147 , 142.364 , 142.653364
0.142734 , 0.163 , 142.734 , 143.039734
0.143134 , 0.163 , 143.134 , 143.440134
0.143534 , 0.163 , 143.534 , 143.840534
0.143934 , 0.163 , 143.934 , 144.240934
0.144334 , 0.148 , 144.334 , 144.626334
0.144722 , 0.153 , 144.722 , 145.019722
0.145107 , 0.154 , 145.107 , 145.406107
0.145492 , 0.2 , 145.492 , 145.837492
0.145966 , 0.132 , 145.966 , 146.243966
0.146292 , 0.138 , 146.292 , 146.576292
0.14663 , 0.132 , 146.63 , 146.90863
0.146968 , 0.148 , 146.968 , 147.262968
0.147338 , 0.178 , 147.338 , 147.663338
0.14777 , 0.133 , 147.77 , 148.05077
0.148098 , 0.152 , 148.098 , 148.398098
0.148464 , 0.154 , 148.464 , 148.766464
0.149834 , 0.149 , 148.834 , 149.132834
0.149204 , 0.131 , 149.204 , 149.484204
0.14954 , 0.147 , 149.54 , 149.83654
0.149934 , 0.135 , 149.934 , 150.218934
0.150298 , 0.138 , 150.298 , 150.586298
0.150636 , 0.154 , 150.636 , 150.940636
0.151006 , 0.169 , 151.006 , 151.326006
0.151408 , 0.147 , 151.408 , 151.706408
0.151744 , 0.148 , 151.744 , 152.043744
0.152135 , 0.121 , 152.135 , 152.408135
0.15244 , 0.116 , 152.44 , 152.70844
0.152748 , 0.131 , 152.748 , 153.031748
0.153072 , 0.1 , 153.072 , 153.325072
0.153346 , 0.1 , 153.346 , 153.599346
0.15364 , 0.1 , 153.64 , 153.89364
0.153904 , 0.184 , 153.904 , 154.241904
0.154348 , 0.096 , 154.348 , 154.598348
0.15458 , 0.115 , 154.58 , 154.84958
0.154874 , 0.116 , 154.874 , 155.144874
0.15518 , 0.1 , 155.18 , 155.43518
0.155474 , 0.116 , 155.474 , 155.745474
0.15578 , 0.116 , 155.78 , 156.05178
0.156076 , 0.138 , 156.076 , 156.370076
0.156414 , 0.115 , 156.414 , 156.685414
0.156723 , 0.122 , 156.723 , 157.001723
0.157046 , 0.116 , 157.046 , 157.319046
0.157384 , 0.116 , 157.384 , 157.657384
0.15771 , 0.1 , 157.71 , 157.96771
0.157954 , 0.079 , 157.954 , 158.190954
0.158184 , 0.101 , 158.184 , 158.443184
0.158448 , 0.085 , 158.448 , 158.691448
0.15968 , 0.136 , 158.68 , 158.97568
0.159016 , 0.132 , 159.016 , 159.307016
0.159354 , 0.116 , 159.354 , 159.629354
0.15968 , 0.116 , 159.68 , 159.95568
0.159988 , 0.131 , 159.988 , 160.278988
0.160312 , 0.17 , 160.312 , 160.642312
0.160714 , 0.168 , 160.714 , 161.042714
0.161114 , 0.169 , 161.114 , 161.444114
0.161514 , 0.153 , 161.514 , 161.828514
0.161914 , 0.169 , 161.914 , 162.244914
0.163358 , 0.195 , 162.358 , 162.716358
0.16282 , 0.131 , 162.82 , 163.11382
0.163158 , 0.147 , 163.158 , 163.468158
0.163516 , 0.152 , 163.516 , 163.831516
0.163884 , 0.136 , 163.884 , 164.183884
0.164252 , 0.148 , 164.252 , 164.564252
0.16462 , 0.147 , 164.62 , 164.93162
0.16499 , 0.184 , 164.99 , 165.33899
0.165422 , 0.147 , 165.422 , 165.734422
0.16579 , 0.147 , 165.79 , 166.10279
0.166158 , 0.147 , 166.158 , 166.471158
0.166516 , 0.137 , 166.516 , 166.819516
0.166856 , 0.148 , 166.856 , 167.170856
0.167222 , 0.131 , 167.222 , 167.520222
0.167558 , 0.148 , 167.558 , 167.873558
0.167916 , 0.138 , 167.916 , 168.221916
0.168254 , 0.148 , 168.254 , 168.570254
0.168592 , 0.147 , 168.592 , 168.907592
0.16896 , 0.163 , 168.96 , 169.29196
0.169357 , 0.133 , 169.357 , 169.659357
0.169686 , 0.153 , 169.686 , 170.008686
0.170054 , 0.154 , 170.054 , 170.378054
0.170424 , 0.101 , 170.424 , 170.695424
0.170688 , 0.153 , 170.688 , 171.011688
0.171058 , 0.131 , 171.058 , 171.360058
0.171396 , 0.131 , 171.396 , 171.698396
0.171722 , 0.153 , 171.722 , 172.046722
0.17209 , 0.138 , 172.09 , 172.40009
0.172428 , 0.131 , 172.428 , 172.731428
0.172764 , 0.148 , 172.764 , 173.084764
0.173158 , 0.136 , 173.158 , 173.467158
0.173522 , 0.154 , 173.522 , 173.849522
0.173892 , 0.138 , 173.892 , 174.203892
0.190262 , 0.131 , 174.262 , 174.583262
0.174598 , 0.147 , 174.598 , 174.919598
0.174968 , 0.115 , 174.968 , 175.257968
0.175292 , 0.115 , 175.292 , 175.582292
0.175596 , 0.116 , 175.596 , 175.887596
0.17589 , 0.1 , 175.89 , 176.16589
0.176166 , 0.1 , 176.166 , 176.442166
0.17643 , 0.099 , 176.43 , 176.70543
0.176692 , 0.084 , 176.692 , 176.952692
0.176924 , 0.099 , 176.924 , 177.199924
0.177198 , 0.131 , 177.198 , 177.506198
0.177539 , 0.137 , 177.539 , 177.853539
0.177892 , 0.153 , 177.892 , 178.222892
0.17826 , 0.154 , 178.26 , 178.59226
0.178638 , 0.143 , 178.638 , 178.959638
0.178998 , 0.147 , 178.998 , 179.323998
0.179368 , 0.147 , 179.368 , 179.694368
0.179724 , 0.154 , 179.724 , 180.057724
0.180094 , 0.152 , 180.094 , 180.426094
0.180462 , 0.153 , 180.462 , 180.795462
0.181832 , 0.164 , 180.832 , 181.177832
0.181232 , 0.116 , 181.232 , 181.529232
0.181565 , 0.149 , 181.565 , 181.895565
0.18196 , 0.136 , 181.96 , 182.27796
0.182294 , 0.153 , 182.294 , 182.629294
0.182662 , 0.154 , 182.662 , 182.998662
0.183042 , 0.162 , 183.042 , 183.387042
0.183432 , 0.148 , 183.432 , 183.763432
0.183802 , 0.163 , 183.802 , 184.148802
0.184204 , 0.132 , 184.204 , 184.520204
0.18453 , 0.153 , 184.53 , 184.86753
0.1849 , 0.137 , 184.9 , 185.2219
0.185238 , 0.147 , 185.238 , 185.570238
0.185574 , 0.148 , 185.574 , 185.907574
0.185932 , 0.138 , 185.932 , 186.255932
0.18627 , 0.153 , 186.27 , 186.60927
0.18667 , 0.085 , 186.67 , 186.94167
0.186918 , 0.138 , 186.918 , 187.242918
0.187272 , 0.153 , 187.272 , 187.612272
0.187642 , 0.131 , 187.642 , 187.960642
0.187978 , 0.147 , 187.978 , 188.312978
0.188336 , 0.153 , 188.336 , 188.677336
0.188704 , 0.116 , 188.704 , 189.008704
0.18898 , 0.1 , 188.98 , 189.26898
0.189242 , 0.131 , 189.242 , 189.562242
0.18958 , 0.116 , 189.58 , 189.88558
0.189874 , 0.154 , 189.874 , 190.217874
0.190276 , 0.154 , 190.276 , 190.620276
0.191646 , 0.163 , 190.646 , 191.000646
0.191016 , 0.162 , 191.016 , 191.369016
0.207416 , 0.184 , 191.416 , 191.807416
0.191878 , 0.154 , 191.878 , 192.223878
0.192264 , 0.116 , 192.264 , 192.572264
0.192586 , 0.132 , 192.586 , 192.910586
0.192912 , 0.153 , 192.912 , 193.257912
0.193312 , 0.153 , 193.312 , 193.658312
0.19368 , 0.116 , 193.68 , 193.98968
0.193986 , 0.116 , 193.986 , 194.295986
0.194312 , 0.133 , 194.312 , 194.639312
0.19465 , 0.116 , 194.65 , 194.96065
0.194944 , 0.122 , 194.944 , 195.260944
0.19525 , 0.132 , 195.25 , 195.57725
0.195588 , 0.163 , 195.588 , 195.946588
0.19602 , 0.2 , 196.02 , 196.41602
0.196484 , 0.152 , 196.484 , 196.832484
0.19686 , 0.181 , 196.86 , 197.23786
0.197316 , 0.137 , 197.316 , 197.650316
0.197652 , 0.147 , 197.652 , 197.996652
0.198024 , 0.131 , 198.024 , 198.353024
0.198378 , 0.138 , 198.378 , 198.714378
0.198716 , 0.138 , 198.716 , 199.052716
0.199086 , 0.132 , 199.086 , 199.417086
0.199424 , 0.185 , 199.424 , 199.808424
0.199888 , 0.131 , 199.888 , 200.218888
0.200256 , 0.132 , 200.256 , 200.588256
0.200594 , 0.163 , 200.594 , 200.957594
0.200994 , 0.147 , 200.994 , 201.341994
0.20135 , 0.153 , 201.35 , 201.70435
0.20172 , 0.153 , 201.72 , 202.07472
0.202088 , 0.154 , 202.088 , 202.444088
0.202458 , 0.147 , 202.458 , 202.807458
0.202828 , 0.146 , 202.828 , 203.176828
0.203196 , 0.147 , 203.196 , 203.546196
0.203554 , 0.137 , 203.554 , 203.894554
0.203922 , 0.135 , 203.922 , 204.260922
0.20426 , 0.115 , 204.26 , 204.57926
0.204586 , 0.138 , 204.586 , 204.928586
0.204924 , 0.137 , 204.924 , 205.265924
0.220292 , 0.116 , 205.292 , 205.628292
0.205598 , 0.147 , 205.598 , 205.950598
0.205954 , 0.122 , 205.954 , 206.281954
0.206292 , 0.131 , 206.292 , 206.629292
0.20666 , 0.147 , 206.66 , 207.01366
0.20703 , 0.216 , 207.03 , 207.45303
0.207524 , 0.153 , 207.524 , 207.884524
0.207892 , 0.154 , 207.892 , 208.253892
0.208324 , 0.169 , 208.324 , 208.701324
0.208724 , 0.154 , 208.724 , 209.086724
0.209094 , 0.154 , 209.094 , 209.457094
0.209464 , 0.147 , 209.464 , 209.820464
0.209834 , 0.116 , 209.834 , 210.159834
0.21012 , 0.088 , 210.12 , 210.41812
0.210358 , 0.138 , 210.358 , 210.706358
0.210696 , 0.116 , 210.696 , 211.022696
0.211 , 0.132 , 211 , 211.343
0.211326 , 0.116 , 211.326 , 211.653326
0.211634 , 0.147 , 211.634 , 211.992634
0.212 , 0.133 , 212 , 212.345
0.212328 , 0.084 , 212.328 , 212.624328
0.212558 , 0.1 , 212.558 , 212.870558
0.212834 , 0.084 , 212.834 , 213.130834
0.213064 , 0.053 , 213.064 , 213.330064
0.213296 , 0.084 , 213.296 , 213.593296
0.213558 , 0.121 , 213.558 , 213.892558
0.213864 , 0.131 , 213.864 , 214.208864
0.214202 , 0.116 , 214.202 , 214.532202
0.214496 , 0.131 , 214.496 , 214.841496
0.214802 , 0.1 , 214.802 , 215.116802
0.215066 , 0.068 , 215.066 , 215.349066
0.215296 , 0.132 , 215.296 , 215.643296
0.215634 , 0.116 , 215.634 , 215.965634
0.21593 , 0.137 , 215.93 , 216.28293
0.216298 , 0.15 , 216.298 , 216.664298
0.216668 , 0.147 , 216.668 , 217.031668
0.217036 , 0.116 , 217.036 , 217.369036
0.218332 , 0.135 , 217.332 , 217.685332
0.217668 , 0.117 , 217.668 , 218.002668
0.217964 , 0.122 , 217.964 , 218.303964
0.21827 , 0.131 , 218.27 , 218.61927
0.218608 , 0.131 , 218.608 , 218.957608
0.218964 , 0.169 , 218.964 , 219.351964
0.219398 , 0.121 , 219.398 , 219.738398
0.219702 , 0.132 , 219.702 , 220.053702
0.22001 , 0.116 , 220.01 , 220.34601
0.220304 , 0.1 , 220.304 , 220.624304
0.220566 , 0.138 , 220.566 , 220.924566
0.220904 , 0.116 , 220.904 , 221.240904
0.221206 , 0.102 , 221.206 , 221.529206
0.221474 , 0.131 , 221.474 , 221.826474
0.221806 , 0.103 , 221.806 , 222.130806
0.222074 , 0.069 , 222.074 , 222.365074
0.222276 , 0.069 , 222.276 , 222.567276
0.222506 , 0.085 , 222.506 , 222.813506
0.222738 , 0.084 , 222.738 , 223.044738
0.222968 , 0.085 , 222.968 , 223.275968
0.223212 , 0.078 , 223.212 , 223.513212
0.223444 , 0.085 , 223.444 , 223.752444
0.223676 , 0.084 , 223.676 , 223.983676
0.223908 , 0.068 , 223.908 , 224.199908
0.224108 , 0.084 , 224.108 , 224.416108
0.224338 , 0.07 , 224.338 , 224.632338
0.22454 , 0.069 , 224.54 , 224.83354
0.22474 , 0.115 , 224.74 , 225.07974
0.225014 , 0.132 , 225.014 , 225.371014
0.22534 , 0.1 , 225.34 , 225.66534
0.225614 , 0.101 , 225.614 , 225.940614
0.225878 , 0.116 , 225.878 , 226.219878
0.226188 , 0.106 , 226.188 , 226.520188
0.22648 , 0.131 , 226.48 , 226.83748
0.226816 , 0.116 , 226.816 , 227.158816
0.227112 , 0.1 , 227.112 , 227.439112
0.227374 , 0.122 , 227.374 , 227.723374
0.227682 , 0.116 , 227.682 , 228.025682
0.227976 , 0.118 , 227.976 , 228.321976
0.228252 , 0.115 , 228.252 , 228.595252
0.228576 , 0.122 , 228.576 , 228.926576
0.228898 , 0.131 , 228.898 , 229.257898
0.22922 , 0.131 , 229.22 , 229.58022
0.229546 , 0.068 , 229.546 , 229.843546
0.229744 , 0.117 , 229.744 , 230.090744
0.230052 , 0.116 , 230.052 , 230.398052
0.230346 , 0.138 , 230.346 , 230.714346
0.230684 , 0.1 , 230.684 , 231.014684
0.230948 , 0.115 , 230.948 , 231.293948
0.231254 , 0.115 , 231.254 , 231.600254
0.231548 , 0.136 , 231.548 , 231.915548
0.247884 , 0.116 , 231.884 , 232.247884
0.232222 , 0.163 , 232.222 , 232.617222
0.232622 , 0.079 , 232.622 , 232.933622
0.232856 , 0.1 , 232.856 , 233.188856
0.233118 , 0.132 , 233.118 , 233.483118
0.233456 , 0.132 , 233.456 , 233.821456
0.233782 , 0.138 , 233.782 , 234.153782
0.23412 , 0.148 , 234.12 , 234.50212
0.234458 , 0.147 , 234.458 , 234.839458
0.234826 , 0.078 , 234.826 , 235.138826
0.235058 , 0.131 , 235.058 , 235.424058
0.235382 , 0.138 , 235.382 , 235.755382
0.23572 , 0.116 , 235.72 , 236.07172
0.236026 , 0.132 , 236.026 , 236.394026
0.252352 , 0.116 , 236.352 , 236.720352
0.236658 , 0.147 , 236.658 , 237.041658
0.237022 , 0.119 , 237.022 , 237.378022
0.237354 , 0.134 , 237.354 , 237.725354
0.23766 , 0.147 , 237.66 , 238.04466
0.238028 , 0.132 , 238.028 , 238.398028
0.238354 , 0.138 , 238.354 , 238.730354
0.238692 , 0.132 , 238.692 , 239.062692
0.23903 , 0.164 , 239.03 , 239.43303
0.23943 , 0.132 , 239.43 , 239.80143
0.239788 , 0.122 , 239.788 , 240.149788
0.240126 , 0.131 , 240.126 , 240.497126
0.240462 , 0.132 , 240.462 , 240.834462
0.24079 , 0.137 , 240.79 , 241.16779
0.241128 , 0.131 , 241.128 , 241.500128
0.241466 , 0.131 , 241.466 , 241.838466
0.24179 , 0.138 , 241.79 , 242.16979
0.242128 , 0.132 , 242.128 , 242.502128
0.242468 , 0.131 , 242.468 , 242.841468
0.242828 , 0.121 , 242.828 , 243.191828
0.243132 , 0.131 , 243.132 , 243.506132
0.24347 , 0.163 , 243.47 , 243.87647
0.24387 , 0.132 , 243.87 , 244.24587
0.244196 , 0.222 , 244.196 , 244.662196
0.244704 , 0.084 , 244.704 , 245.032704
0.244936 , 0.1 , 244.936 , 245.280936
0.245198 , 0.122 , 245.198 , 245.565198
0.245504 , 0.131 , 245.504 , 245.880504
0.245842 , 0.148 , 245.842 , 246.235842
0.2462 , 0.153 , 246.2 , 246.5992
0.246568 , 0.138 , 246.568 , 246.952568
0.246938 , 0.131 , 246.938 , 247.315938
0.247274 , 0.148 , 247.274 , 247.669274
0.247644 , 0.147 , 247.644 , 248.038644
0.248002 , 0.137 , 248.002 , 248.387002
0.248338 , 0.153 , 248.338 , 248.739338
0.248708 , 0.168 , 248.708 , 249.124708
0.249108 , 0.164 , 249.108 , 249.521108
0.24951 , 0.131 , 249.51 , 249.89051
0.249846 , 0.147 , 249.846 , 250.242846
0.250204 , 0.137 , 250.204 , 250.591204
0.251542 , 0.151 , 250.542 , 250.944542
0.25091 , 0.132 , 250.91 , 251.29291
0.251246 , 0.148 , 251.246 , 251.645246
0.251604 , 0.138 , 251.604 , 251.993604
0.251974 , 0.137 , 251.974 , 252.362974
0.252312 , 0.147 , 252.312 , 252.711312
0.252682 , 0.115 , 252.682 , 253.049682
0.252976 , 0.131 , 252.976 , 253.359976
0.253282 , 0.131 , 253.282 , 253.666282
0.25364 , 0.121 , 253.64 , 254.01464
0.253946 , 0.169 , 253.946 , 254.368946
0.270378 , 0.169 , 254.378 , 254.817378
0.25481 , 0.153 , 254.81 , 255.21781
0.25521 , 0.153 , 255.21 , 255.61821
0.255578 , 0.153 , 255.578 , 255.986578
0.255978 , 0.138 , 255.978 , 256.371978
0.257346 , 0.151 , 256.346 , 256.754346
0.256716 , 0.147 , 256.716 , 257.119716
0.257084 , 0.147 , 257.084 , 257.488084
0.257452 , 0.148 , 257.452 , 257.857452
0.25781 , 0.154 , 257.81 , 258.22181
0.25818 , 0.153 , 258.18 , 258.59118
0.258548 , 0.153 , 258.548 , 258.959548
0.258918 , 0.147 , 258.918 , 259.323918
0.259286 , 0.147 , 259.286 , 259.692286
0.259656 , 0.146 , 259.656 , 260.061656
0.260012 , 0.152 , 260.012 , 260.424012
0.260412 , 0.137 , 260.412 , 260.809412
0.260748 , 0.132 , 260.748 , 261.140748
0.261086 , 0.163 , 261.086 , 261.510086
0.261486 , 0.131 , 261.486 , 261.878486
0.26185 , 0.118 , 261.85 , 262.22985
0.26218 , 0.137 , 262.18 , 262.57918
0.262518 , 0.131 , 262.518 , 262.911518
0.262854 , 0.147 , 262.854 , 263.263854
0.263212 , 0.121 , 263.212 , 263.596212
0.263548 , 0.132 , 263.548 , 263.943548
0.263886 , 0.132 , 263.886 , 264.281886
0.264212 , 0.138 , 264.212 , 264.614212
0.26455 , 0.153 , 264.55 , 264.96755
0.26492 , 0.147 , 264.92 , 265.33192
0.26529 , 0.163 , 265.29 , 265.71829
0.26569 , 0.131 , 265.69 , 266.08669
0.266046 , 0.107 , 266.046 , 266.419046
0.266354 , 0.132 , 266.354 , 266.752354
0.266692 , 0.147 , 266.692 , 267.105692
0.267057 , 0.134 , 267.057 , 267.458057
0.267418 , 0.1 , 267.418 , 267.785418
0.267694 , 0.085 , 267.694 , 268.046694
0.267956 , 0.116 , 267.956 , 268.339956
0.268262 , 0.116 , 268.262 , 268.646262
0.268558 , 0.069 , 268.558 , 268.895558
0.268788 , 0.1 , 268.788 , 269.156788
0.269064 , 0.078 , 269.064 , 269.411064
0.269294 , 0.132 , 269.294 , 269.695294
0.269622 , 0.12 , 269.622 , 270.011622
0.269956 , 0.132 , 269.956 , 270.357956
0.270296 , 0.131 , 270.296 , 270.697296
0.270622 , 0.122 , 270.622 , 271.014622
0.270958 , 0.116 , 270.958 , 271.344958
0.271262 , 0.079 , 271.262 , 271.612262
0.271496 , 0.085 , 271.496 , 271.852496
0.27176 , 0.069 , 271.76 , 272.10076
0.27196 , 0.084 , 271.96 , 272.31596
0.272192 , 0.099 , 272.192 , 272.563192
0.272466 , 0.116 , 272.466 , 272.854466
0.287762 , 0.116 , 272.762 , 273.165762
0.273068 , 0.131 , 273.068 , 273.472068
0.273392 , 0.116 , 273.392 , 273.781392
0.2737 , 0.116 , 273.7 , 274.0897
0.274026 , 0.122 , 274.026 , 274.422026
0.274332 , 0.147 , 274.332 , 274.753332
0.27467 , 0.116 , 274.67 , 275.06067
0.27498 , 0.116 , 274.98 , 275.37098
0.275302 , 0.132 , 275.302 , 275.709302
0.275628 , 0.121 , 275.628 , 276.024628
0.275934 , 0.147 , 275.934 , 276.356934
0.276272 , 0.131 , 276.272 , 276.679272
0.276596 , 0.137 , 276.596 , 277.009596
0.276934 , 0.131 , 276.934 , 277.341934
0.277264 , 0.12 , 277.264 , 277.661264
0.277566 , 0.116 , 277.566 , 277.959566
0.277872 , 0.164 , 277.872 , 278.313872
0.278268 , 0.149 , 278.268 , 278.695268
0.27863 , 0.138 , 278.63 , 279.04663
0.278968 , 0.116 , 278.968 , 279.362968
0.279274 , 0.116 , 279.274 , 279.669274
0.279585 , 0.138 , 279.585 , 280.002585
0.279938 , 0.116 , 279.938 , 280.333938
0.280232 , 0.154 , 280.232 , 280.666232
0.281602 , 0.131 , 280.602 , 281.014602
0.28091 , 0.115 , 280.91 , 281.30591
0.281234 , 0.121 , 281.234 , 281.636234
0.28154 , 0.116 , 281.54 , 281.93754
0.281834 , 0.122 , 281.834 , 282.237834
0.28214 , 0.1 , 282.14 , 282.52214
0.282402 , 0.085 , 282.402 , 282.769402
0.282668 , 0.068 , 282.668 , 283.018668
0.282878 , 0.116 , 282.878 , 283.276878
0.283172 , 0.132 , 283.172 , 283.587172
0.283478 , 0.133 , 283.478 , 283.894478
0.283806 , 0.099 , 283.806 , 284.188806
0.28408 , 0.132 , 284.08 , 284.49608
0.284406 , 0.1 , 284.406 , 284.790406
0.284682 , 0.131 , 284.682 , 285.097682
0.285006 , 0.138 , 285.006 , 285.429006
0.285374 , 0.154 , 285.374 , 285.813374
0.285752 , 0.159 , 285.752 , 286.196752
0.286112 , 0.147 , 286.112 , 286.545112
0.28648 , 0.132 , 286.48 , 286.89848
0.286806 , 0.137 , 286.806 , 287.229806
0.287144 , 0.132 , 287.144 , 287.563144
0.287482 , 0.147 , 287.482 , 287.916482
0.28787 , 0.153 , 287.87 , 288.31087
0.288276 , 0.15 , 288.276 , 288.714276
0.28864 , 0.137 , 288.64 , 289.06564
0.289008 , 0.154 , 289.008 , 289.451008
0.289378 , 0.148 , 289.378 , 289.815378
0.289716 , 0.163 , 289.716 , 290.168716
0.290116 , 0.131 , 290.116 , 290.537116
0.29044 , 0.138 , 290.44 , 290.86844
0.29078 , 0.131 , 290.78 , 291.20178
0.291086 , 0.116 , 291.086 , 291.493086
0.291442 , 0.122 , 291.442 , 291.855442
0.291748 , 0.131 , 291.748 , 292.170748
0.292078 , 0.12 , 292.078 , 292.490078
0.29238 , 0.132 , 292.38 , 292.80438
0.292718 , 0.147 , 292.718 , 293.157718
0.293084 , 0.133 , 293.084 , 293.510084
0.293444 , 0.137 , 293.444 , 293.874444
0.293812 , 0.138 , 293.812 , 294.243812
0.29415 , 0.147 , 294.15 , 294.59115
0.294518 , 0.132 , 294.518 , 294.944518
0.294844 , 0.153 , 294.844 , 295.291844
0.295212 , 0.138 , 295.212 , 295.645212
0.295582 , 0.131 , 295.582 , 296.008582
0.295918 , 0.148 , 295.918 , 296.361918
0.296284 , 0.134 , 296.284 , 296.714284
0.296646 , 0.137 , 296.646 , 297.079646
0.296982 , 0.154 , 296.982 , 297.432982
0.297352 , 0.147 , 297.352 , 297.796352
0.297722 , 0.148 , 297.722 , 298.167722
0.298124 , 0.184 , 298.124 , 298.606124
0.298554 , 0.132 , 298.554 , 298.984554
0.298892 , 0.131 , 298.892 , 299.321892
0.314248 , 0.123 , 299.248 , 299.685248
0.299586 , 0.185 , 299.586 , 300.070586
0.300018 , 0.138 , 300.018 , 300.456018
0.315356 , 0.132 , 300.356 , 300.803356
0.300694 , 0.147 , 300.694 , 301.141694
0.31705 , 0.122 , 301.05 , 301.48905
0.301388 , 0.132 , 301.388 , 301.821388
0.301726 , 0.132 , 301.726 , 302.159726
0.302052 , 0.137 , 302.052 , 302.491052
0.302388 , 0.132 , 302.388 , 302.822388
0.302726 , 0.147 , 302.726 , 303.175726
0.303094 , 0.148 , 303.094 , 303.545094
0.303452 , 0.153 , 303.452 , 303.908452
0.30382 , 0.138 , 303.82 , 304.26182
0.304158 , 0.147 , 304.158 , 304.609158
0.304512 , 0.131 , 304.512 , 304.947512
0.304896 , 0.201 , 304.896 , 305.401896
0.305392 , 0.085 , 305.392 , 305.782392
0.305656 , 0.138 , 305.656 , 306.099656
0.305994 , 0.131 , 305.994 , 306.430994
0.306426 , 0.137 , 306.426 , 306.869426
0.306794 , 0.1 , 306.794 , 307.200794
0.307058 , 0.099 , 307.058 , 307.464058
0.307332 , 0.062 , 307.332 , 307.701332
0.307532 , 0.084 , 307.532 , 307.923532
0.307794 , 0.1 , 307.794 , 308.201794
0.308058 , 0.137 , 308.058 , 308.503058
0.309394 , 0.147 , 308.394 , 308.850394
0.308734 , 0.115 , 308.734 , 309.157734
0.309026 , 0.138 , 309.026 , 309.473026
0.309364 , 0.132 , 309.364 , 309.805364
0.309698 , 0.102 , 309.698 , 310.109698
0.309964 , 0.118 , 309.964 , 310.391964
0.3103 , 0.117 , 310.3 , 310.7273
0.310596 , 0.132 , 310.596 , 311.038596
0.310934 , 0.132 , 310.934 , 311.376934
0.31126 , 0.137 , 311.26 , 311.70826
0.311628 , 0.069 , 311.628 , 312.008628
0.31186 , 0.122 , 311.86 , 312.29386
0.312166 , 0.085 , 312.166 , 312.563166
0.31243 , 0.1 , 312.43 , 312.84243
0.312704 , 0.1 , 312.704 , 313.116704
0.312968 , 0.1 , 312.968 , 313.380968
0.313262 , 0.1 , 313.262 , 313.675262
0.313536 , 0.116 , 313.536 , 313.965536
0.313832 , 0.116 , 313.832 , 314.261832
0.314138 , 0.1 , 314.138 , 314.552138
0.314402 , 0.115 , 314.402 , 314.831402
0.314708 , 0.1 , 314.708 , 315.122708
0.314972 , 0.099 , 314.972 , 315.385972
0.315232 , 0.139 , 315.232 , 315.686232
0.316572 , 0.165 , 315.572 , 316.053572
0.31597 , 0.085 , 315.97 , 316.37097
0.316234 , 0.085 , 316.234 , 316.635234
0.316466 , 0.122 , 316.466 , 316.904466
0.316772 , 0.116 , 316.772 , 317.204772
0.317098 , 0.105 , 317.098 , 317.520098
0.333372 , 0.085 , 317.372 , 317.790372
0.317636 , 0.069 , 317.636 , 318.022636
0.317836 , 0.084 , 317.836 , 318.237836
0.31807 , 0.121 , 318.07 , 318.50907
0.318374 , 0.116 , 318.374 , 318.808374
0.318668 , 0.116 , 318.668 , 319.102668
0.318944 , 0.1 , 318.944 , 319.362944
0.319238 , 0.1 , 319.238 , 319.657238
0.319514 , 0.099 , 319.514 , 319.932514
0.319776 , 0.1 , 319.776 , 320.195776
0.320038 , 0.1 , 320.038 , 320.458038
0.320312 , 0.063 , 320.312 , 320.695312
0.320512 , 0.048 , 320.512 , 320.880512
0.320704 , 0.052 , 320.704 , 321.076704
0.32087 , 0.084 , 320.87 , 321.27487
0.321114 , 0.078 , 321.114 , 321.513114
0.321346 , 0.116 , 321.346 , 321.783346
0.32164 , 0.115 , 321.64 , 322.07664
0.321946 , 0.101 , 321.946 , 322.368946
0.322242 , 0.1 , 322.242 , 322.664242
0.322516 , 0.116 , 322.516 , 322.954516
0.32281 , 0.117 , 322.81 , 323.24981
0.323116 , 0.101 , 323.116 , 323.540116
0.323382 , 0.116 , 323.382 , 323.821382
0.323676 , 0.153 , 323.676 , 324.152676
0.324044 , 0.116 , 324.044 , 324.484044
0.32435 , 0.132 , 324.35 , 324.80635
0.325676 , 0.121 , 324.676 , 325.122676
0.324982 , 0.1 , 324.982 , 325.406982
0.325276 , 0.116 , 325.276 , 325.717276
0.325552 , 0.131 , 325.552 , 326.008552
0.325876 , 0.122 , 325.876 , 326.323876
0.326182 , 0.05 , 326.182 , 326.558182
0.326352 , 0.062 , 326.352 , 326.740352
0.326552 , 0.084 , 326.552 , 326.962552
0.326782 , 0.069 , 326.782 , 327.177782
0.326982 , 0.116 , 326.982 , 327.424982
0.327276 , 0.1 , 327.276 , 327.703276
0.327552 , 0.115 , 327.552 , 327.994552
0.327846 , 0.137 , 327.846 , 328.310846
0.328182 , 0.1 , 328.182 , 328.610182
0.328446 , 0.084 , 328.446 , 328.858446
0.328676 , 0.069 , 328.676 , 329.073676
0.328876 , 0.085 , 328.876 , 329.289876
0.329116 , 0.08 , 329.116 , 329.525116
0.32932 , 0.079 , 329.32 , 329.72832
0.329552 , 0.101 , 329.552 , 329.982552
0.329816 , 0.069 , 329.816 , 330.214816
0.330016 , 0.1 , 330.016 , 330.446016
0.330278 , 0.121 , 330.278 , 330.729278
0.330584 , 0.101 , 330.584 , 331.015584
0.330848 , 0.1 , 330.848 , 331.278848
0.331122 , 0.1 , 331.122 , 331.553122
0.331386 , 0.1 , 331.386 , 331.817386
0.331648 , 0.1 , 331.648 , 332.079648
0.331922 , 0.116 , 331.922 , 332.369922
0.332218 , 0.116 , 332.218 , 332.666218
0.332522 , 0.117 , 332.522 , 332.971522
0.332818 , 0.1 , 332.818 , 333.250818
0.333118 , 0.102 , 333.118 , 333.553118
0.333418 , 0.116 , 333.418 , 333.867418
0.349718 , 0.102 , 333.718 , 334.169718
0.334018 , 0.116 , 334.018 , 334.468018
0.334324 , 0.116 , 334.324 , 334.774324
0.334618 , 0.115 , 334.618 , 335.067618
0.334924 , 0.116 , 334.924 , 335.374924
0.335248 , 0.116 , 335.248 , 335.699248
0.335556 , 0.116 , 335.556 , 336.007556
0.33585 , 0.136 , 335.85 , 336.32185
0.336186 , 0.116 , 336.186 , 336.638186
0.33648 , 0.122 , 336.48 , 336.93848
0.336788 , 0.131 , 336.788 , 337.255788
0.337124 , 0.132 , 337.124 , 337.593124
0.337452 , 0.115 , 337.452 , 337.904452
0.337758 , 0.132 , 337.758 , 338.227758
0.338086 , 0.119 , 338.086 , 338.543086
0.338388 , 0.1 , 338.388 , 338.826388
0.338682 , 0.069 , 338.682 , 339.089682
0.338882 , 0.069 , 338.882 , 339.289882
0.339082 , 0.069 , 339.082 , 339.490082
0.339282 , 0.1 , 339.282 , 339.721282
0.339556 , 0.047 , 339.556 , 339.942556
0.339724 , 0.116 , 339.724 , 340.179724
0.34005 , 0.102 , 340.05 , 340.49205
0.340326 , 0.078 , 340.326 , 340.744326
0.340524 , 0.079 , 340.524 , 340.943524
0.340756 , 0.1 , 340.756 , 341.196756
0.34102 , 0.084 , 341.02 , 341.44502
0.34125 , 0.101 , 341.25 , 341.69225
0.341526 , 0.1 , 341.526 , 341.967526
0.34179 , 0.115 , 341.79 , 342.24679
0.342084 , 0.099 , 342.084 , 342.525084
0.342358 , 0.101 , 342.358 , 342.801358
0.342622 , 0.115 , 342.622 , 343.079622
0.342928 , 0.116 , 342.928 , 343.386928
0.343222 , 0.116 , 343.222 , 343.681222
0.343528 , 0.116 , 343.528 , 343.987528
0.358854 , 0.101 , 343.854 , 344.313854
0.34413 , 0.101 , 344.13 , 344.57513
0.344424 , 0.1 , 344.424 , 344.868424
0.344686 , 0.123 , 344.686 , 345.153686
0.344996 , 0.116 , 344.996 , 345.456996
0.34529 , 0.138 , 345.29 , 345.77329
0.345628 , 0.116 , 345.628 , 346.089628
0.345934 , 0.116 , 345.934 , 346.395934
0.346228 , 0.116 , 346.228 , 346.690228
0.346534 , 0.116 , 346.534 , 346.996534
0.34683 , 0.115 , 346.83 , 347.29183
0.347136 , 0.116 , 347.136 , 347.599136
0.347432 , 0.131 , 347.432 , 347.910432
0.347768 , 0.133 , 347.768 , 348.248768
0.348096 , 0.152 , 348.096 , 348.596096
0.348462 , 0.138 , 348.462 , 348.948462
0.3488 , 0.132 , 348.8 , 349.2808
0.349138 , 0.132 , 349.138 , 349.619138
0.349464 , 0.138 , 349.464 , 349.951464
0.349802 , 0.147 , 349.802 , 350.298802
0.350138 , 0.148 , 350.138 , 350.636138
0.35053 , 0.136 , 350.53 , 351.01653
0.350864 , 0.138 , 350.864 , 351.352864
0.351202 , 0.147 , 351.202 , 351.700202
0.351538 , 0.148 , 351.538 , 352.037538
0.351896 , 0.153 , 351.896 , 352.400896
0.352264 , 0.154 , 352.264 , 352.770264
0.352634 , 0.132 , 352.634 , 353.118634
0.352974 , 0.147 , 352.974 , 353.473974
0.353342 , 0.132 , 353.342 , 353.827342
0.353668 , 0.122 , 353.668 , 354.143668
0.355038 , 0.15 , 354.038 , 354.543038
0.354406 , 0.147 , 354.406 , 354.907406
0.354774 , 0.148 , 354.774 , 355.276774
0.355144 , 0.147 , 355.144 , 355.646144
0.3555 , 0.154 , 355.5 , 356.0095
0.35587 , 0.153 , 355.87 , 356.37887
0.356238 , 0.154 , 356.238 , 356.748238
0.357608 , 0.166 , 356.608 , 357.131608
0.356978 , 0.147 , 356.978 , 357.481978
0.357362 , 0.147 , 357.362 , 357.866362
0.357748 , 0.149 , 357.748 , 358.254748
0.358108 , 0.151 , 358.108 , 358.617108
0.358472 , 0.153 , 358.472 , 358.983472
0.358842 , 0.153 , 358.842 , 359.353842
0.359212 , 0.131 , 359.212 , 359.702212
0.359542 , 0.103 , 359.542 , 360.004542
0.359812 , 0.1 , 359.812 , 360.271812
0.360076 , 0.119 , 360.076 , 360.555076
0.360382 , 0.1 , 360.382 , 360.842382
0.360644 , 0.085 , 360.644 , 361.089644
0.360876 , 0.085 , 360.876 , 361.321876
0.361108 , 0.1 , 361.108 , 361.569108
0.361382 , 0.085 , 361.382 , 361.828382
0.361614 , 0.1 , 361.614 , 362.075614
0.361876 , 0.085 , 361.876 , 362.322876
0.362108 , 0.1 , 362.108 , 362.570108
0.362352 , 0.101 , 362.352 , 362.815352
0.362616 , 0.085 , 362.616 , 363.063616
0.362848 , 0.1 , 362.848 , 363.310848
0.36311 , 0.069 , 363.11 , 363.54211
0.36331 , 0.088 , 363.31 , 363.76131
0.363554 , 0.101 , 363.554 , 364.018554
0.363818 , 0.085 , 363.818 , 364.266818
0.36405 , 0.085 , 364.05 , 364.49905
0.364282 , 0.099 , 364.282 , 364.745282
0.364558 , 0.097 , 364.558 , 365.019558
0.364788 , 0.085 , 364.788 , 365.237788
0.36502 , 0.1 , 365.02 , 365.48502
0.365282 , 0.101 , 365.282 , 365.748282
0.365548 , 0.083 , 365.548 , 365.996548
0.365758 , 0.116 , 365.758 , 366.239758
0.366052 , 0.116 , 366.052 , 366.534052
0.382358 , 0.116 , 366.358 , 366.856358
0.366684 , 0.115 , 366.684 , 367.165684
0.36699 , 0.1 , 366.99 , 367.45699
0.367252 , 0.116 , 367.252 , 367.735252
0.367558 , 0.116 , 367.558 , 368.041558
0.367854 , 0.116 , 367.854 , 368.337854
0.368158 , 0.101 , 368.158 , 368.627158
0.368454 , 0.115 , 368.454 , 368.937454
0.368756 , 0.102 , 368.756 , 369.226756
0.369054 , 0.1 , 369.054 , 369.523054
0.369332 , 0.107 , 369.332 , 369.808332
0.369624 , 0.116 , 369.624 , 370.109624
0.385918 , 0.122 , 369.918 , 370.425918
0.370256 , 0.115 , 370.256 , 370.741256
0.370562 , 0.116 , 370.562 , 371.048562
0.370856 , 0.084 , 370.856 , 371.310856
0.371118 , 0.084 , 371.118 , 371.573118
0.371362 , 0.063 , 371.362 , 371.796362
0.37156 , 0.102 , 371.56 , 372.03356
0.371826 , 0.116 , 371.826 , 372.313826
0.37212 , 0.122 , 372.12 , 372.61412
0.372426 , 0.068 , 372.426 , 372.866426
0.373626 , 0.064 , 372.626 , 373.063626
0.372796 , 0.084 , 372.796 , 373.252796
0.373058 , 0.085 , 373.058 , 373.516058
0.37329 , 0.084 , 373.29 , 373.74729
0.38952 , 0.084 , 373.52 , 373.99352
0.373764 , 0.099 , 373.764 , 374.236764
0.374026 , 0.085 , 374.026 , 374.485026
0.374258 , 0.116 , 374.258 , 374.748258
0.389564 , 0.132 , 374.564 , 375.085564
0.375922 , 0.116 , 374.922 , 375.413922
0.375196 , 0.116 , 375.196 , 375.687196
0.37549 , 0.116 , 375.49 , 375.98149
0.375798 , 0.115 , 375.798 , 376.288798
0.37609 , 0.138 , 376.09 , 376.60409
0.376428 , 0.085 , 376.428 , 376.889428
0.37666 , 0.069 , 376.66 , 377.10566
0.376892 , 0.1 , 376.892 , 377.368892
0.377165 , 0.1 , 377.165 , 377.642165
0.37743 , 0.116 , 377.43 , 377.92343
0.377758 , 0.101 , 377.758 , 378.236758
0.378032 , 0.099 , 378.032 , 378.509032
0.378294 , 0.115 , 378.294 , 378.787294
0.378568 , 0.116 , 378.568 , 379.062568
0.378862 , 0.116 , 378.862 , 379.356862
0.379168 , 0.117 , 379.168 , 379.664168
0.379464 , 0.084 , 379.464 , 379.927464
0.379726 , 0.1 , 379.726 , 380.205726
0.380002 , 0.085 , 380.002 , 380.467002
0.380234 , 0.085 , 380.234 , 380.699234
0.380466 , 0.069 , 380.466 , 380.915466
0.380696 , 0.101 , 380.696 , 381.177696
0.380974 , 0.1 , 380.974 , 381.454974
0.381236 , 0.116 , 381.236 , 381.733236
0.381532 , 0.099 , 381.532 , 382.012532
0.396774 , 0.101 , 381.774 , 382.271774
0.382068 , 0.101 , 382.068 , 382.551068
0.382334 , 0.099 , 382.334 , 382.815334
0.382574 , 0.078 , 382.574 , 383.034574
0.382806 , 0.101 , 382.806 , 383.289806
0.38307 , 0.116 , 383.07 , 383.56907
0.38337 , 0.081 , 383.37 , 383.83437
0.383576 , 0.081 , 383.576 , 384.040576
0.383838 , 0.101 , 383.838 , 384.322838
0.384102 , 0.069 , 384.102 , 384.555102
0.384302 , 0.1 , 384.302 , 384.786302
0.384576 , 0.101 , 384.576 , 385.061576
0.384872 , 0.115 , 384.872 , 385.371872
0.385178 , 0.116 , 385.178 , 385.679178
0.385504 , 0.153 , 385.504 , 386.042504
0.401874 , 0.1 , 385.874 , 386.375874
0.38618 , 0.078 , 386.18 , 386.64418
0.38638 , 0.078 , 386.38 , 386.84438
0.386612 , 0.085 , 386.612 , 387.083612
0.386844 , 0.085 , 386.844 , 387.315844
0.387076 , 0.1 , 387.076 , 387.563076
0.387338 , 0.1 , 387.338 , 387.825338
0.38758 , 0.116 , 387.58 , 388.08358
0.387876 , 0.101 , 387.876 , 388.364876
0.38814 , 0.099 , 388.14 , 388.62714
0.389414 , 0.082 , 388.414 , 388.885414
0.388612 , 0.085 , 388.612 , 389.085612
0.388844 , 0.085 , 388.844 , 389.317844
0.389076 , 0.069 , 389.076 , 389.534076
0.389276 , 0.1 , 389.276 , 389.765276
0.389538 , 0.1 , 389.538 , 390.027538
0.389814 , 0.131 , 389.814 , 390.334814
0.39014 , 0.117 , 390.14 , 390.64714
0.390416 , 0.062 , 390.416 , 390.868416
0.390616 , 0.046 , 390.616 , 391.052616
0.390784 , 0.116 , 390.784 , 391.290784
0.391078 , 0.1 , 391.078 , 391.569078
0.391342 , 0.122 , 391.342 , 391.855342
0.391648 , 0.116 , 391.648 , 392.155648
0.392942 , 0.116 , 391.942 , 392.450942
0.392218 , 0.115 , 392.218 , 392.725218
0.39251 , 0.116 , 392.51 , 393.01851
0.408816 , 0.1 , 392.816 , 393.324816
0.39311 , 0.069 , 393.11 , 393.57211
0.393326 , 0.068 , 393.326 , 393.787326
0.39354 , 0.085 , 393.54 , 394.01854
0.393784 , 0.078 , 393.784 , 394.255784
0.393984 , 0.078 , 393.984 , 394.455984
0.394216 , 0.082 , 394.216 , 394.692216
0.394416 , 0.085 , 394.416 , 394.895416
0.394648 , 0.068 , 394.648 , 395.110648
0.394878 , 0.069 , 394.878 , 395.341878
0.395078 , 0.085 , 395.078 , 395.558078
0.39531 , 0.069 , 395.31 , 395.77431
0.395512 , 0.084 , 395.512 , 395.991512
0.395742 , 0.085 , 395.742 , 396.222742
0.395976 , 0.068 , 395.976 , 396.439976
0.396186 , 0.082 , 396.186 , 396.664186
0.396418 , 0.062 , 396.418 , 396.876418
0.396618 , 0.084 , 396.618 , 397.098618
0.396848 , 0.069 , 396.848 , 397.313848
0.397048 , 0.085 , 397.048 , 397.530048
0.39728 , 0.085 , 397.28 , 397.76228
0.397512 , 0.1 , 397.512 , 398.009512
0.397788 , 0.117 , 397.788 , 398.302788
0.398054 , 0.114 , 398.054 , 398.566054
0.398344 , 0.118 , 398.344 , 398.860344
0.39862 , 0.115 , 398.62 , 399.13362
0.398914 , 0.115 , 398.914 , 399.427914
0.399188 , 0.063 , 399.188 , 399.650188
0.399388 , 0.063 , 399.388 , 399.850388
0.39959 , 0.1 , 399.59 , 400.08959
0.399852 , 0.101 , 399.852 , 400.352852
0.400146 , 0.1 , 400.146 , 400.646146
0.40039 , 0.1 , 400.39 , 400.89039
0.400684 , 0.084 , 400.684 , 401.168684
0.400916 , 0.084 , 400.916 , 401.400916
0.401162 , 0.084 , 401.162 , 401.647162
0.401422 , 0.084 , 401.422 , 401.907422
0.401654 , 0.047 , 401.654 , 402.102654
0.401822 , 0.047 , 401.822 , 402.270822
0.401992 , 0.062 , 401.992 , 402.455992
0.40219 , 0.063 , 402.19 , 402.65519
0.402386 , 0.065 , 402.386 , 402.853386
0.402582 , 0.068 , 402.582 , 403.052582
0.402784 , 0.082 , 402.784 , 403.268784
0.403022 , 0.101 , 403.022 , 403.526022
0.403288 , 0.115 , 403.288 , 403.806288
0.403592 , 0.101 , 403.592 , 404.096592
0.419856 , 0.1 , 403.856 , 404.375856
0.40415 , 0.1 , 404.15 , 404.65415
0.419424 , 0.101 , 404.424 , 404.944424
0.40472 , 0.1 , 404.72 , 405.22472
0.404994 , 0.1 , 404.994 , 405.498994
0.405258 , 0.1 , 405.258 , 405.763258
0.40552 , 0.084 , 405.52 , 406.00952
0.405752 , 0.069 , 405.752 , 406.226752
0.405952 , 0.121 , 405.952 , 406.478952
0.406258 , 0.116 , 406.258 , 406.780258
0.406554 , 0.122 , 406.554 , 407.082554
0.40686 , 0.132 , 406.86 , 407.39886
0.407198 , 0.147 , 407.198 , 407.752198
0.407554 , 0.138 , 407.554 , 408.099554
0.407892 , 0.137 , 407.892 , 408.436892
0.408262 , 0.163 , 408.262 , 408.833262
0.408662 , 0.147 , 408.662 , 409.217662
0.40903 , 0.148 , 409.03 , 409.58703
0.4094 , 0.147 , 409.4 , 409.9564
0.409792 , 0.135 , 409.792 , 410.336792
0.410126 , 0.153 , 410.126 , 410.689126
0.410526 , 0.2 , 410.526 , 411.136526
0.412 , 0.197 , 411 , 411.609
0.411434 , 0.147 , 411.434 , 411.992434
0.411802 , 0.147 , 411.802 , 412.360802
0.412194 , 0.152 , 412.194 , 412.758194
0.41256 , 0.153 , 412.56 , 413.12556
0.412928 , 0.153 , 412.928 , 413.493928
0.413298 , 0.152 , 413.298 , 413.863298
0.413666 , 0.148 , 413.666 , 414.227666
0.414036 , 0.132 , 414.036 , 414.582036
0.414396 , 0.136 , 414.396 , 414.946396
0.41473 , 0.153 , 414.73 , 415.29773
0.4151 , 0.153 , 415.1 , 415.6681
0.415468 , 0.147 , 415.468 , 416.030468
0.415838 , 0.147 , 415.838 , 416.400838
0.416208 , 0.147 , 416.208 , 416.771208
0.416564 , 0.138 , 416.564 , 417.118564
0.416932 , 0.17 , 416.932 , 417.518932
0.417334 , 0.153 , 417.334 , 417.904334
0.417704 , 0.153 , 417.704 , 418.274704
0.418076 , 0.145 , 418.076 , 418.639076
0.418442 , 0.147 , 418.442 , 419.007442
0.41881 , 0.148 , 418.81 , 419.37681
0.419168 , 0.153 , 419.168 , 419.740168
0.419536 , 0.153 , 419.536 , 420.108536
0.419904 , 0.151 , 419.904 , 420.474904
0.420274 , 0.147 , 420.274 , 420.841274
0.420612 , 0.147 , 420.612 , 421.179612
0.421002 , 0.137 , 421.002 , 421.560002
0.421338 , 0.185 , 421.338 , 421.944338
0.42177 , 0.153 , 421.77 , 422.34477
0.422138 , 0.138 , 422.138 , 422.698138
0.422476 , 0.147 , 422.476 , 423.045476
0.422846 , 0.146 , 422.846 , 423.414846
0.423214 , 0.147 , 423.214 , 423.784214
0.42357 , 0.154 , 423.57 , 424.14757
0.42394 , 0.153 , 423.94 , 424.51694
0.42431 , 0.153 , 424.31 , 424.88731
0.42468 , 0.147 , 424.68 , 425.25168
0.425016 , 0.148 , 425.016 , 425.589016
0.425374 , 0.153 , 425.374 , 425.952374
0.425742 , 0.138 , 425.742 , 426.305742
0.426112 , 0.2 , 426.112 , 426.738112
0.426574 , 0.138 , 426.574 , 427.138574
0.426944 , 0.153 , 426.944 , 427.523944
0.427344 , 0.138 , 427.344 , 427.909344
0.427682 , 0.148 , 427.682 , 428.257682
0.428054 , 0.146 , 428.054 , 428.628054
0.42842 , 0.132 , 428.42 , 428.98042
0.428778 , 0.137 , 428.778 , 429.343778
0.429116 , 0.153 , 429.116 , 429.698116
0.429486 , 0.147 , 429.486 , 430.062486
0.429858 , 0.13 , 429.858 , 430.417858
0.430218 , 0.134 , 430.218 , 430.782218
0.430582 , 0.137 , 430.582 , 431.149582
0.43095 , 0.138 , 430.95 , 431.51895
0.431288 , 0.147 , 431.288 , 431.866288
0.431658 , 0.147 , 431.658 , 432.236658
0.432026 , 0.147 , 432.026 , 432.605026
0.432384 , 0.153 , 432.384 , 432.969384
0.432752 , 0.138 , 432.752 , 433.322752
0.433122 , 0.131 , 433.122 , 433.686122
0.43346 , 0.147 , 433.46 , 434.04046
0.433828 , 0.132 , 433.828 , 434.393828
0.434186 , 0.138 , 434.186 , 434.758186
0.435524 , 0.15 , 434.524 , 435.109524
0.434862 , 0.147 , 434.862 , 435.443862
0.43523 , 0.148 , 435.23 , 435.81323
0.435588 , 0.138 , 435.588 , 436.161588
0.435926 , 0.154 , 435.926 , 436.515926
0.436296 , 0.147 , 436.296 , 436.879296
0.436634 , 0.147 , 436.634 , 437.217634
0.436992 , 0.152 , 436.992 , 437.580992
0.43736 , 0.137 , 437.36 , 437.93436
0.437698 , 0.168 , 437.698 , 438.303698
0.438098 , 0.147 , 438.098 , 438.683098
0.438466 , 0.132 , 438.466 , 439.036466
0.438826 , 0.168 , 438.826 , 439.432826
0.439236 , 0.131 , 439.236 , 439.806236
0.43956 , 0.169 , 439.56 , 440.16856
0.43996 , 0.137 , 439.96 , 440.53696
0.4563 , 0.146 , 440.3 , 440.9023
0.440668 , 0.147 , 440.668 , 441.255668
0.441036 , 0.147 , 441.036 , 441.624036
0.44143 , 0.198 , 441.43 , 442.06943
0.441868 , 0.147 , 441.868 , 442.456868
0.442236 , 0.132 , 442.236 , 442.810236
0.442562 , 0.169 , 442.562 , 443.173562
0.442994 , 0.137 , 442.994 , 443.573994
0.443332 , 0.1 , 443.332 , 443.875332
0.443594 , 0.153 , 443.594 , 444.190594
0.443994 , 0.153 , 443.994 , 444.590994
0.444362 , 0.138 , 444.362 , 444.944362
0.44473 , 0.132 , 444.73 , 445.30673
0.4451 , 0.185 , 445.1 , 445.7301
0.445532 , 0.132 , 445.532 , 446.109532
0.44587 , 0.163 , 445.87 , 446.47887
0.446272 , 0.146 , 446.272 , 446.864272
0.44664 , 0.147 , 446.64 , 447.23364
0.446998 , 0.153 , 446.998 , 447.597998
0.447366 , 0.138 , 447.366 , 447.951366
0.447736 , 0.131 , 447.736 , 448.314736
0.448074 , 0.147 , 448.074 , 448.669074
0.448442 , 0.147 , 448.442 , 449.037442
0.448798 , 0.138 , 448.798 , 449.384798
0.449136 , 0.154 , 449.136 , 449.739136
0.449506 , 0.164 , 449.506 , 450.119506
0.449908 , 0.147 , 449.908 , 450.504908
0.450276 , 0.147 , 450.276 , 450.873276
0.45064 , 0.133 , 450.64 , 451.22364
0.45097 , 0.152 , 450.97 , 451.57297
0.452338 , 0.149 , 451.338 , 451.939338
0.451708 , 0.131 , 451.708 , 452.290708
0.452044 , 0.147 , 452.044 , 452.643044
0.4524 , 0.154 , 452.4 , 453.0064
0.467802 , 0.138 , 452.802 , 453.407802
0.45317 , 0.138 , 453.17 , 453.76117
0.453508 , 0.147 , 453.508 , 454.108508
0.453878 , 0.163 , 453.878 , 454.494878
0.454278 , 0.163 , 454.278 , 454.895278
0.45468 , 0.147 , 454.68 , 455.28168
0.455048 , 0.132 , 455.048 , 455.635048
0.455406 , 0.137 , 455.406 , 455.998406
0.455774 , 0.138 , 455.774 , 456.367774
0.456122 , 0.227 , 456.122 , 456.805122
0.45665 , 0.131 , 456.65 , 457.23765
0.457036 , 0.138 , 457.036 , 457.631036
0.457374 , 0.138 , 457.374 , 457.969374
0.457744 , 0.153 , 457.744 , 458.354744
0.458112 , 0.168 , 458.112 , 458.738112
0.458512 , 0.185 , 458.512 , 459.155512
0.458976 , 0.153 , 458.976 , 459.587976
0.459344 , 0.154 , 459.344 , 459.957344
0.45972 , 0.182 , 459.72 , 460.36172
0.460146 , 0.154 , 460.146 , 460.760146
Total GPU = 336455.749969