#Qurey Time, Memory allocation , I/O Time , Total
0 , 0 , 0 , 0
0.02715 , 0.063 , 27.15 , 27.24015
0.027448 , 0.131 , 27.448 , 27.606448
0.027784 , 0.116 , 27.784 , 27.927784
0.028142 , 0.169 , 28.142 , 28.339142
0.028582 , 0.1 , 28.582 , 28.710582
0.02894 , 0.154 , 28.94 , 29.12294
0.029342 , 0.068 , 29.342 , 29.439342
0.029578 , 0.066 , 29.578 , 29.673578
0.0298 , 0.062 , 29.8 , 29.8918
0.031048 , 0.065 , 30.048 , 30.144048
0.030263 , 0.069 , 30.263 , 30.362263
0.03051 , 0.069 , 30.51 , 30.60951
0.03071 , 0.053 , 30.71 , 30.79371
0.030942 , 0.053 , 30.942 , 31.025942
0.031142 , 0.069 , 31.142 , 31.242142
0.031384 , 0.079 , 31.384 , 31.494384
0.031618 , 0.102 , 31.618 , 31.751618
0.031888 , 0.112 , 31.888 , 32.031888
0.032188 , 0.115 , 32.188 , 32.335188
0.032482 , 0.1 , 32.482 , 32.614482
0.032744 , 0.122 , 32.744 , 32.898744
0.033082 , 0.069 , 33.082 , 33.184082
0.033314 , 0.069 , 33.314 , 33.416314
0.033546 , 0.085 , 33.546 , 33.664546
0.033788 , 0.063 , 33.788 , 33.884788
0.03399 , 0.116 , 33.99 , 34.13999
0.034314 , 0.1 , 34.314 , 34.448314
0.03459 , 0.078 , 34.59 , 34.70259
0.034854 , 0.084 , 34.854 , 34.972854
0.035116 , 0.084 , 35.116 , 35.235116
0.035382 , 0.104 , 35.382 , 35.521382
0.035654 , 0.116 , 35.654 , 35.805654
0.036982 , 0.1 , 35.982 , 36.118982
0.036256 , 0.099 , 36.256 , 36.391256
0.036548 , 0.121 , 36.548 , 36.705548
0.036854 , 0.101 , 36.854 , 36.991854
0.03715 , 0.084 , 37.15 , 37.27115
0.037392 , 0.116 , 37.392 , 37.545392
0.037688 , 0.084 , 37.688 , 37.809688
0.03795 , 0.099 , 37.95 , 38.08695
0.038224 , 0.1 , 38.224 , 38.362224
0.038488 , 0.115 , 38.488 , 38.641488
0.038792 , 0.117 , 38.792 , 38.947792
0.039118 , 0.1 , 39.118 , 39.257118
0.039424 , 0.1 , 39.424 , 39.563424
0.039718 , 0.1 , 39.718 , 39.857718
0.039994 , 0.084 , 39.994 , 40.117994
0.040288 , 0.1 , 40.288 , 40.428288
0.04055 , 0.1 , 40.55 , 40.69055
0.056826 , 0.084 , 40.826 , 40.966826
0.041092 , 0.083 , 41.092 , 41.216092
0.041352 , 0.099 , 41.352 , 41.492352
0.041628 , 0.084 , 41.628 , 41.753628
0.04189 , 0.085 , 41.89 , 42.01689
0.042154 , 0.099 , 42.154 , 42.295154
0.042428 , 0.084 , 42.428 , 42.554428
0.04266 , 0.131 , 42.66 , 42.83366
0.042996 , 0.1 , 42.996 , 43.138996
0.04326 , 0.1 , 43.26 , 43.40326
0.043522 , 0.101 , 43.522 , 43.666522
0.043798 , 0.1 , 43.798 , 43.941798
0.044092 , 0.1 , 44.092 , 44.236092
0.044356 , 0.103 , 44.356 , 44.503356
0.044662 , 0.1 , 44.662 , 44.806662
0.060926 , 0.099 , 44.926 , 45.085926
0.045198 , 0.117 , 45.198 , 45.360198
0.045494 , 0.1 , 45.494 , 45.639494
0.045758 , 0.121 , 45.758 , 45.924758
0.046062 , 0.116 , 46.062 , 46.224062
0.062358 , 0.099 , 46.358 , 46.519358
0.046634 , 0.116 , 46.634 , 46.796634
0.046928 , 0.115 , 46.928 , 47.089928
0.047234 , 0.116 , 47.234 , 47.397234
0.047528 , 0.116 , 47.528 , 47.691528
0.047818 , 0.101 , 47.818 , 47.966818
0.048098 , 0.116 , 48.098 , 48.262098
0.048404 , 0.116 , 48.404 , 48.568404
0.048698 , 0.116 , 48.698 , 48.862698
0.049006 , 0.115 , 49.006 , 49.170006
0.049298 , 0.116 , 49.298 , 49.463298
0.049604 , 0.101 , 49.604 , 49.754604
0.049868 , 0.116 , 49.868 , 50.033868
0.051162 , 0.116 , 50.162 , 50.329162
0.050438 , 0.1 , 50.438 , 50.588438
0.05073 , 0.116 , 50.73 , 50.89673
0.051038 , 0.115 , 51.038 , 51.204038
0.05133 , 0.101 , 51.33 , 51.48233
0.051606 , 0.101 , 51.606 , 51.758606
0.05187 , 0.116 , 51.87 , 52.03787
0.052166 , 0.099 , 52.166 , 52.317166
0.052442 , 0.099 , 52.442 , 52.593442
0.052734 , 0.101 , 52.734 , 52.887734
0.05301 , 0.1 , 53.01 , 53.16301
0.053304 , 0.1 , 53.304 , 53.457304
0.0536 , 0.105 , 53.6 , 53.7586
0.053874 , 0.116 , 53.874 , 54.043874
0.054168 , 0.1 , 54.168 , 54.322168
0.054444 , 0.115 , 54.444 , 54.613444
0.054736 , 0.1 , 54.736 , 54.890736
0.05501 , 0.101 , 55.01 , 55.16601
0.055274 , 0.1 , 55.274 , 55.429274
0.055568 , 0.1 , 55.568 , 55.723568
0.055844 , 0.1 , 55.844 , 55.999844
0.056106 , 0.1 , 56.106 , 56.262106
0.0564 , 0.1 , 56.4 , 56.5564
0.056644 , 0.115 , 56.644 , 56.815644
0.056938 , 0.1 , 56.938 , 57.094938
0.057212 , 0.101 , 57.212 , 57.370212
0.057476 , 0.116 , 57.476 , 57.649476
0.05777 , 0.1 , 57.77 , 57.92777
0.058044 , 0.101 , 58.044 , 58.203044
0.058308 , 0.116 , 58.308 , 58.482308
0.058613 , 0.1 , 58.613 , 58.771613
0.058876 , 0.101 , 58.876 , 59.035876
0.05914 , 0.115 , 59.14 , 59.31414
0.059444 , 0.101 , 59.444 , 59.604444
0.059708 , 0.1 , 59.708 , 59.867708
0.060006 , 0.103 , 60.006 , 60.169006
0.060276 , 0.1 , 60.276 , 60.436276
0.060538 , 0.1 , 60.538 , 60.698538
0.060814 , 0.1 , 60.814 , 60.974814
0.061078 , 0.116 , 61.078 , 61.255078
0.061372 , 0.1 , 61.372 , 61.533372
0.061646 , 0.1 , 61.646 , 61.807646
0.061925 , 0.085 , 61.925 , 62.071925
0.062206 , 0.105 , 62.206 , 62.373206
0.062478 , 0.116 , 62.478 , 62.656478
0.062774 , 0.099 , 62.774 , 62.935774
0.063048 , 0.1 , 63.048 , 63.211048
0.06331 , 0.101 , 63.31 , 63.47431
0.063574 , 0.101 , 63.574 , 63.738574
0.063848 , 0.1 , 63.848 , 64.011848
0.064142 , 0.101 , 64.142 , 64.307142
0.064413 , 0.101 , 64.413 , 64.578413
0.06468 , 0.1 , 64.68 , 64.84468
0.064944 , 0.099 , 64.944 , 65.107944
0.081218 , 0.1 , 65.218 , 65.399218
0.065512 , 0.084 , 65.512 , 65.661512
0.065774 , 0.1 , 65.774 , 65.939774
0.06605 , 0.1 , 66.05 , 66.21605
0.066312 , 0.101 , 66.312 , 66.479312
0.066591 , 0.106 , 66.591 , 66.763591
0.06688 , 0.1 , 66.88 , 67.04688
0.067142 , 0.101 , 67.142 , 67.310142
0.067418 , 0.101 , 67.418 , 67.586418
0.067712 , 0.101 , 67.712 , 67.880712
0.069008 , 0.099 , 68.008 , 68.176008
0.06825 , 0.1 , 68.25 , 68.41825
0.068512 , 0.101 , 68.512 , 68.681512
0.068808 , 0.101 , 68.808 , 68.977808
0.069052 , 0.115 , 69.052 , 69.236052
0.069344 , 0.101 , 69.344 , 69.514344
0.06962 , 0.1 , 69.62 , 69.78962
0.069882 , 0.101 , 69.882 , 70.052882
0.070146 , 0.1 , 70.146 , 70.316146
0.07042 , 0.1 , 70.42 , 70.59042
0.070714 , 0.1 , 70.714 , 70.884714
0.070978 , 0.099 , 70.978 , 71.147978
0.071252 , 0.116 , 71.252 , 71.439252
0.071546 , 0.1 , 71.546 , 71.717546
0.07182 , 0.101 , 71.82 , 71.99282
0.072084 , 0.1 , 72.084 , 72.256084
0.072348 , 0.1 , 72.348 , 72.520348
0.072622 , 0.1 , 72.622 , 72.794622
0.072884 , 0.1 , 72.884 , 73.056884
0.073148 , 0.1 , 73.148 , 73.321148
0.073422 , 0.116 , 73.422 , 73.611422
0.07372 , 0.098 , 73.72 , 73.89172
0.07398 , 0.1 , 73.98 , 74.15398
0.074254 , 0.1 , 74.254 , 74.428254
0.074548 , 0.1 , 74.548 , 74.722548
0.074824 , 0.099 , 74.824 , 74.997824
0.075086 , 0.1 , 75.086 , 75.261086
0.07535 , 0.1 , 75.35 , 75.52535
0.075624 , 0.1 , 75.624 , 75.799624
0.075886 , 0.101 , 75.886 , 76.062886
0.07615 , 0.1 , 76.15 , 76.32615
0.076424 , 0.101 , 76.424 , 76.601424
0.076688 , 0.1 , 76.688 , 76.864688
0.07695 , 0.1 , 76.95 , 77.12695
0.07722 , 0.103 , 77.22 , 77.40022
0.077488 , 0.1 , 77.488 , 77.665488
0.077752 , 0.1 , 77.752 , 77.929752
0.078026 , 0.101 , 78.026 , 78.205026
0.07829 , 0.1 , 78.29 , 78.46829
0.078554 , 0.1 , 78.554 , 78.732554
0.078826 , 0.101 , 78.826 , 79.005826
0.07909 , 0.101 , 79.09 , 79.27009
0.079354 , 0.115 , 79.354 , 79.548354
0.079628 , 0.1 , 79.628 , 79.807628
0.079922 , 0.1 , 79.922 , 80.101922
0.080186 , 0.099 , 80.186 , 80.365186
0.08046 , 0.1 , 80.46 , 80.64046
0.080754 , 0.1 , 80.754 , 80.934754
0.08203 , 0.098 , 81.03 , 81.21003
0.081292 , 0.1 , 81.292 , 81.473292
0.081554 , 0.1 , 81.554 , 81.735554
0.081828 , 0.101 , 81.828 , 82.010828
0.082092 , 0.116 , 82.092 , 82.290092
0.082386 , 0.1 , 82.386 , 82.568386
0.082628 , 0.117 , 82.628 , 82.827628
0.082924 , 0.1 , 82.924 , 83.106924
0.083186 , 0.117 , 83.186 , 83.386186
0.083462 , 0.116 , 83.462 , 83.661462
0.083758 , 0.099 , 83.758 , 83.940758
0.08403 , 0.1 , 84.03 , 84.21403
0.084292 , 0.1 , 84.292 , 84.476292
0.084556 , 0.099 , 84.556 , 84.739556
0.084832 , 0.099 , 84.832 , 85.015832
0.085124 , 0.1 , 85.124 , 85.309124
0.085386 , 0.1 , 85.386 , 85.571386
0.085662 , 0.1 , 85.662 , 85.847662
0.085924 , 0.1 , 85.924 , 86.109924
0.086188 , 0.1 , 86.188 , 86.374188
0.086462 , 0.1 , 86.462 , 86.648462
0.086756 , 0.101 , 86.756 , 86.943756
0.08803 , 0.099 , 87.03 , 87.21703
0.087296 , 0.1 , 87.296 , 87.483296
0.087558 , 0.1 , 87.558 , 87.745558
0.087832 , 0.101 , 87.832 , 88.020832
0.088096 , 0.116 , 88.096 , 88.300096
0.08839 , 0.1 , 88.39 , 88.57839
0.088664 , 0.101 , 88.664 , 88.853664
0.088928 , 0.1 , 88.928 , 89.116928
0.089192 , 0.099 , 89.192 , 89.380192
0.089434 , 0.1 , 89.434 , 89.623434
0.089698 , 0.1 , 89.698 , 89.887698
0.08996 , 0.1 , 89.96 , 90.14996
0.090234 , 0.101 , 90.234 , 90.425234
0.090498 , 0.1 , 90.498 , 90.688498
0.090762 , 0.099 , 90.762 , 90.951762
0.107036 , 0.1 , 91.036 , 91.243036
0.09133 , 0.101 , 91.33 , 91.52233
0.091594 , 0.1 , 91.594 , 91.785594
0.091868 , 0.101 , 91.868 , 92.060868
0.092132 , 0.1 , 92.132 , 92.324132
0.092394 , 0.099 , 92.394 , 92.585394
0.092636 , 0.101 , 92.636 , 92.829636
0.0929 , 0.101 , 92.9 , 93.0939
0.093164 , 0.1 , 93.164 , 93.357164
0.09344 , 0.1 , 93.44 , 93.63344
0.093702 , 0.1 , 93.702 , 93.895702
0.093966 , 0.099 , 93.966 , 94.158966
0.09424 , 0.1 , 94.24 , 94.43424
0.094502 , 0.101 , 94.502 , 94.697502
0.094766 , 0.084 , 94.766 , 94.944766
0.09504 , 0.101 , 95.04 , 95.23604
0.095319 , 0.085 , 95.319 , 95.499319
0.095566 , 0.099 , 95.566 , 95.760566
0.09584 , 0.101 , 95.84 , 96.03684
0.096104 , 0.1 , 96.104 , 96.300104
0.096366 , 0.1 , 96.366 , 96.562366
0.096642 , 0.1 , 96.642 , 96.838642
0.096904 , 0.101 , 96.904 , 97.101904
0.097168 , 0.1 , 97.168 , 97.365168
0.097442 , 0.101 , 97.442 , 97.640442
0.097706 , 0.1 , 97.706 , 97.903706
0.09797 , 0.099 , 97.97 , 98.16697
0.098242 , 0.101 , 98.242 , 98.441242
0.098506 , 0.101 , 98.506 , 98.705506
0.09877 , 0.1 , 98.77 , 98.96877
0.099046 , 0.099 , 99.046 , 99.244046
0.099308 , 0.1 , 99.308 , 99.507308
0.09957 , 0.101 , 99.57 , 99.77057
0.099841 , 0.102 , 99.841 , 100.042841
0.100108 , 0.101 , 100.108 , 100.309108
0.100372 , 0.1 , 100.372 , 100.572372
0.100646 , 0.101 , 100.646 , 100.847646
0.10091 , 0.1 , 100.91 , 101.11091
0.117174 , 0.099 , 101.174 , 101.390174
0.101448 , 0.1 , 101.448 , 101.649448
0.10171 , 0.101 , 101.71 , 101.91271
0.101974 , 0.1 , 101.974 , 102.175974
0.10225 , 0.099 , 102.25 , 102.45125
0.102542 , 0.1 , 102.542 , 102.744542
0.102806 , 0.1 , 102.806 , 103.008806
0.10308 , 0.1 , 103.08 , 103.28308
0.103344 , 0.1 , 103.344 , 103.547344
0.103606 , 0.101 , 103.606 , 103.810606
0.103882 , 0.1 , 103.882 , 104.085882
0.104144 , 0.1 , 104.144 , 104.348144
0.104408 , 0.099 , 104.408 , 104.611408
0.10465 , 0.101 , 104.65 , 104.85565
0.104914 , 0.1 , 104.914 , 105.118914
0.105178 , 0.099 , 105.178 , 105.382178
0.105452 , 0.1 , 105.452 , 105.657452
0.105714 , 0.1 , 105.714 , 105.919714
0.105978 , 0.084 , 105.978 , 106.167978
0.106242 , 0.084 , 106.242 , 106.432242
0.106484 , 0.1 , 106.484 , 106.690484
0.106748 , 0.1 , 106.748 , 106.954748
0.10701 , 0.184 , 107.01 , 107.30101
0.107484 , 0.101 , 107.484 , 107.692484
0.107748 , 0.1 , 107.748 , 107.955748
0.10801 , 0.1 , 108.01 , 108.21801
0.108252 , 0.101 , 108.252 , 108.461252
0.108516 , 0.101 , 108.516 , 108.725516
0.10878 , 0.099 , 108.78 , 108.98778
0.109054 , 0.1 , 109.054 , 109.263054
0.109318 , 0.099 , 109.318 , 109.526318
0.12458 , 0.085 , 109.58 , 109.78958
0.109844 , 0.083 , 109.844 , 110.036844
0.110088 , 0.1 , 110.088 , 110.298088
0.11035 , 0.1 , 110.35 , 110.56035
0.110614 , 0.099 , 110.614 , 110.823614
0.110888 , 0.1 , 110.888 , 111.098888
0.11115 , 0.085 , 111.15 , 111.34615
0.111414 , 0.1 , 111.414 , 111.625414
0.111658 , 0.1 , 111.658 , 111.869658
0.11192 , 0.1 , 111.92 , 112.13192
0.112184 , 0.099 , 112.184 , 112.395184
0.112448 , 0.099 , 112.448 , 112.659448
0.11269 , 0.1 , 112.69 , 112.90269
0.112954 , 0.1 , 112.954 , 113.166954
0.113216 , 0.1 , 113.216 , 113.429216
0.11349 , 0.085 , 113.49 , 113.68849
0.113724 , 0.099 , 113.724 , 113.936724
0.114016 , 0.084 , 114.016 , 114.214016
0.11426 , 0.1 , 114.26 , 114.47426
0.114522 , 0.101 , 114.522 , 114.737522
0.114786 , 0.1 , 114.786 , 115.000786
0.115062 , 0.099 , 115.062 , 115.276062
0.115324 , 0.084 , 115.324 , 115.523324
0.115586 , 0.085 , 115.586 , 115.786586
0.115818 , 0.1 , 115.818 , 116.033818
0.116092 , 0.101 , 116.092 , 116.309092
0.116356 , 0.084 , 116.356 , 116.556356
0.116586 , 0.101 , 116.586 , 116.803586
0.116862 , 0.1 , 116.862 , 117.078862
0.117126 , 0.1 , 117.126 , 117.343126
0.11739 , 0.1 , 117.39 , 117.60739
0.117662 , 0.098 , 117.662 , 117.877662
0.132928 , 0.084 , 117.928 , 118.144928
0.11819 , 0.084 , 118.19 , 118.39219
0.118422 , 0.099 , 118.422 , 118.639422
0.118696 , 0.1 , 118.696 , 118.914696
0.134958 , 0.085 , 118.958 , 119.177958
0.119222 , 0.084 , 119.222 , 119.425222
0.119464 , 0.099 , 119.464 , 119.682464
0.119712 , 0.084 , 119.712 , 119.915712
0.11999 , 0.084 , 119.99 , 120.19399
0.120252 , 0.083 , 120.252 , 120.455252
0.120496 , 0.1 , 120.496 , 120.716496
0.120758 , 0.101 , 120.758 , 120.979758
0.121022 , 0.084 , 121.022 , 121.227022
0.121266 , 0.1 , 121.266 , 121.487266
0.12153 , 0.1 , 121.53 , 121.75153
0.121792 , 0.085 , 121.792 , 121.998792
0.122024 , 0.1 , 122.024 , 122.246024
0.122298 , 0.085 , 122.298 , 122.505298
0.12253 , 0.101 , 122.53 , 122.75353
0.122794 , 0.1 , 122.794 , 123.016794
0.123064 , 0.097 , 123.064 , 123.284064
0.1233 , 0.1 , 123.3 , 123.5233
0.123562 , 0.102 , 123.562 , 123.787562
0.123828 , 0.136 , 123.828 , 124.087828
0.124164 , 0.1 , 124.164 , 124.388164
0.124426 , 0.1 , 124.426 , 124.650426
0.1247 , 0.085 , 124.7 , 124.9097
0.124964 , 0.084 , 124.964 , 125.172964
0.125226 , 0.086 , 125.226 , 125.437226
0.12547 , 0.1 , 125.47 , 125.69547
0.125734 , 0.084 , 125.734 , 125.943734
0.125964 , 0.101 , 125.964 , 126.190964
0.126228 , 0.099 , 126.228 , 126.453228
0.126504 , 0.084 , 126.504 , 126.714504
0.126766 , 0.084 , 126.766 , 126.976766
0.126998 , 0.1 , 126.998 , 127.224998
0.127274 , 0.1 , 127.274 , 127.501274
0.127536 , 0.085 , 127.536 , 127.748536
0.127768 , 0.1 , 127.768 , 127.995768
0.128032 , 0.099 , 128.032 , 128.259032
0.128274 , 0.1 , 128.274 , 128.502274
0.128536 , 0.101 , 128.536 , 128.765536
0.1288 , 0.1 , 128.8 , 129.0288
0.129074 , 0.1 , 129.074 , 129.303074
0.129336 , 0.084 , 129.336 , 129.549336
0.129568 , 0.1 , 129.568 , 129.797568
0.12983 , 0.1 , 129.83 , 130.05983
0.130074 , 0.1 , 130.074 , 130.304074
0.130338 , 0.1 , 130.338 , 130.568338
0.1306 , 0.085 , 130.6 , 130.8156
0.130832 , 0.1 , 130.832 , 131.062832
0.131076 , 0.1 , 131.076 , 131.307076
0.13134 , 0.1 , 131.34 , 131.57134
0.131602 , 0.1 , 131.602 , 131.833602
0.131867 , 0.082 , 131.867 , 132.080867
0.132108 , 0.1 , 132.108 , 132.340108
0.13237 , 0.085 , 132.37 , 132.58737
0.132602 , 0.1 , 132.602 , 132.834602
0.132877 , 0.079 , 132.877 , 133.088877
0.13311 , 0.1 , 133.11 , 133.34311
0.133372 , 0.085 , 133.372 , 133.590372
0.133604 , 0.101 , 133.604 , 133.838604
0.13488 , 0.094 , 133.88 , 134.10888
0.134112 , 0.1 , 134.112 , 134.346112
0.134374 , 0.1 , 134.374 , 134.608374
0.134636 , 0.1 , 134.636 , 134.870636
0.13488 , 0.1 , 134.88 , 135.11488
0.135142 , 0.1 , 135.142 , 135.377142
0.135404 , 0.085 , 135.404 , 135.624404
0.135636 , 0.1 , 135.636 , 135.871636
0.13591 , 0.085 , 135.91 , 136.13091
0.136142 , 0.1 , 136.142 , 136.378142
0.136406 , 0.084 , 136.406 , 136.626406
0.136636 , 0.1 , 136.636 , 136.872636
0.136912 , 0.085 , 136.912 , 137.133912
0.137174 , 0.085 , 137.174 , 137.396174
0.137406 , 0.1 , 137.406 , 137.643406
0.153681 , 0.078 , 137.681 , 137.912681
0.137914 , 0.101 , 137.914 , 138.152914
0.138178 , 0.084 , 138.178 , 138.400178
0.13841 , 0.099 , 138.41 , 138.64741
0.139682 , 0.097 , 138.682 , 138.918682
0.138916 , 0.1 , 138.916 , 139.154916
0.139178 , 0.1 , 139.178 , 139.417178
0.13944 , 0.085 , 139.44 , 139.66444
0.139686 , 0.099 , 139.686 , 139.924686
0.139948 , 0.084 , 139.948 , 140.171948
0.14021 , 0.085 , 140.21 , 140.43521
0.140442 , 0.102 , 140.442 , 140.684442
0.140684 , 0.101 , 140.684 , 140.925684
0.140948 , 0.101 , 140.948 , 141.189948
0.141212 , 0.084 , 141.212 , 141.437212
0.141442 , 0.1 , 141.442 , 141.683442
0.141686 , 0.1 , 141.686 , 141.927686
0.156948 , 0.085 , 141.948 , 142.189948
0.14218 , 0.1 , 142.18 , 142.42218
0.142442 , 0.1 , 142.442 , 142.684442
0.142686 , 0.1 , 142.686 , 142.928686
0.14295 , 0.1 , 142.95 , 143.19295
0.143212 , 0.084 , 143.212 , 143.439212
0.143444 , 0.1 , 143.444 , 143.687444
0.143688 , 0.1 , 143.688 , 143.931688
0.14395 , 0.1 , 143.95 , 144.19395
0.144212 , 0.085 , 144.212 , 144.441212
0.144444 , 0.1 , 144.444 , 144.688444
0.144688 , 0.1 , 144.688 , 144.932688
0.144952 , 0.099 , 144.952 , 145.195952
0.145214 , 0.084 , 145.214 , 145.443214
0.145446 , 0.099 , 145.446 , 145.690446
0.14572 , 0.084 , 145.72 , 145.94972
0.145952 , 0.1 , 145.952 , 146.197952
0.146214 , 0.1 , 146.214 , 146.460214
0.146478 , 0.083 , 146.478 , 146.707478
0.146722 , 0.084 , 146.722 , 146.952722
0.146954 , 0.1 , 146.954 , 147.200954
0.147216 , 0.1 , 147.216 , 147.463216
0.14749 , 0.097 , 147.49 , 147.73449
0.147724 , 0.1 , 147.724 , 147.971724
0.147986 , 0.084 , 147.986 , 148.217986
0.148218 , 0.099 , 148.218 , 148.465218
0.14849 , 0.098 , 148.49 , 148.73649
0.148722 , 0.1 , 148.722 , 148.970722
0.148986 , 0.1 , 148.986 , 149.234986
0.149248 , 0.084 , 149.248 , 149.481248
0.149492 , 0.099 , 149.492 , 149.740492
0.149724 , 0.1 , 149.724 , 149.973724
0.149988 , 0.084 , 149.988 , 150.221988
0.15022 , 0.099 , 150.22 , 150.46922
0.150494 , 0.078 , 150.494 , 150.722494
0.150726 , 0.085 , 150.726 , 150.961726
0.150988 , 0.085 , 150.988 , 151.223988
0.15122 , 0.1 , 151.22 , 151.47122
0.15149 , 0.08 , 151.49 , 151.72149
0.151728 , 0.084 , 151.728 , 151.963728
0.15196 , 0.1 , 151.96 , 152.21196
0.152222 , 0.085 , 152.222 , 152.459222
0.152454 , 0.103 , 152.454 , 152.709454
0.152728 , 0.084 , 152.728 , 152.964728
0.15296 , 0.1 , 152.96 , 153.21296
0.168222 , 0.085 , 153.222 , 153.475222
0.153488 , 0.083 , 153.488 , 153.724488
0.15373 , 0.084 , 153.73 , 153.96773
0.15396 , 0.101 , 153.96 , 154.21496
0.154224 , 0.084 , 154.224 , 154.462224
0.154456 , 0.099 , 154.456 , 154.709456
0.15473 , 0.085 , 154.73 , 154.96973
0.154962 , 0.1 , 154.962 , 155.216962
0.155224 , 0.085 , 155.224 , 155.464224
0.155456 , 0.1 , 155.456 , 155.711456
0.15573 , 0.085 , 155.73 , 155.97073
0.155962 , 0.1 , 155.962 , 156.217962
0.156226 , 0.084 , 156.226 , 156.466226
0.156456 , 0.1 , 156.456 , 156.712456
0.15673 , 0.085 , 156.73 , 156.97173
0.156964 , 0.1 , 156.964 , 157.220964
0.157226 , 0.1 , 157.226 , 157.483226
0.157494 , 0.082 , 157.494 , 157.733494
0.157734 , 0.084 , 157.734 , 157.975734
0.157964 , 0.101 , 157.964 , 158.222964
0.158228 , 0.084 , 158.228 , 158.470228
0.158458 , 0.1 , 158.458 , 158.716458
0.158732 , 0.085 , 158.732 , 158.975732
0.158964 , 0.101 , 158.964 , 159.223964
0.159228 , 0.084 , 159.228 , 159.471228
0.159458 , 0.1 , 159.458 , 159.717458
0.159718 , 0.085 , 159.718 , 159.962718
0.159966 , 0.1 , 159.966 , 160.225966
0.160228 , 0.085 , 160.228 , 160.473228
0.16046 , 0.084 , 160.46 , 160.70446
0.160706 , 0.1 , 160.706 , 160.966706
0.160968 , 0.084 , 160.968 , 161.212968
0.161198 , 0.101 , 161.198 , 161.460198
0.161462 , 0.084 , 161.462 , 161.707462
0.161706 , 0.098 , 161.706 , 161.965706
0.161938 , 0.1 , 161.938 , 162.199938
0.1622 , 0.101 , 162.2 , 162.4632
0.162464 , 0.084 , 162.464 , 162.710464
0.162706 , 0.099 , 162.706 , 162.967706
0.16297 , 0.084 , 162.97 , 163.21697
0.1632 , 0.1 , 163.2 , 163.4632
0.163464 , 0.084 , 163.464 , 163.711464
0.163706 , 0.08 , 163.706 , 163.949706
0.163938 , 0.1 , 163.938 , 164.201938
0.1642 , 0.085 , 164.2 , 164.4492
0.164432 , 0.1 , 164.432 , 164.696432
0.164705 , 0.079 , 164.705 , 164.948705
0.16494 , 0.084 , 164.94 , 165.18894
0.165172 , 0.085 , 165.172 , 165.422172
0.165434 , 0.1 , 165.434 , 165.699434
0.165705 , 0.08 , 165.705 , 165.950705
0.16594 , 0.085 , 165.94 , 166.19094
0.166172 , 0.101 , 166.172 , 166.439172
0.166436 , 0.084 , 166.436 , 166.686436
0.166668 , 0.099 , 166.668 , 166.933668
0.16691 , 0.1 , 166.91 , 167.17691
0.167174 , 0.084 , 167.174 , 167.425174
0.167404 , 0.1 , 167.404 , 167.671404
0.167668 , 0.083 , 167.668 , 167.918668
0.16791 , 0.1 , 167.91 , 168.17791
0.16814 , 0.085 , 168.14 , 168.39314
0.168404 , 0.101 , 168.404 , 168.673404
0.168668 , 0.084 , 168.668 , 168.920668
0.16991 , 0.097 , 168.91 , 169.17691
0.169142 , 0.101 , 169.142 , 169.412142
0.169406 , 0.084 , 169.406 , 169.659406
0.169638 , 0.099 , 169.638 , 169.906638
0.16991 , 0.079 , 169.91 , 170.15891
0.170144 , 0.099 , 170.144 , 170.413144
0.170406 , 0.084 , 170.406 , 170.660406
0.170638 , 0.099 , 170.638 , 170.907638
0.170902 , 0.083 , 170.902 , 171.155902
0.171142 , 0.085 , 171.142 , 171.398142
0.171374 , 0.101 , 171.374 , 171.646374
0.171638 , 0.084 , 171.638 , 171.893638
0.17187 , 0.084 , 171.87 , 172.12587
0.172112 , 0.098 , 172.112 , 172.382112
0.172344 , 0.1 , 172.344 , 172.616344
0.172608 , 0.084 , 172.608 , 172.864608
0.17284 , 0.099 , 172.84 , 173.11184
0.173112 , 0.078 , 173.112 , 173.363112
0.173354 , 0.081 , 173.354 , 173.608354
0.173578 , 0.101 , 173.578 , 173.852578
0.173844 , 0.083 , 173.844 , 174.100844
0.174072 , 0.1 , 174.072 , 174.346072
0.174314 , 0.101 , 174.314 , 174.589314
0.174578 , 0.084 , 174.578 , 174.836578
0.174808 , 0.101 , 174.808 , 175.083808
0.175072 , 0.084 , 175.072 , 175.331072
0.191316 , 0.079 , 175.316 , 175.586316
0.175548 , 0.1 , 175.548 , 175.823548
0.17581 , 0.084 , 175.81 , 176.06981
0.176042 , 0.099 , 176.042 , 176.317042
0.176311 , 0.08 , 176.311 , 176.567311
0.192548 , 0.084 , 176.548 , 176.824548
0.17681 , 0.085 , 176.81 , 177.07181
0.177042 , 0.1 , 177.042 , 177.319042
0.177313 , 0.082 , 177.313 , 177.572313
0.177548 , 0.084 , 177.548 , 177.809548
0.177778 , 0.1 , 177.778 , 178.055778
0.17801 , 0.084 , 178.01 , 178.27201
0.178274 , 0.099 , 178.274 , 178.551274
0.178516 , 0.101 , 178.516 , 178.795516
0.17878 , 0.085 , 178.78 , 179.04378
0.179012 , 0.1 , 179.012 , 179.291012
0.179274 , 0.085 , 179.274 , 179.538274
0.17952 , 0.096 , 179.52 , 179.79552
0.17975 , 0.1 , 179.75 , 180.02975
0.180014 , 0.084 , 180.014 , 180.278014
0.180244 , 0.1 , 180.244 , 180.524244
0.18051 , 0.083 , 180.51 , 180.77351
0.18075 , 0.085 , 180.75 , 181.01575
0.180982 , 0.1 , 180.982 , 181.262982
0.181244 , 0.085 , 181.244 , 181.510244
0.181478 , 0.099 , 181.478 , 181.758478
0.18172 , 0.101 , 181.72 , 182.00272
0.181984 , 0.084 , 181.984 , 182.249984
0.182216 , 0.1 , 182.216 , 182.498216
0.182478 , 0.084 , 182.478 , 182.744478
0.182722 , 0.078 , 182.722 , 182.982722
0.182954 , 0.085 , 182.954 , 183.221954
0.183186 , 0.1 , 183.186 , 183.469186
0.183448 , 0.085 , 183.448 , 183.716448
0.18368 , 0.1 , 183.68 , 183.96368
0.183924 , 0.1 , 183.924 , 184.207924
0.199188 , 0.084 , 184.188 , 184.471188
0.184418 , 0.1 , 184.418 , 184.702418
0.184682 , 0.084 , 184.682 , 184.950682
0.184924 , 0.1 , 184.924 , 185.208924
0.185188 , 0.084 , 185.188 , 185.457188
0.185418 , 0.085 , 185.418 , 185.688418
0.18565 , 0.1 , 185.65 , 185.93565
0.185918 , 0.082 , 185.918 , 186.185918
0.186156 , 0.085 , 186.156 , 186.427156
0.186388 , 0.1 , 186.388 , 186.674388
0.186652 , 0.084 , 186.652 , 186.922652
0.186882 , 0.1 , 186.882 , 187.168882
0.187126 , 0.101 , 187.126 , 187.414126
0.18739 , 0.084 , 187.39 , 187.66139
0.187622 , 0.1 , 187.622 , 187.909622
0.187884 , 0.084 , 187.884 , 188.155884
0.188128 , 0.094 , 188.128 , 188.410128
0.18836 , 0.1 , 188.36 , 188.64836
0.188622 , 0.085 , 188.622 , 188.895622
0.188854 , 0.1 , 188.854 , 189.142854
0.18912 , 0.083 , 189.12 , 189.39212
0.189362 , 0.084 , 189.362 , 189.635362
0.189594 , 0.1 , 189.594 , 189.883594
0.189856 , 0.085 , 189.856 , 190.130856
0.190088 , 0.1 , 190.088 , 190.378088
0.190332 , 0.1 , 190.332 , 190.622332
0.190594 , 0.084 , 190.594 , 190.868594
0.190824 , 0.101 , 190.824 , 191.115824
0.191088 , 0.084 , 191.088 , 191.363088
0.20733 , 0.078 , 191.33 , 191.61533
0.191562 , 0.085 , 191.562 , 191.838562
0.19181 , 0.085 , 191.81 , 192.08681
0.192058 , 0.084 , 192.058 , 192.334058
0.192288 , 0.1 , 192.288 , 192.580288
0.192534 , 0.1 , 192.534 , 192.826534
0.192796 , 0.085 , 192.796 , 193.073796
0.193028 , 0.101 , 193.028 , 193.322028
0.193292 , 0.084 , 193.292 , 193.569292
0.193534 , 0.078 , 193.534 , 193.805534
0.193768 , 0.084 , 193.768 , 194.045768
0.194 , 0.084 , 194 , 194.278
0.194262 , 0.085 , 194.262 , 194.541262
0.194494 , 0.084 , 194.494 , 194.772494
0.194738 , 0.097 , 194.738 , 195.029738
0.19497 , 0.1 , 194.97 , 195.26497
0.195232 , 0.085 , 195.232 , 195.512232
0.195464 , 0.084 , 195.464 , 195.743464
0.195694 , 0.1 , 195.694 , 195.989694
0.195938 , 0.101 , 195.938 , 196.234938
0.196202 , 0.084 , 196.202 , 196.482202
0.196432 , 0.085 , 196.432 , 196.713432
0.196664 , 0.1 , 196.664 , 196.960664
0.196932 , 0.082 , 196.932 , 197.210932
0.19717 , 0.085 , 197.17 , 197.45217
0.197402 , 0.084 , 197.402 , 197.683402
0.197634 , 0.1 , 197.634 , 197.931634
0.197896 , 0.085 , 197.896 , 198.178896
0.19814 , 0.094 , 198.14 , 198.43214
0.198372 , 0.1 , 198.372 , 198.670372
0.198634 , 0.085 , 198.634 , 198.917634
0.198866 , 0.084 , 198.866 , 199.148866
0.199096 , 0.1 , 199.096 , 199.395096
0.20034 , 0.098 , 199.34 , 199.63834
0.199572 , 0.1 , 199.572 , 199.871572
0.199834 , 0.085 , 199.834 , 200.118834
0.200066 , 0.1 , 200.066 , 200.366066
0.20034 , 0.094 , 200.34 , 200.63434
0.200572 , 0.101 , 200.572 , 200.873572
0.200836 , 0.085 , 200.836 , 201.121836
0.201068 , 0.084 , 201.068 , 201.353068
0.2013 , 0.099 , 201.3 , 201.6003
0.201542 , 0.101 , 201.542 , 201.844542
0.201806 , 0.084 , 201.806 , 202.091806
0.202038 , 0.084 , 202.038 , 202.324038
0.2023 , 0.084 , 202.3 , 202.5863
0.202544 , 0.1 , 202.544 , 202.846544
0.202806 , 0.084 , 202.806 , 203.092806
0.203068 , 0.085 , 203.068 , 203.356068
0.2033 , 0.1 , 203.3 , 203.6033
0.203574 , 0.085 , 203.574 , 203.862574
0.203806 , 0.1 , 203.806 , 204.109806
0.20407 , 0.084 , 204.07 , 204.35807
0.2043 , 0.085 , 204.3 , 204.5893
0.204544 , 0.078 , 204.544 , 204.826544
0.204776 , 0.084 , 204.776 , 205.064776
0.205008 , 0.1 , 205.008 , 205.313008
0.20527 , 0.085 , 205.27 , 205.56027
0.205502 , 0.084 , 205.502 , 205.791502
0.205746 , 0.078 , 205.746 , 206.029746
0.205978 , 0.085 , 205.978 , 206.268978
0.20621 , 0.1 , 206.21 , 206.51621
0.206472 , 0.085 , 206.472 , 206.763472
0.206704 , 0.084 , 206.704 , 206.994704
0.206948 , 0.095 , 206.948 , 207.249948
0.20718 , 0.084 , 207.18 , 207.47118
0.207412 , 0.084 , 207.412 , 207.703412
0.207644 , 0.1 , 207.644 , 207.951644
0.207906 , 0.084 , 207.906 , 208.197906
0.20815 , 0.078 , 208.15 , 208.43615
0.208382 , 0.084 , 208.382 , 208.674382
0.208614 , 0.1 , 208.614 , 208.922614
0.208876 , 0.085 , 208.876 , 209.169876
0.209108 , 0.084 , 209.108 , 209.401108
0.20935 , 0.095 , 209.35 , 209.65435
0.209584 , 0.084 , 209.584 , 209.877584
0.209814 , 0.1 , 209.814 , 210.123814
0.210076 , 0.085 , 210.076 , 210.371076
0.210308 , 0.084 , 210.308 , 210.602308
0.210552 , 0.094 , 210.552 , 210.856552
0.210784 , 0.084 , 210.784 , 211.078784
0.211014 , 0.1 , 211.014 , 211.325014
0.211278 , 0.084 , 211.278 , 211.573278
0.211508 , 0.084 , 211.508 , 211.803508
0.211752 , 0.078 , 211.752 , 212.041752
0.211986 , 0.084 , 211.986 , 212.281986
0.212218 , 0.084 , 212.218 , 212.514218
0.212448 , 0.085 , 212.448 , 212.745448
0.21268 , 0.1 , 212.68 , 212.99268
0.212948 , 0.082 , 212.948 , 213.242948
0.213186 , 0.085 , 213.186 , 213.484186
0.213418 , 0.084 , 213.418 , 213.715418
0.22965 , 0.084 , 213.65 , 213.96365
0.213912 , 0.084 , 213.912 , 214.209912
0.214154 , 0.079 , 214.154 , 214.447154
0.214388 , 0.084 , 214.388 , 214.686388
0.21462 , 0.084 , 214.62 , 214.91862
0.21485 , 0.085 , 214.85 , 215.14985
0.215082 , 0.1 , 215.082 , 215.397082
0.215348 , 0.083 , 215.348 , 215.646348
0.215558 , 0.1 , 215.558 , 215.873558
0.21582 , 0.085 , 215.82 , 216.12082
0.216052 , 0.085 , 216.052 , 216.353052
0.216284 , 0.084 , 216.284 , 216.584284
0.21653 , 0.084 , 216.53 , 216.83053
0.216758 , 0.1 , 216.758 , 217.074758
0.217022 , 0.084 , 217.022 , 217.323022
0.217254 , 0.084 , 217.254 , 217.555254
0.217486 , 0.084 , 217.486 , 217.787486
0.217716 , 0.1 , 217.716 , 218.033716
0.21796 , 0.097 , 217.96 , 218.27496
0.234192 , 0.084 , 218.192 , 218.510192
0.218454 , 0.085 , 218.454 , 218.757454
0.218686 , 0.084 , 218.686 , 218.988686
0.218916 , 0.1 , 218.916 , 219.234916
0.21916 , 0.098 , 219.16 , 219.47716
0.219392 , 0.1 , 219.392 , 219.711392
0.219656 , 0.084 , 219.656 , 219.959656
0.219886 , 0.085 , 219.886 , 220.190886
0.236118 , 0.084 , 220.118 , 220.438118
0.220362 , 0.094 , 220.362 , 220.676362
0.220594 , 0.084 , 220.594 , 220.898594
0.220824 , 0.1 , 220.824 , 221.144824
0.221086 , 0.085 , 221.086 , 221.392086
0.221318 , 0.084 , 221.318 , 221.623318
0.221562 , 0.078 , 221.562 , 221.861562
0.221794 , 0.085 , 221.794 , 222.100794
0.222026 , 0.101 , 222.026 , 222.349026
0.22229 , 0.084 , 222.29 , 222.59629
0.22252 , 0.085 , 222.52 , 222.82752
0.222764 , 0.079 , 222.764 , 223.065764
0.222996 , 0.085 , 222.996 , 223.303996
0.223228 , 0.085 , 223.228 , 223.536228
0.223492 , 0.084 , 223.492 , 223.799492
0.223726 , 0.082 , 223.726 , 224.031726
0.223966 , 0.079 , 223.966 , 224.268966
0.224198 , 0.084 , 224.198 , 224.506198
0.22443 , 0.084 , 224.43 , 224.73843
0.22466 , 0.101 , 224.66 , 224.98566
0.224924 , 0.084 , 224.924 , 225.232924
0.225166 , 0.078 , 225.166 , 225.469166
0.225398 , 0.084 , 225.398 , 225.707398
0.22563 , 0.084 , 225.63 , 225.93963
0.225862 , 0.084 , 225.862 , 226.171862
0.226124 , 0.084 , 226.124 , 226.434124
0.226362 , 0.08 , 226.362 , 226.668362
0.226598 , 0.085 , 226.598 , 226.909598
0.22683 , 0.085 , 226.83 , 227.14183
0.227062 , 0.1 , 227.062 , 227.389062
0.227324 , 0.084 , 227.324 , 227.635324
0.227568 , 0.078 , 227.568 , 227.873568
0.227798 , 0.1 , 227.798 , 228.125798
0.228062 , 0.084 , 228.062 , 228.374062
0.228292 , 0.099 , 228.292 , 228.619292
0.228568 , 0.078 , 228.568 , 228.874568
0.2288 , 0.084 , 228.8 , 229.1128
0.229032 , 0.1 , 229.032 , 229.361032
0.229294 , 0.084 , 229.294 , 229.607294
0.22954 , 0.084 , 229.54 , 229.85354
0.230768 , 0.099 , 229.768 , 230.097768
0.23 , 0.1 , 230 , 230.33
0.230262 , 0.085 , 230.262 , 230.577262
0.230494 , 0.085 , 230.494 , 230.809494
0.230726 , 0.084 , 230.726 , 231.040726
0.230972 , 0.094 , 230.972 , 231.296972
0.231204 , 0.084 , 231.204 , 231.519204
0.231434 , 0.084 , 231.434 , 231.749434
0.231664 , 0.101 , 231.664 , 231.996664
0.231928 , 0.084 , 231.928 , 232.243928
0.232172 , 0.078 , 232.172 , 232.482172
0.232404 , 0.084 , 232.404 , 232.720404
0.232634 , 0.085 , 232.634 , 232.951634
0.232866 , 0.1 , 232.866 , 233.198866
0.233128 , 0.085 , 233.128 , 233.446128
0.233372 , 0.079 , 233.372 , 233.684372
0.233606 , 0.085 , 233.606 , 233.924606
0.233838 , 0.084 , 233.838 , 234.155838
0.23407 , 0.084 , 234.07 , 234.38807
0.2343 , 0.084 , 234.3 , 234.6183
0.234532 , 0.084 , 234.532 , 234.850532
0.234776 , 0.078 , 234.776 , 235.088776
0.235008 , 0.085 , 235.008 , 235.328008
0.23524 , 0.084 , 235.24 , 235.55924
0.235472 , 0.1 , 235.472 , 235.807472
0.235734 , 0.084 , 235.734 , 236.053734
0.235978 , 0.078 , 235.978 , 236.291978
0.236208 , 0.085 , 236.208 , 236.529208
0.23644 , 0.085 , 236.44 , 236.76144
0.236672 , 0.084 , 236.672 , 236.992672
0.251904 , 0.084 , 236.904 , 237.239904
0.23717 , 0.083 , 237.17 , 237.49017
0.237378 , 0.1 , 237.378 , 237.715378
0.23764 , 0.085 , 237.64 , 237.96264
0.237872 , 0.085 , 237.872 , 238.194872
0.238104 , 0.084 , 238.104 , 238.426104
0.238334 , 0.085 , 238.334 , 238.657334
0.239578 , 0.095 , 238.578 , 238.912578
0.238812 , 0.084 , 238.812 , 239.134812
0.255074 , 0.069 , 239.074 , 239.398074
0.239306 , 0.085 , 239.306 , 239.630306
0.239538 , 0.085 , 239.538 , 239.862538
0.23978 , 0.078 , 239.78 , 240.09778
0.240014 , 0.085 , 240.014 , 240.339014
0.240246 , 0.084 , 240.246 , 240.570246
0.240478 , 0.084 , 240.478 , 240.802478
0.24071 , 0.099 , 240.71 , 241.04971
0.24098 , 0.08 , 240.98 , 241.30098
0.241214 , 0.085 , 241.214 , 241.540214
0.241446 , 0.085 , 241.446 , 241.772446
0.241678 , 0.085 , 241.678 , 242.004678
0.24191 , 0.084 , 241.91 , 242.23591
0.242142 , 0.084 , 242.142 , 242.468142
0.242386 , 0.078 , 242.386 , 242.706386
0.242618 , 0.084 , 242.618 , 242.944618
0.24285 , 0.084 , 242.85 , 243.17685
0.24308 , 0.085 , 243.08 , 243.40808
0.243312 , 0.084 , 243.312 , 243.639312
0.243576 , 0.07 , 243.576 , 243.889576
0.244788 , 0.095 , 243.788 , 244.127788
0.24402 , 0.084 , 244.02 , 244.34802
0.244252 , 0.084 , 244.252 , 244.580252
0.259482 , 0.085 , 244.482 , 244.826482
0.244746 , 0.084 , 244.746 , 245.074746
0.244982 , 0.081 , 244.982 , 245.307982
0.245188 , 0.1 , 245.188 , 245.533188
0.24545 , 0.085 , 245.45 , 245.78045
0.245682 , 0.085 , 245.682 , 246.012682
0.245914 , 0.085 , 245.914 , 246.244914
0.246146 , 0.084 , 246.146 , 246.476146
0.246388 , 0.079 , 246.388 , 246.713388
0.24662 , 0.085 , 246.62 , 246.95162
0.246852 , 0.085 , 246.852 , 247.183852
0.247084 , 0.085 , 247.084 , 247.416084
0.247316 , 0.084 , 247.316 , 247.647316
0.247546 , 0.085 , 247.546 , 247.878546
0.24779 , 0.079 , 247.79 , 248.11679
0.248022 , 0.084 , 248.022 , 248.354022
0.248252 , 0.085 , 248.252 , 248.585252
0.248484 , 0.084 , 248.484 , 248.816484
0.248714 , 0.085 , 248.714 , 249.047714
0.248946 , 0.084 , 248.946 , 249.278946
0.24919 , 0.095 , 249.19 , 249.53419
0.249422 , 0.084 , 249.422 , 249.755422
0.249654 , 0.084 , 249.654 , 249.987654
0.249884 , 0.085 , 249.884 , 250.218884
0.250116 , 0.068 , 250.116 , 250.434116
0.250348 , 0.1 , 250.348 , 250.698348
0.25059 , 0.099 , 250.59 , 250.93959
0.265852 , 0.07 , 250.852 , 251.187852
0.251084 , 0.085 , 251.084 , 251.420084
0.251316 , 0.085 , 251.316 , 251.652316
0.251548 , 0.084 , 251.548 , 251.883548
0.25179 , 0.079 , 251.79 , 252.12079
0.252024 , 0.084 , 252.024 , 252.360024
0.252256 , 0.084 , 252.256 , 252.592256
0.252518 , 0.084 , 252.518 , 252.854518
0.25275 , 0.084 , 252.75 , 253.08675
0.252994 , 0.1 , 252.994 , 253.346994
0.253256 , 0.085 , 253.256 , 253.594256
0.253488 , 0.085 , 253.488 , 253.826488
0.253754 , 0.067 , 253.754 , 254.074754
0.253982 , 0.069 , 253.982 , 254.304982
0.254194 , 0.094 , 254.194 , 254.542194
0.254426 , 0.085 , 254.426 , 254.765426
0.254658 , 0.084 , 254.658 , 254.996658
0.25489 , 0.084 , 254.89 , 255.22889
0.255122 , 0.084 , 255.122 , 255.461122
0.255352 , 0.084 , 255.352 , 255.691352
0.255596 , 0.079 , 255.596 , 255.930596
0.255828 , 0.085 , 255.828 , 256.168828
0.25606 , 0.085 , 256.06 , 256.40106
0.256292 , 0.084 , 256.292 , 256.632292
0.256524 , 0.084 , 256.524 , 256.864524
0.256754 , 0.084 , 256.754 , 257.094754
0.256998 , 0.078 , 256.998 , 257.332998
0.258198 , 0.095 , 257.198 , 257.551198
0.25743 , 0.084 , 257.43 , 257.77143
0.25766 , 0.085 , 257.66 , 258.00266
0.257892 , 0.084 , 257.892 , 258.233892
0.258124 , 0.084 , 258.124 , 258.466124
0.258354 , 0.085 , 258.354 , 258.697354
0.258598 , 0.079 , 258.598 , 258.935598
0.25883 , 0.084 , 258.83 , 259.17283
0.259062 , 0.085 , 259.062 , 259.406062
0.259294 , 0.085 , 259.294 , 259.638294
0.259526 , 0.084 , 259.526 , 259.869526
0.259756 , 0.084 , 259.756 , 260.099756
0.259996 , 0.08 , 259.996 , 260.335996
0.2602 , 0.094 , 260.2 , 260.5542
0.260432 , 0.084 , 260.432 , 260.776432
0.260662 , 0.085 , 260.662 , 261.007662
0.260894 , 0.085 , 260.894 , 261.239894
0.261126 , 0.084 , 261.126 , 261.471126
0.261356 , 0.084 , 261.356 , 261.701356
0.2616 , 0.078 , 261.6 , 261.9396
0.261832 , 0.083 , 261.832 , 262.176832
0.262062 , 0.084 , 262.062 , 262.408062
0.262294 , 0.084 , 262.294 , 262.640294
0.262526 , 0.084 , 262.526 , 262.872526
0.262756 , 0.084 , 262.756 , 263.102756
0.277994 , 0.065 , 262.994 , 263.336994
0.2632 , 0.098 , 263.2 , 263.5612
0.26343 , 0.069 , 263.43 , 263.76243
0.263662 , 0.084 , 263.662 , 264.009662
0.263894 , 0.084 , 263.894 , 264.241894
0.264124 , 0.085 , 264.124 , 264.473124
0.264356 , 0.084 , 264.356 , 264.704356
0.2646 , 0.078 , 264.6 , 264.9426
0.26483 , 0.082 , 264.83 , 265.17683
0.265062 , 0.069 , 265.062 , 265.396062
0.265294 , 0.068 , 265.294 , 265.627294
0.265492 , 0.085 , 265.492 , 265.842492
0.265724 , 0.085 , 265.724 , 266.074724
0.265956 , 0.073 , 265.956 , 266.294956
0.2662 , 0.078 , 266.2 , 266.5442
0.266432 , 0.084 , 266.432 , 266.782432
0.266662 , 0.085 , 266.662 , 267.013662
0.266894 , 0.085 , 266.894 , 267.245894
0.267126 , 0.069 , 267.126 , 267.462126
0.267358 , 0.084 , 267.358 , 267.709358
0.26759 , 0.082 , 267.59 , 267.93959
0.2678 , 0.079 , 267.8 , 268.1468
0.268034 , 0.084 , 268.034 , 268.386034
0.268266 , 0.084 , 268.266 , 268.618266
0.268496 , 0.085 , 268.496 , 268.849496
0.268728 , 0.084 , 268.728 , 269.080728
0.26896 , 0.084 , 268.96 , 269.31296
0.269203 , 0.078 , 269.203 , 269.550203
0.269404 , 0.1 , 269.404 , 269.773404
0.269666 , 0.069 , 269.666 , 270.004666
0.269898 , 0.069 , 269.898 , 270.236898
0.27013 , 0.084 , 270.13 , 270.48413
0.270362 , 0.068 , 270.362 , 270.700362
0.270592 , 0.084 , 270.592 , 270.946592
0.270804 , 0.096 , 270.804 , 271.170804
0.271038 , 0.083 , 271.038 , 271.392038
0.271268 , 0.084 , 271.268 , 271.623268
0.2715 , 0.084 , 271.5 , 271.8555
0.271732 , 0.068 , 271.732 , 272.071732
0.271962 , 0.085 , 271.962 , 272.318962
0.272196 , 0.068 , 272.196 , 272.536196
0.272408 , 0.078 , 272.408 , 272.758408
0.272638 , 0.085 , 272.638 , 272.995638
0.27287 , 0.069 , 272.87 , 273.21187
0.273102 , 0.068 , 273.102 , 273.443102
0.273302 , 0.084 , 273.302 , 273.659302
0.273532 , 0.085 , 273.532 , 273.890532
0.273766 , 0.083 , 273.766 , 274.122766
0.274008 , 0.078 , 274.008 , 274.360008
0.274208 , 0.078 , 274.208 , 274.560208
0.27444 , 0.084 , 274.44 , 274.79844
0.27467 , 0.085 , 274.67 , 275.02967
0.274902 , 0.069 , 274.902 , 275.245902
0.275102 , 0.085 , 275.102 , 275.462102
0.275334 , 0.084 , 275.334 , 275.693334
0.275564 , 0.085 , 275.564 , 275.924564
0.275808 , 0.079 , 275.808 , 276.162808
0.27704 , 0.08 , 276.04 , 276.39704
0.276242 , 0.084 , 276.242 , 276.602242
0.276472 , 0.085 , 276.472 , 276.833472
0.276704 , 0.085 , 276.704 , 277.065704
0.276936 , 0.069 , 276.936 , 277.281936
0.277168 , 0.068 , 277.168 , 277.513168
0.277366 , 0.085 , 277.366 , 277.728366
0.27761 , 0.079 , 277.61 , 277.96661
0.277842 , 0.079 , 277.842 , 278.198842
0.278044 , 0.084 , 278.044 , 278.406044
0.278274 , 0.085 , 278.274 , 278.637274
0.278506 , 0.085 , 278.506 , 278.869506
0.278738 , 0.069 , 278.738 , 279.085738
0.278938 , 0.084 , 278.938 , 279.300938
0.279168 , 0.085 , 279.168 , 279.532168
0.279412 , 0.078 , 279.412 , 279.769412
0.279612 , 0.095 , 279.612 , 279.986612
0.279846 , 0.084 , 279.846 , 280.209846
0.280076 , 0.085 , 280.076 , 280.441076
0.280308 , 0.085 , 280.308 , 280.673308
0.28054 , 0.069 , 280.54 , 280.88954
0.28074 , 0.084 , 280.74 , 281.10474
0.280972 , 0.084 , 280.972 , 281.336972
0.281216 , 0.078 , 281.216 , 281.575216
0.281416 , 0.098 , 281.416 , 281.795416
0.281648 , 0.084 , 281.648 , 282.013648
0.28188 , 0.084 , 281.88 , 282.24588
0.28211 , 0.085 , 282.11 , 282.47711
0.282342 , 0.085 , 282.342 , 282.709342
0.282574 , 0.084 , 282.574 , 282.940574
0.282816 , 0.079 , 282.816 , 283.177816
0.283018 , 0.094 , 283.018 , 283.395018
0.28325 , 0.084 , 283.25 , 283.61725
0.283482 , 0.084 , 283.482 , 283.849482
0.283716 , 0.083 , 283.716 , 284.082716
0.283944 , 0.085 , 283.944 , 284.312944
0.284176 , 0.068 , 284.176 , 284.528176
0.284374 , 0.069 , 284.374 , 284.727374
0.28462 , 0.078 , 284.62 , 284.98262
0.285852 , 0.082 , 284.852 , 285.219852
0.300084 , 0.069 , 285.084 , 285.453084
0.285314 , 0.069 , 285.314 , 285.668314
0.285514 , 0.085 , 285.514 , 285.884514
0.285746 , 0.084 , 285.746 , 286.115746
0.285978 , 0.084 , 285.978 , 286.347978
0.28622 , 0.079 , 286.22 , 286.58522
0.286422 , 0.078 , 286.422 , 286.786422
0.286654 , 0.084 , 286.654 , 287.024654
0.286884 , 0.085 , 286.884 , 287.255884
0.287116 , 0.084 , 287.116 , 287.487116
0.287346 , 0.07 , 287.346 , 287.703346
0.287548 , 0.084 , 287.548 , 287.919548
0.287778 , 0.085 , 287.778 , 288.150778
0.288022 , 0.063 , 288.022 , 288.373022
0.288224 , 0.078 , 288.224 , 288.590224
0.288456 , 0.084 , 288.456 , 288.828456
0.288688 , 0.068 , 288.688 , 289.044688
0.288888 , 0.085 , 288.888 , 289.261888
0.28912 , 0.084 , 289.12 , 289.49312
0.304352 , 0.069 , 289.352 , 289.725352
0.289584 , 0.068 , 289.584 , 289.941584
0.289782 , 0.085 , 289.782 , 290.156782
0.290028 , 0.078 , 290.028 , 290.396028
0.290226 , 0.079 , 290.226 , 290.595226
0.29046 , 0.084 , 290.46 , 290.83446
0.29069 , 0.085 , 290.69 , 291.06569
0.290922 , 0.069 , 290.922 , 291.281922
0.291122 , 0.085 , 291.122 , 291.498122
0.291354 , 0.084 , 291.354 , 291.729354
0.291584 , 0.084 , 291.584 , 291.959584
0.291822 , 0.066 , 291.822 , 292.179822
0.292028 , 0.078 , 292.028 , 292.398028
0.29326 , 0.083 , 292.26 , 292.63626
0.292492 , 0.069 , 292.492 , 292.853492
0.292694 , 0.084 , 292.694 , 293.070694
0.292924 , 0.085 , 292.924 , 293.301924
0.293156 , 0.069 , 293.156 , 293.518156
0.293356 , 0.085 , 293.356 , 293.734356
0.293588 , 0.085 , 293.588 , 293.966588
0.29383 , 0.079 , 293.83 , 294.20283
0.294032 , 0.078 , 294.032 , 294.404032
0.294264 , 0.085 , 294.264 , 294.643264
0.294496 , 0.069 , 294.496 , 294.859496
0.294696 , 0.085 , 294.696 , 295.075696
0.294928 , 0.085 , 294.928 , 295.307928
0.29516 , 0.069 , 295.16 , 295.52416
0.29538 , 0.074 , 295.38 , 295.74938
0.29559 , 0.085 , 295.59 , 295.97059
0.310836 , 0.063 , 295.836 , 296.209836
0.296036 , 0.078 , 296.036 , 296.410036
0.296268 , 0.083 , 296.268 , 296.647268
0.296468 , 0.084 , 296.468 , 296.848468
0.2967 , 0.084 , 296.7 , 297.0807
0.29693 , 0.085 , 296.93 , 297.31193
0.297162 , 0.069 , 297.162 , 297.528162
0.297364 , 0.084 , 297.364 , 297.745364
0.297594 , 0.084 , 297.594 , 297.975594
0.297833 , 0.065 , 297.833 , 298.195833
0.29804 , 0.078 , 298.04 , 298.41604
0.29827 , 0.08 , 298.27 , 298.64827
0.29847 , 0.084 , 298.47 , 298.85247
0.2987 , 0.069 , 298.7 , 299.0677
0.298932 , 0.069 , 298.932 , 299.299932
0.299132 , 0.085 , 299.132 , 299.516132
0.299364 , 0.069 , 299.364 , 299.732364
0.299594 , 0.069 , 299.594 , 299.962594
0.299794 , 0.084 , 299.794 , 300.177794
0.300034 , 0.063 , 300.034 , 300.397034
0.300238 , 0.078 , 300.238 , 300.616238
0.30047 , 0.062 , 300.47 , 300.83247
0.30067 , 0.084 , 300.67 , 301.05467
0.3009 , 0.069 , 300.9 , 301.2699
0.301132 , 0.069 , 301.132 , 301.502132
0.301332 , 0.085 , 301.332 , 301.718332
0.301564 , 0.069 , 301.564 , 301.934564
0.301764 , 0.084 , 301.764 , 302.149764
0.301994 , 0.069 , 301.994 , 302.364994
0.302228 , 0.067 , 302.228 , 302.597228
0.317438 , 0.064 , 302.438 , 302.819438
0.302638 , 0.078 , 302.638 , 303.018638
0.30287 , 0.085 , 302.87 , 303.25787
0.303102 , 0.069 , 303.102 , 303.474102
0.303304 , 0.084 , 303.304 , 303.691304
0.303536 , 0.069 , 303.536 , 303.908536
0.303738 , 0.083 , 303.738 , 304.124738
0.303966 , 0.084 , 303.966 , 304.353966
0.304196 , 0.07 , 304.196 , 304.570196
0.304398 , 0.084 , 304.398 , 304.786398
0.30464 , 0.063 , 304.64 , 305.00764
0.30484 , 0.079 , 304.84 , 305.22384
0.305072 , 0.062 , 305.072 , 305.439072
0.305272 , 0.084 , 305.272 , 305.661272
0.305504 , 0.069 , 305.504 , 305.878504
0.305704 , 0.084 , 305.704 , 306.093704
0.305934 , 0.084 , 305.934 , 306.323934
0.306166 , 0.069 , 306.166 , 306.541166
0.306366 , 0.084 , 306.366 , 306.756366
0.306596 , 0.069 , 306.596 , 306.971596
0.306798 , 0.084 , 306.798 , 307.188798
0.30704 , 0.063 , 307.04 , 307.41004
0.307242 , 0.078 , 307.242 , 307.627242
0.307472 , 0.063 , 307.472 , 307.842472
0.307674 , 0.082 , 307.674 , 308.063674
0.307904 , 0.069 , 307.904 , 308.280904
0.308106 , 0.069 , 308.106 , 308.483106
0.308306 , 0.069 , 308.306 , 308.683306
0.308538 , 0.068 , 308.538 , 308.914538
0.308736 , 0.085 , 308.736 , 309.129736
0.308968 , 0.084 , 308.968 , 309.360968
0.3092 , 0.069 , 309.2 , 309.5782
0.3094 , 0.084 , 309.4 , 309.7934
0.309637 , 0.066 , 309.637 , 310.012637
0.309844 , 0.063 , 309.844 , 310.216844
0.310044 , 0.078 , 310.044 , 310.432044
0.310276 , 0.062 , 310.276 , 310.648276
0.311476 , 0.082 , 310.476 , 310.869476
0.310706 , 0.07 , 310.706 , 311.086706
0.310908 , 0.068 , 310.908 , 311.286908
0.311108 , 0.069 , 311.108 , 311.488108
0.31134 , 0.068 , 311.34 , 311.71934
0.311538 , 0.085 , 311.538 , 311.934538
0.31177 , 0.069 , 311.77 , 312.15077
0.32797 , 0.069 , 311.97 , 312.36697
0.312202 , 0.068 , 312.202 , 312.582202
0.327402 , 0.069 , 312.402 , 312.798402
0.312636 , 0.067 , 312.636 , 313.015636
0.312846 , 0.062 , 312.846 , 313.220846
0.313046 , 0.078 , 313.046 , 313.437046
0.313276 , 0.063 , 313.276 , 313.652276
0.313478 , 0.083 , 313.478 , 313.874478
0.313712 , 0.067 , 313.712 , 314.092712
0.31391 , 0.069 , 313.91 , 314.29291
0.31411 , 0.085 , 314.11 , 314.50911
0.314342 , 0.068 , 314.342 , 314.724342
0.31454 , 0.07 , 314.54 , 314.92454
0.314772 , 0.069 , 314.772 , 315.155772
0.314974 , 0.084 , 314.974 , 315.372974
0.315204 , 0.068 , 315.204 , 315.587204
0.315404 , 0.084 , 315.404 , 315.803404
0.315638 , 0.067 , 315.638 , 316.020638
0.315848 , 0.063 , 315.848 , 316.226848
0.316048 , 0.079 , 316.048 , 316.443048
0.316248 , 0.078 , 316.248 , 316.642248
0.31748 , 0.08 , 316.48 , 316.87748
0.31668 , 0.085 , 316.68 , 317.08168
0.316912 , 0.069 , 316.912 , 317.297912
0.317112 , 0.085 , 317.112 , 317.514112
0.317344 , 0.068 , 317.344 , 317.729344
0.317544 , 0.069 , 317.544 , 317.930544
0.317774 , 0.069 , 317.774 , 318.160774
0.317974 , 0.069 , 317.974 , 318.360974
0.318174 , 0.085 , 318.174 , 318.577174
0.318406 , 0.069 , 318.406 , 318.793406
0.318606 , 0.069 , 318.606 , 318.993606
0.318838 , 0.069 , 318.838 , 319.225838
0.31905 , 0.063 , 319.05 , 319.43205
0.31925 , 0.079 , 319.25 , 319.64825
0.31945 , 0.079 , 319.45 , 319.84845
0.319682 , 0.063 , 319.682 , 320.064682
0.319882 , 0.083 , 319.882 , 320.284882
0.320114 , 0.068 , 320.114 , 320.502114
0.320314 , 0.069 , 320.314 , 320.703314
0.320514 , 0.085 , 320.514 , 320.919514
0.320746 , 0.069 , 320.746 , 321.135746
0.320946 , 0.085 , 320.946 , 321.351946
0.321178 , 0.069 , 321.178 , 321.568178
0.321378 , 0.068 , 321.378 , 321.767378
0.321578 , 0.084 , 321.578 , 321.983578
0.321808 , 0.069 , 321.808 , 322.198808
0.322008 , 0.069 , 322.008 , 322.399008
0.322208 , 0.069 , 322.208 , 322.599208
0.322446 , 0.065 , 322.446 , 322.833446
0.337652 , 0.063 , 322.652 , 323.052652
0.322852 , 0.078 , 322.852 , 323.252852
0.323084 , 0.062 , 323.084 , 323.469084
0.323284 , 0.08 , 323.284 , 323.687284
0.323484 , 0.084 , 323.484 , 323.891484
0.323718 , 0.068 , 323.718 , 324.109718
0.323916 , 0.069 , 323.916 , 324.308916
0.324116 , 0.085 , 324.116 , 324.525116
0.324348 , 0.069 , 324.348 , 324.741348
0.324548 , 0.069 , 324.548 , 324.941548
0.324748 , 0.085 , 324.748 , 325.157748
0.32498 , 0.07 , 324.98 , 325.37498
0.325182 , 0.068 , 325.182 , 325.575182
0.325384 , 0.083 , 325.384 , 325.792384
0.325612 , 0.069 , 325.612 , 326.006612
0.325812 , 0.069 , 325.812 , 326.206812
0.326044 , 0.069 , 326.044 , 326.439044
0.326256 , 0.063 , 326.256 , 326.645256
0.326456 , 0.062 , 326.456 , 326.844456
0.326656 , 0.078 , 326.656 , 327.060656
0.326888 , 0.062 , 326.888 , 327.276888
0.327088 , 0.078 , 327.088 , 327.493088
0.327288 , 0.084 , 327.288 , 327.699288
0.32752 , 0.069 , 327.52 , 327.91652
0.32772 , 0.069 , 327.72 , 328.11672
0.32792 , 0.085 , 327.92 , 328.33292
0.328152 , 0.069 , 328.152 , 328.549152
0.328354 , 0.068 , 328.354 , 328.750354
0.328552 , 0.084 , 328.552 , 328.964552
0.328784 , 0.069 , 328.784 , 329.181784
0.328984 , 0.069 , 328.984 , 329.381984
0.329184 , 0.084 , 329.184 , 329.597184
0.329414 , 0.069 , 329.414 , 329.812414
0.329614 , 0.069 , 329.614 , 330.012614
0.329814 , 0.069 , 329.814 , 330.212814
0.33005 , 0.067 , 330.05 , 330.44705
0.33026 , 0.062 , 330.26 , 330.65226
0.33046 , 0.078 , 330.46 , 330.86846
0.33066 , 0.078 , 330.66 , 331.06866
0.33089 , 0.063 , 330.89 , 331.28389
0.33209 , 0.081 , 331.09 , 331.50309
0.331292 , 0.084 , 331.292 , 331.707292
0.331524 , 0.069 , 331.524 , 331.924524
0.331724 , 0.068 , 331.724 , 332.123724
0.331922 , 0.085 , 331.922 , 332.338922
0.332154 , 0.069 , 332.154 , 332.555154
0.332354 , 0.069 , 332.354 , 332.755354
0.332554 , 0.085 , 332.554 , 332.971554
0.332786 , 0.069 , 332.786 , 333.187786
0.332986 , 0.068 , 332.986 , 333.386986
0.333186 , 0.084 , 333.186 , 333.603186
0.333416 , 0.069 , 333.416 , 333.818416
0.333616 , 0.07 , 333.616 , 334.019616
0.333818 , 0.068 , 333.818 , 334.219818
0.334052 , 0.067 , 334.052 , 334.453052
0.334262 , 0.062 , 334.262 , 334.658262
0.334462 , 0.062 , 334.462 , 334.858462
0.334662 , 0.078 , 334.662 , 335.074662
0.334878 , 0.063 , 334.878 , 335.275878
0.335096 , 0.062 , 335.096 , 335.493096
0.335294 , 0.084 , 335.294 , 335.713294
0.335526 , 0.069 , 335.526 , 335.930526
0.335726 , 0.069 , 335.726 , 336.130726
0.335928 , 0.069 , 335.928 , 336.332928
0.336128 , 0.069 , 336.128 , 336.533128
0.33636 , 0.069 , 336.36 , 336.76536
0.33656 , 0.069 , 336.56 , 336.96556
0.33676 , 0.069 , 336.76 , 337.16576
0.336992 , 0.069 , 336.992 , 337.397992
0.337192 , 0.069 , 337.192 , 337.598192
0.337394 , 0.068 , 337.394 , 337.799394
0.337624 , 0.069 , 337.624 , 338.030624
0.337824 , 0.069 , 337.824 , 338.230824
0.338024 , 0.069 , 338.024 , 338.431024
0.338224 , 0.085 , 338.224 , 338.647224
0.338458 , 0.068 , 338.458 , 338.864458
0.338668 , 0.063 , 338.668 , 339.069668
0.338868 , 0.063 , 338.868 , 339.269868
0.339068 , 0.079 , 339.068 , 339.486068
0.3393 , 0.063 , 339.3 , 339.7023
0.3395 , 0.063 , 339.5 , 339.9025
0.355702 , 0.062 , 339.702 , 340.119702
0.339902 , 0.083 , 339.902 , 340.324902
0.340132 , 0.069 , 340.132 , 340.541132
0.340332 , 0.069 , 340.332 , 340.741332
0.356534 , 0.068 , 340.534 , 340.958534
0.340764 , 0.069 , 340.764 , 341.173764
0.340964 , 0.069 , 340.964 , 341.373964
0.341196 , 0.069 , 341.196 , 341.606196
0.341396 , 0.069 , 341.396 , 341.806396
0.341596 , 0.068 , 341.596 , 342.005596
0.341796 , 0.084 , 341.796 , 342.221796
0.342026 , 0.069 , 342.026 , 342.437026
0.342226 , 0.069 , 342.226 , 342.637226
0.342426 , 0.069 , 342.426 , 342.837426
0.342626 , 0.069 , 342.626 , 343.037626
0.342826 , 0.085 , 342.826 , 343.253826
0.343066 , 0.065 , 343.066 , 343.474066
0.34327 , 0.063 , 343.27 , 343.67627
0.343472 , 0.062 , 343.472 , 343.877472
0.343672 , 0.063 , 343.672 , 344.078672
0.34387 , 0.078 , 343.87 , 344.29187
0.34407 , 0.078 , 344.07 , 344.49207
0.344302 , 0.067 , 344.302 , 344.713302
0.359502 , 0.063 , 344.502 , 344.924502
0.344702 , 0.084 , 344.702 , 345.130702
0.344934 , 0.069 , 344.934 , 345.347934
0.345134 , 0.069 , 345.134 , 345.548134
0.345334 , 0.069 , 345.334 , 345.748334
0.345534 , 0.069 , 345.534 , 345.948534
0.345736 , 0.084 , 345.736 , 346.165736
0.345968 , 0.068 , 345.968 , 346.381968
0.346168 , 0.068 , 346.168 , 346.582168
0.346366 , 0.069 , 346.366 , 346.781366
0.346566 , 0.069 , 346.566 , 346.981566
0.346768 , 0.084 , 346.768 , 347.198768
0.347 , 0.068 , 347 , 347.415
0.3472 , 0.069 , 347.2 , 347.6162
0.3474 , 0.068 , 347.4 , 347.8154
0.347598 , 0.069 , 347.598 , 348.014598
0.347798 , 0.085 , 347.798 , 348.230798
0.348032 , 0.068 , 348.032 , 348.448032
0.34823 , 0.069 , 348.23 , 348.64723
0.34843 , 0.069 , 348.43 , 348.84743
0.348632 , 0.068 , 348.632 , 349.048632
0.34883 , 0.069 , 348.83 , 349.24783
0.349032 , 0.069 , 349.032 , 349.450032
0.349232 , 0.084 , 349.232 , 349.665232
0.349464 , 0.068 , 349.464 , 349.881464
0.349667 , 0.066 , 349.667 , 350.082667
0.34987 , 0.064 , 349.87 , 350.28387
0.350074 , 0.063 , 350.074 , 350.487074
0.350276 , 0.062 , 350.276 , 350.688276
0.350474 , 0.063 , 350.474 , 350.887474
0.350674 , 0.063 , 350.674 , 351.087674
0.350876 , 0.062 , 350.876 , 351.288876
0.351076 , 0.063 , 351.076 , 351.490076
0.351276 , 0.079 , 351.276 , 351.706276
0.351476 , 0.078 , 351.476 , 351.905476
0.351676 , 0.078 , 351.676 , 352.105676
0.351908 , 0.062 , 351.908 , 352.321908
0.352108 , 0.062 , 352.108 , 352.522108
0.352308 , 0.1 , 352.308 , 352.760308
0.35257 , 0.069 , 352.57 , 352.99157
0.352802 , 0.069 , 352.802 , 353.223802
0.353004 , 0.068 , 353.004 , 353.425004
0.353204 , 0.069 , 353.204 , 353.626204
0.353404 , 0.069 , 353.404 , 353.826404
0.353604 , 0.07 , 353.604 , 354.027604
0.353806 , 0.068 , 353.806 , 354.227806
0.354004 , 0.069 , 354.004 , 354.427004
0.354204 , 0.069 , 354.204 , 354.627204
0.354404 , 0.068 , 354.404 , 354.826404
0.354604 , 0.069 , 354.604 , 355.027604
0.354804 , 0.069 , 354.804 , 355.227804
0.355004 , 0.069 , 355.004 , 355.428004
0.355204 , 0.069 , 355.204 , 355.628204
0.355404 , 0.069 , 355.404 , 355.828404
0.355604 , 0.069 , 355.604 , 356.028604
0.355804 , 0.069 , 355.804 , 356.228804
0.356036 , 0.069 , 356.036 , 356.461036
0.356236 , 0.053 , 356.236 , 356.645236
0.356436 , 0.069 , 356.436 , 356.861436
0.356636 , 0.069 , 356.636 , 357.061636
0.356836 , 0.069 , 356.836 , 357.261836
0.357036 , 0.069 , 357.036 , 357.462036
0.357236 , 0.069 , 357.236 , 357.662236
0.357438 , 0.068 , 357.438 , 357.863438
0.357638 , 0.068 , 357.638 , 358.063638
0.357836 , 0.07 , 357.836 , 358.263836
0.358038 , 0.069 , 358.038 , 358.465038
0.358238 , 0.069 , 358.238 , 358.665238
0.358438 , 0.069 , 358.438 , 358.865438
0.35864 , 0.069 , 358.64 , 359.06764
0.35884 , 0.068 , 358.84 , 359.26684
0.35904 , 0.069 , 359.04 , 359.46804
0.359242 , 0.068 , 359.242 , 359.669242
0.35944 , 0.069 , 359.44 , 359.86844
0.35964 , 0.069 , 359.64 , 360.06864
0.359842 , 0.069 , 359.842 , 360.270842
0.360042 , 0.069 , 360.042 , 360.471042
0.360242 , 0.068 , 360.242 , 360.670242
0.360442 , 0.069 , 360.442 , 360.871442
0.360642 , 0.069 , 360.642 , 361.071642
0.360842 , 0.069 , 360.842 , 361.271842
0.361044 , 0.068 , 361.044 , 361.473044
0.361274 , 0.053 , 361.274 , 361.688274
0.361444 , 0.053 , 361.444 , 361.858444
0.361644 , 0.068 , 361.644 , 362.073644
0.361844 , 0.068 , 361.844 , 362.273844
0.362042 , 0.069 , 362.042 , 362.473042
0.362244 , 0.068 , 362.244 , 362.674244
0.362442 , 0.074 , 362.442 , 362.878442
0.362652 , 0.064 , 362.652 , 363.078652
0.362844 , 0.068 , 362.844 , 363.274844
0.363044 , 0.068 , 363.044 , 363.475044
0.363242 , 0.069 , 363.242 , 363.674242
0.363442 , 0.069 , 363.442 , 363.874442
0.363642 , 0.07 , 363.642 , 364.075642
0.363846 , 0.067 , 363.846 , 364.276846
0.364044 , 0.068 , 364.044 , 364.476044
0.364242 , 0.069 , 364.242 , 364.675242
0.364442 , 0.069 , 364.442 , 364.875442
0.364642 , 0.054 , 364.642 , 365.060642
0.364812 , 0.069 , 364.812 , 365.245812
0.365012 , 0.068 , 365.012 , 365.445012
0.365212 , 0.068 , 365.212 , 365.645212
0.36541 , 0.069 , 365.41 , 365.84441
0.36561 , 0.069 , 365.61 , 366.04461
0.36581 , 0.069 , 365.81 , 366.24481
0.36601 , 0.069 , 366.01 , 366.44501
0.36621 , 0.069 , 366.21 , 366.64521
0.366412 , 0.053 , 366.412 , 366.831412
0.36658 , 0.069 , 366.58 , 367.01558
0.36678 , 0.069 , 366.78 , 367.21578
0.36698 , 0.069 , 366.98 , 367.41598
0.367182 , 0.069 , 367.182 , 367.618182
0.367382 , 0.069 , 367.382 , 367.818382
0.367582 , 0.069 , 367.582 , 368.018582
0.367782 , 0.069 , 367.782 , 368.218782
0.367982 , 0.069 , 367.982 , 368.418982
0.368182 , 0.068 , 368.182 , 368.618182
0.368382 , 0.053 , 368.382 , 368.803382
0.368552 , 0.068 , 368.552 , 368.988552
0.368752 , 0.069 , 368.752 , 369.189752
0.368952 , 0.069 , 368.952 , 369.389952
0.369152 , 0.069 , 369.152 , 369.590152
0.369354 , 0.068 , 369.354 , 369.791354
0.369552 , 0.068 , 369.552 , 369.989552
0.36972 , 0.082 , 369.72 , 370.17172
0.369922 , 0.078 , 369.922 , 370.369922
0.370122 , 0.063 , 370.122 , 370.555122
0.370322 , 0.063 , 370.322 , 370.755322
0.370522 , 0.063 , 370.522 , 370.955522
0.370722 , 0.062 , 370.722 , 371.154722
0.37089 , 0.079 , 370.89 , 371.33989
0.37109 , 0.063 , 371.09 , 371.52409
0.371292 , 0.063 , 371.292 , 371.726292
0.371492 , 0.063 , 371.492 , 371.926492
0.371692 , 0.063 , 371.692 , 372.126692
0.371892 , 0.063 , 371.892 , 372.326892
0.372092 , 0.063 , 372.092 , 372.527092
0.37229 , 0.063 , 372.29 , 372.72529
0.372484 , 0.067 , 372.484 , 372.923484
0.37268 , 0.052 , 372.68 , 373.10468
0.37285 , 0.068 , 372.85 , 373.29085
0.373048 , 0.069 , 373.048 , 373.490048
0.373248 , 0.069 , 373.248 , 373.690248
0.373448 , 0.053 , 373.448 , 373.874448
0.373616 , 0.07 , 373.616 , 374.059616
0.37382 , 0.067 , 373.82 , 374.26082
0.374016 , 0.07 , 374.016 , 374.460016
0.390218 , 0.053 , 374.218 , 374.661218
0.374403 , 0.054 , 374.403 , 374.831403
0.374588 , 0.069 , 374.588 , 375.031588
0.374788 , 0.069 , 374.788 , 375.231788
0.374988 , 0.053 , 374.988 , 375.415988
0.375188 , 0.054 , 375.188 , 375.617188
0.375358 , 0.069 , 375.358 , 375.802358
0.375558 , 0.069 , 375.558 , 376.002558
0.37576 , 0.069 , 375.76 , 376.20476
0.37596 , 0.064 , 375.96 , 376.39996
0.377128 , 0.078 , 376.128 , 376.583128
0.376328 , 0.063 , 376.328 , 376.767328
0.37653 , 0.062 , 376.53 , 376.96853
0.37673 , 0.063 , 376.73 , 377.16973
0.37693 , 0.062 , 376.93 , 377.36893
0.37713 , 0.063 , 377.13 , 377.57013
0.37733 , 0.063 , 377.33 , 377.77033
0.377532 , 0.062 , 377.532 , 377.971532
0.377732 , 0.062 , 377.732 , 378.171732
0.3929 , 0.063 , 377.9 , 378.3559
0.3781 , 0.063 , 378.1 , 378.5411
0.3783 , 0.062 , 378.3 , 378.7403
0.3785 , 0.063 , 378.5 , 378.9415
0.3787 , 0.062 , 378.7 , 379.1407
0.37889 , 0.052 , 378.89 , 379.32089
0.379056 , 0.068 , 379.056 , 379.503056
0.379256 , 0.068 , 379.256 , 379.703256
0.379456 , 0.053 , 379.456 , 379.888456
0.379624 , 0.069 , 379.624 , 380.072624
0.379824 , 0.069 , 379.824 , 380.272824
0.380024 , 0.054 , 380.024 , 380.458024
0.380194 , 0.069 , 380.194 , 380.643194
0.380394 , 0.068 , 380.394 , 380.842394
0.380594 , 0.053 , 380.594 , 381.027594
0.380762 , 0.069 , 380.762 , 381.211762
0.380962 , 0.069 , 380.962 , 381.411962
0.381164 , 0.067 , 381.164 , 381.612164
0.381332 , 0.078 , 381.332 , 381.791332
0.381532 , 0.063 , 381.532 , 381.976532
0.381732 , 0.063 , 381.732 , 382.176732
0.381932 , 0.063 , 381.932 , 382.376932
0.3821 , 0.063 , 382.1 , 382.5451
0.3823 , 0.063 , 382.3 , 382.7453
0.3825 , 0.063 , 382.5 , 382.9455
0.382702 , 0.062 , 382.702 , 383.146702
0.382888 , 0.053 , 382.888 , 383.323888
0.383058 , 0.069 , 383.058 , 383.510058
0.383258 , 0.053 , 383.258 , 383.694258
0.383426 , 0.069 , 383.426 , 383.878426
0.383628 , 0.07 , 383.628 , 384.081628
0.38383 , 0.052 , 383.83 , 384.26583
0.383996 , 0.069 , 383.996 , 384.448996
0.384198 , 0.069 , 384.198 , 384.651198
0.384398 , 0.068 , 384.398 , 384.850398
0.384596 , 0.054 , 384.596 , 385.034596
0.384766 , 0.069 , 384.766 , 385.219766
0.384966 , 0.068 , 384.966 , 385.418966
0.386166 , 0.064 , 385.166 , 385.616166
0.385336 , 0.062 , 385.336 , 385.783336
0.385536 , 0.063 , 385.536 , 385.984536
0.385736 , 0.063 , 385.736 , 386.184736
0.385906 , 0.062 , 385.906 , 386.353906
0.386104 , 0.063 , 386.104 , 386.553104
0.386306 , 0.062 , 386.306 , 386.754306
0.386494 , 0.053 , 386.494 , 386.933494
0.386662 , 0.068 , 386.662 , 387.116662
0.386862 , 0.053 , 386.862 , 387.301862
0.38703 , 0.069 , 387.03 , 387.48603
0.38723 , 0.069 , 387.23 , 387.68623
0.38743 , 0.053 , 387.43 , 387.87043
0.3876 , 0.069 , 387.6 , 388.0566
0.3878 , 0.068 , 387.8 , 388.2558
0.388 , 0.053 , 388 , 388.441
0.388168 , 0.069 , 388.168 , 388.625168
0.388368 , 0.067 , 388.368 , 388.823368
0.388538 , 0.078 , 388.538 , 389.004538
0.388738 , 0.063 , 388.738 , 389.189738
0.388938 , 0.062 , 388.938 , 389.388938
0.389106 , 0.063 , 389.106 , 389.558106
0.389308 , 0.062 , 389.308 , 389.759308
0.389506 , 0.063 , 389.506 , 389.958506
0.3897 , 0.051 , 389.7 , 390.1407
0.389864 , 0.069 , 389.864 , 390.322864
0.406064 , 0.053 , 390.064 , 390.523064
0.390232 , 0.053 , 390.232 , 390.675232
0.390434 , 0.069 , 390.434 , 390.893434
0.405634 , 0.054 , 390.634 , 391.093634
0.39082 , 0.053 , 390.82 , 391.26382
0.391004 , 0.069 , 391.004 , 391.464004
0.391204 , 0.053 , 391.204 , 391.648204
0.391372 , 0.07 , 391.372 , 391.833372
0.391574 , 0.068 , 391.574 , 392.033574
0.391774 , 0.066 , 391.774 , 392.231774
0.391942 , 0.063 , 391.942 , 392.396942
0.392142 , 0.063 , 392.142 , 392.597142
0.392342 , 0.063 , 392.342 , 392.797342
0.392512 , 0.062 , 392.512 , 392.966512
0.392712 , 0.063 , 392.712 , 393.167712
0.392908 , 0.049 , 392.908 , 393.349908
0.393068 , 0.069 , 393.068 , 393.530068
0.393268 , 0.069 , 393.268 , 393.730268
0.393468 , 0.054 , 393.468 , 393.915468
0.393638 , 0.07 , 393.638 , 394.101638
0.39384 , 0.068 , 393.84 , 394.30184
0.394038 , 0.053 , 394.038 , 394.485038
0.394208 , 0.069 , 394.208 , 394.671208
0.394408 , 0.069 , 394.408 , 394.871408
0.394608 , 0.053 , 394.608 , 395.055608
0.394776 , 0.069 , 394.776 , 395.239776
0.394978 , 0.069 , 394.978 , 395.441978
0.395178 , 0.067 , 395.178 , 395.640178
0.395348 , 0.062 , 395.348 , 395.805348
0.395548 , 0.063 , 395.548 , 396.006548
0.395748 , 0.062 , 395.748 , 396.205748
0.395918 , 0.062 , 395.918 , 396.375918
0.396118 , 0.062 , 396.118 , 396.576118
0.396316 , 0.063 , 396.316 , 396.775316
0.396512 , 0.049 , 396.512 , 396.957512
0.396672 , 0.069 , 396.672 , 397.137672
0.396872 , 0.069 , 396.872 , 397.337872
0.397072 , 0.054 , 397.072 , 397.523072
0.397242 , 0.069 , 397.242 , 397.708242
0.397442 , 0.069 , 397.442 , 397.908442
0.412642 , 0.054 , 397.642 , 398.108642
0.397812 , 0.053 , 397.812 , 398.262812
0.398012 , 0.069 , 398.012 , 398.479012
0.398214 , 0.053 , 398.214 , 398.665214
0.398382 , 0.069 , 398.382 , 398.849382
0.398582 , 0.069 , 398.582 , 399.049582
0.398782 , 0.063 , 398.782 , 399.243782
0.398952 , 0.063 , 398.952 , 399.413952
0.399154 , 0.062 , 399.154 , 399.615154
0.399354 , 0.062 , 399.354 , 399.815354
0.399522 , 0.063 , 399.522 , 399.984522
0.399722 , 0.063 , 399.722 , 400.184722
0.399922 , 0.063 , 399.922 , 400.384922
0.400112 , 0.052 , 400.112 , 400.564112
0.40028 , 0.068 , 400.28 , 400.74828
0.400478 , 0.069 , 400.478 , 400.947478
0.400678 , 0.054 , 400.678 , 401.132678
0.400848 , 0.069 , 400.848 , 401.317848
0.401048 , 0.069 , 401.048 , 401.518048
0.40125 , 0.053 , 401.25 , 401.70425
0.401418 , 0.069 , 401.418 , 401.888418
0.40162 , 0.068 , 401.62 , 402.08962
0.401818 , 0.054 , 401.818 , 402.273818
0.401988 , 0.069 , 401.988 , 402.458988
0.40219 , 0.068 , 402.19 , 402.66019
0.402388 , 0.063 , 402.388 , 402.853388
0.402558 , 0.062 , 402.558 , 403.022558
0.402756 , 0.063 , 402.756 , 403.221756
0.402926 , 0.062 , 402.926 , 403.390926
0.403126 , 0.062 , 403.126 , 403.591126
0.403326 , 0.062 , 403.326 , 403.791326
0.40352 , 0.048 , 403.52 , 403.97152
0.403682 , 0.068 , 403.682 , 404.153682
0.403882 , 0.053 , 403.882 , 404.338882
0.40405 , 0.069 , 404.05 , 404.52305
0.404252 , 0.053 , 404.252 , 404.709252
0.40442 , 0.069 , 404.42 , 404.89342
0.40462 , 0.054 , 404.62 , 405.07862
0.40479 , 0.069 , 404.79 , 405.26379
0.40599 , 0.063 , 404.99 , 405.45899
0.40516 , 0.062 , 405.16 , 405.62716
0.405358 , 0.063 , 405.358 , 405.826358
0.405528 , 0.062 , 405.528 , 405.995528
0.405728 , 0.063 , 405.728 , 406.196728
0.405928 , 0.063 , 405.928 , 406.396928
0.40612 , 0.05 , 406.12 , 406.57612
0.406286 , 0.068 , 406.286 , 406.760286
0.406484 , 0.069 , 406.484 , 406.959484
0.406686 , 0.053 , 406.686 , 407.145686
0.406854 , 0.069 , 406.854 , 407.329854
0.407054 , 0.07 , 407.054 , 407.531054
0.407256 , 0.053 , 407.256 , 407.716256
0.407426 , 0.068 , 407.426 , 407.901426
0.407624 , 0.07 , 407.624 , 408.101624
0.407826 , 0.068 , 407.826 , 408.301826
0.408024 , 0.069 , 408.024 , 408.501024
0.408224 , 0.053 , 408.224 , 408.685224
0.408392 , 0.069 , 408.392 , 408.869392
0.408594 , 0.069 , 408.594 , 409.071594
0.408794 , 0.067 , 408.794 , 409.269794
0.408962 , 0.063 , 408.962 , 409.433962
0.409164 , 0.063 , 409.164 , 409.636164
0.409364 , 0.063 , 409.364 , 409.836364
0.409532 , 0.063 , 409.532 , 410.004532
0.409734 , 0.063 , 409.734 , 410.206734
0.409934 , 0.047 , 409.934 , 410.390934
0.41009 , 0.069 , 410.09 , 410.56909
0.41029 , 0.069 , 410.29 , 410.76929
0.41049 , 0.069 , 410.49 , 410.96949
0.41069 , 0.053 , 410.69 , 411.15369
0.410858 , 0.069 , 410.858 , 411.337858
0.411058 , 0.054 , 411.058 , 411.523058
0.411228 , 0.069 , 411.228 , 411.708228
0.411428 , 0.053 , 411.428 , 411.892428
0.411598 , 0.069 , 411.598 , 412.078598
0.411798 , 0.047 , 411.798 , 412.256798
0.411968 , 0.062 , 411.968 , 412.441968
0.412166 , 0.062 , 412.166 , 412.640166
0.412334 , 0.063 , 412.334 , 412.809334
0.412534 , 0.063 , 412.534 , 413.009534
0.412732 , 0.047 , 412.732 , 413.191732
0.412892 , 0.068 , 412.892 , 413.372892
0.41309 , 0.053 , 413.09 , 413.55609
0.41329 , 0.053 , 413.29 , 413.75629
0.42946 , 0.053 , 413.46 , 413.94246
0.41363 , 0.053 , 413.63 , 414.09663
0.41383 , 0.068 , 413.83 , 414.31183
0.41403 , 0.053 , 414.03 , 414.49703
0.414198 , 0.069 , 414.198 , 414.681198
0.414398 , 0.069 , 414.398 , 414.881398
0.4146 , 0.069 , 414.6 , 415.0836
0.4158 , 0.068 , 414.8 , 415.2838
0.415 , 0.067 , 415 , 415.482
0.430168 , 0.063 , 415.168 , 415.661168
0.41537 , 0.062 , 415.37 , 415.84737
0.41557 , 0.062 , 415.57 , 416.04757
0.41577 , 0.062 , 415.77 , 416.24777
0.415938 , 0.063 , 415.938 , 416.416938
0.41614 , 0.062 , 416.14 , 416.61814
0.416338 , 0.047 , 416.338 , 416.801338
0.416528 , 0.052 , 416.528 , 416.996528
0.416696 , 0.069 , 416.696 , 417.181696
0.416896 , 0.069 , 416.896 , 417.381896
0.417096 , 0.053 , 417.096 , 417.566096
0.417264 , 0.07 , 417.264 , 417.751264
0.417466 , 0.069 , 417.466 , 417.952466
0.417666 , 0.069 , 417.666 , 418.152666
0.417866 , 0.054 , 417.866 , 418.337866
0.418036 , 0.069 , 418.036 , 418.523036
0.418236 , 0.053 , 418.236 , 418.707236
0.418436 , 0.054 , 418.436 , 418.908436
0.418606 , 0.069 , 418.606 , 419.093606
0.418806 , 0.066 , 418.806 , 419.290806
0.418974 , 0.063 , 418.974 , 419.455974
0.419176 , 0.062 , 419.176 , 419.657176
0.419374 , 0.063 , 419.374 , 419.856374
0.419542 , 0.063 , 419.542 , 420.024542
0.419744 , 0.062 , 419.744 , 420.225744
0.434944 , 0.047 , 419.944 , 420.425944
0.420132 , 0.053 , 420.132 , 420.605132
0.4203 , 0.069 , 420.3 , 420.7893
0.4205 , 0.053 , 420.5 , 420.9735
0.42067 , 0.068 , 420.67 , 421.15867
0.42087 , 0.068 , 420.87 , 421.35887
0.42107 , 0.054 , 421.07 , 421.54507
0.42124 , 0.068 , 421.24 , 421.72924
0.42144 , 0.068 , 421.44 , 421.92944
0.421638 , 0.054 , 421.638 , 422.113638
0.421808 , 0.069 , 421.808 , 422.298808
0.422008 , 0.069 , 422.008 , 422.499008
0.423208 , 0.065 , 422.208 , 422.696208
0.422376 , 0.063 , 422.376 , 422.861376
0.422578 , 0.062 , 422.578 , 423.062578
0.422778 , 0.062 , 422.778 , 423.262778
0.422946 , 0.063 , 422.946 , 423.431946
0.423146 , 0.063 , 423.146 , 423.632146
0.423346 , 0.063 , 423.346 , 423.832346
0.42354 , 0.05 , 423.54 , 424.01354
0.423704 , 0.069 , 423.704 , 424.196704
0.423904 , 0.069 , 423.904 , 424.396904
0.424104 , 0.053 , 424.104 , 424.581104
0.424272 , 0.069 , 424.272 , 424.765272
0.424472 , 0.07 , 424.472 , 424.966472
0.424674 , 0.053 , 424.674 , 425.151674
0.424844 , 0.069 , 424.844 , 425.337844
0.425044 , 0.053 , 425.044 , 425.522044
0.425244 , 0.054 , 425.244 , 425.723244
0.425416 , 0.068 , 425.416 , 425.909416
0.425614 , 0.069 , 425.614 , 426.108614
0.425814 , 0.065 , 425.814 , 426.304814
0.425982 , 0.063 , 425.982 , 426.470982
0.426184 , 0.062 , 426.184 , 426.672184
0.426382 , 0.063 , 426.382 , 426.871382
0.426552 , 0.062 , 426.552 , 427.040552
0.426752 , 0.062 , 426.752 , 427.240752
0.426952 , 0.062 , 426.952 , 427.440952
0.427148 , 0.048 , 427.148 , 427.623148
0.427339 , 0.053 , 427.339 , 427.819339
0.427508 , 0.069 , 427.508 , 428.004508
0.427708 , 0.053 , 427.708 , 428.188708
0.427908 , 0.053 , 427.908 , 428.388908
0.428076 , 0.069 , 428.076 , 428.573076
0.444276 , 0.054 , 428.276 , 428.774276
0.428446 , 0.053 , 428.446 , 428.927446
0.428648 , 0.068 , 428.648 , 429.144648
0.428848 , 0.052 , 428.848 , 429.328848
0.429016 , 0.069 , 429.016 , 429.514016
0.429216 , 0.069 , 429.216 , 429.714216
0.429418 , 0.063 , 429.418 , 429.910418
0.429586 , 0.062 , 429.586 , 430.077586
0.429786 , 0.062 , 429.786 , 430.277786
0.42997 , 0.062 , 429.97 , 430.46197
0.430154 , 0.063 , 430.154 , 430.647154
0.430354 , 0.063 , 430.354 , 430.847354
0.430554 , 0.063 , 430.554 , 431.047554
0.430744 , 0.053 , 430.744 , 431.227744
0.430912 , 0.068 , 430.912 , 431.410912
0.431112 , 0.053 , 431.112 , 431.596112
0.43128 , 0.069 , 431.28 , 431.78028
0.431482 , 0.068 , 431.482 , 431.981482
0.431682 , 0.053 , 431.682 , 432.166682
0.43185 , 0.069 , 431.85 , 432.35085
0.43205 , 0.053 , 432.05 , 432.53505
0.43222 , 0.054 , 432.22 , 432.70622
0.43242 , 0.069 , 432.42 , 432.92142
0.43262 , 0.068 , 432.62 , 433.12062
0.43382 , 0.064 , 432.82 , 433.31782
0.432988 , 0.063 , 432.988 , 433.483988
0.43319 , 0.062 , 433.19 , 433.68519
0.43339 , 0.062 , 433.39 , 433.88539
0.43359 , 0.063 , 433.59 , 434.08659
0.433758 , 0.062 , 433.758 , 434.253758
0.433958 , 0.063 , 433.958 , 434.454958
0.434158 , 0.063 , 434.158 , 434.655158
0.434358 , 0.063 , 434.358 , 434.855358
0.434548 , 0.052 , 434.548 , 435.034548
0.434716 , 0.068 , 434.716 , 435.218716
0.434914 , 0.07 , 434.914 , 435.418914
0.435116 , 0.069 , 435.116 , 435.620116
0.435286 , 0.068 , 435.286 , 435.789286
0.435484 , 0.069 , 435.484 , 435.988484
0.435684 , 0.054 , 435.684 , 436.173684
0.435856 , 0.068 , 435.856 , 436.359856
0.436054 , 0.069 , 436.054 , 436.559054
0.436256 , 0.053 , 436.256 , 436.745256
0.436424 , 0.069 , 436.424 , 436.929424
0.436624 , 0.069 , 436.624 , 437.129624
0.436826 , 0.064 , 436.826 , 437.326826
0.436994 , 0.063 , 436.994 , 437.493994
0.437196 , 0.062 , 437.196 , 437.695196
0.437396 , 0.062 , 437.396 , 437.895396
0.437564 , 0.062 , 437.564 , 438.063564
0.437764 , 0.063 , 437.764 , 438.264764
0.437964 , 0.062 , 437.964 , 438.463964
0.438158 , 0.05 , 438.158 , 438.646158
0.43832 , 0.053 , 438.32 , 438.81132
0.43852 , 0.068 , 438.52 , 439.02652
0.43872 , 0.068 , 438.72 , 439.22672
0.43892 , 0.053 , 438.92 , 439.41192
0.439088 , 0.069 , 439.088 , 439.596088
0.43929 , 0.068 , 439.29 , 439.79729
0.439488 , 0.054 , 439.488 , 439.981488
0.439658 , 0.069 , 439.658 , 440.166658
0.439858 , 0.068 , 439.858 , 440.365858
0.440058 , 0.053 , 440.058 , 440.551058
0.440228 , 0.068 , 440.228 , 440.736228
0.440428 , 0.069 , 440.428 , 440.937428
0.441628 , 0.067 , 440.628 , 441.136628
0.441828 , 0.062 , 440.828 , 441.331828
0.440996 , 0.063 , 440.996 , 441.499996
0.441198 , 0.062 , 441.198 , 441.701198
0.441366 , 0.078 , 441.366 , 441.885366
0.441566 , 0.063 , 441.566 , 442.070566
0.441768 , 0.062 , 441.768 , 442.271768
0.441966 , 0.063 , 441.966 , 442.470966
0.44216 , 0.049 , 442.16 , 442.65116
0.442324 , 0.068 , 442.324 , 442.834324
0.442522 , 0.069 , 442.522 , 443.033522
0.442724 , 0.053 , 442.724 , 443.219724
0.442892 , 0.069 , 442.892 , 443.403892
0.443094 , 0.053 , 443.094 , 443.590094
0.443294 , 0.053 , 443.294 , 443.790294
0.443462 , 0.07 , 443.462 , 443.975462
0.443664 , 0.068 , 443.664 , 444.175664
0.443862 , 0.054 , 443.862 , 444.359862
0.444032 , 0.069 , 444.032 , 444.545032
0.444232 , 0.068 , 444.232 , 444.744232
0.445432 , 0.064 , 444.432 , 444.941432
0.444602 , 0.062 , 444.602 , 445.108602
0.444802 , 0.062 , 444.802 , 445.308802
0.44497 , 0.078 , 444.97 , 445.49297
0.44517 , 0.063 , 445.17 , 445.67817
0.44537 , 0.063 , 445.37 , 445.87837
0.44557 , 0.063 , 445.57 , 446.07857
0.44576 , 0.052 , 445.76 , 446.25776
0.445928 , 0.069 , 445.928 , 446.442928
0.446134 , 0.05 , 446.134 , 446.630134
0.446296 , 0.069 , 446.296 , 446.811296
0.446496 , 0.069 , 446.496 , 447.011496
0.446696 , 0.07 , 446.696 , 447.212696
0.446898 , 0.053 , 446.898 , 447.397898
0.447066 , 0.069 , 447.066 , 447.582066
0.447266 , 0.069 , 447.266 , 447.782266
0.447466 , 0.053 , 447.466 , 447.966466
0.447636 , 0.069 , 447.636 , 448.152636
0.447836 , 0.069 , 447.836 , 448.352836
0.448036 , 0.065 , 448.036 , 448.549036
0.448206 , 0.062 , 448.206 , 448.716206
0.448406 , 0.062 , 448.406 , 448.916406
0.448606 , 0.062 , 448.606 , 449.116606
0.448774 , 0.062 , 448.774 , 449.284774
0.448974 , 0.063 , 448.974 , 449.485974
0.449174 , 0.063 , 449.174 , 449.686174
0.449372 , 0.048 , 449.372 , 449.869372
0.449547 , 0.054 , 449.547 , 450.050547
0.449732 , 0.068 , 449.732 , 450.249732
0.449932 , 0.053 , 449.932 , 450.434932
0.4501 , 0.069 , 450.1 , 450.6191
0.4503 , 0.069 , 450.3 , 450.8193
0.4505 , 0.054 , 450.5 , 451.0045
0.45067 , 0.069 , 450.67 , 451.18967
0.45087 , 0.069 , 450.87 , 451.38987
0.45107 , 0.053 , 451.07 , 451.57407
0.451238 , 0.069 , 451.238 , 451.758238
0.45144 , 0.069 , 451.44 , 451.96044
0.45264 , 0.066 , 451.64 , 452.15864
0.451808 , 0.08 , 451.808 , 452.339808
0.45201 , 0.062 , 452.01 , 452.52401
0.45221 , 0.062 , 452.21 , 452.72421
0.45241 , 0.062 , 452.41 , 452.92441
0.452578 , 0.063 , 452.578 , 453.093578
0.452778 , 0.063 , 452.778 , 453.293778
0.452978 , 0.063 , 452.978 , 453.493978
0.453174 , 0.049 , 453.174 , 453.676174
0.453336 , 0.068 , 453.336 , 453.857336
0.453536 , 0.069 , 453.536 , 454.058536
0.453738 , 0.052 , 453.738 , 454.243738
0.453906 , 0.068 , 453.906 , 454.427906
0.454104 , 0.054 , 454.104 , 454.612104
0.454274 , 0.069 , 454.274 , 454.797274
0.454476 , 0.069 , 454.476 , 454.999476
0.454676 , 0.069 , 454.676 , 455.199676
0.454876 , 0.054 , 454.876 , 455.384876
0.455046 , 0.069 , 455.046 , 455.570046
0.455246 , 0.069 , 455.246 , 455.770246
0.455446 , 0.063 , 455.446 , 455.964446
0.455616 , 0.062 , 455.616 , 456.133616
0.455816 , 0.063 , 455.816 , 456.334816
0.455984 , 0.063 , 455.984 , 456.502984
0.456184 , 0.062 , 456.184 , 456.702184
0.456384 , 0.062 , 456.384 , 456.902384
0.47258 , 0.047 , 456.58 , 457.09958
0.456772 , 0.053 , 456.772 , 457.281772
0.45694 , 0.068 , 456.94 , 457.46494
0.45714 , 0.069 , 457.14 , 457.66614
0.45734 , 0.053 , 457.34 , 457.85034
0.457508 , 0.069 , 457.508 , 458.034508
0.45771 , 0.068 , 457.71 , 458.23571
0.457908 , 0.054 , 457.908 , 458.419908
0.458078 , 0.069 , 458.078 , 458.605078
0.458278 , 0.069 , 458.278 , 458.805278
0.458478 , 0.054 , 458.478 , 458.990478
0.458648 , 0.069 , 458.648 , 459.175648
0.458848 , 0.067 , 458.848 , 459.373848
0.459016 , 0.063 , 459.016 , 459.538016
0.459218 , 0.062 , 459.218 , 459.739218
0.459416 , 0.063 , 459.416 , 459.938416
0.459616 , 0.063 , 459.616 , 460.138616
0.459786 , 0.066 , 459.786 , 460.311786
0.459984 , 0.063 , 459.984 , 460.506984
0.460186 , 0.063 , 460.186 , 460.709186
0.460377 , 0.051 , 460.377 , 460.888377
0.460544 , 0.068 , 460.544 , 461.072544
0.460742 , 0.069 , 460.742 , 461.271742
0.460942 , 0.054 , 460.942 , 461.456942
0.461112 , 0.069 , 461.112 , 461.642112
0.461312 , 0.069 , 461.312 , 461.842312
0.461514 , 0.069 , 461.514 , 462.044514
0.461714 , 0.053 , 461.714 , 462.228714
0.461882 , 0.069 , 461.882 , 462.412882
0.462082 , 0.069 , 462.082 , 462.613082
0.462282 , 0.053 , 462.282 , 462.797282
0.462482 , 0.054 , 462.482 , 462.998482
0.462652 , 0.068 , 462.652 , 463.182652
0.462852 , 0.068 , 462.852 , 463.382852
0.46405 , 0.067 , 463.05 , 463.58105
0.47822 , 0.063 , 463.22 , 463.76122
0.46342 , 0.063 , 463.42 , 463.94642
0.463622 , 0.063 , 463.622 , 464.148622
0.46382 , 0.063 , 463.82 , 464.34682
0.463988 , 0.063 , 463.988 , 464.514988
0.464188 , 0.063 , 464.188 , 464.715188
0.464388 , 0.063 , 464.388 , 464.915388
0.464586 , 0.049 , 464.586 , 465.099586
0.464746 , 0.069 , 464.746 , 465.279746
0.464946 , 0.068 , 464.946 , 465.478946
0.465146 , 0.053 , 465.146 , 465.664146
0.465346 , 0.053 , 465.346 , 465.864346
0.465516 , 0.068 , 465.516 , 466.049516
0.465714 , 0.07 , 465.714 , 466.249714
0.465916 , 0.054 , 465.916 , 466.435916
0.466086 , 0.069 , 466.086 , 466.621086
0.466286 , 0.068 , 466.286 , 466.820286
0.466486 , 0.053 , 466.486 , 467.005486
0.466654 , 0.069 , 466.654 , 467.189654
0.466854 , 0.069 , 466.854 , 467.389854
0.468056 , 0.065 , 467.056 , 467.589056
0.467224 , 0.063 , 467.224 , 467.754224
0.467424 , 0.063 , 467.424 , 467.954424
0.467624 , 0.062 , 467.624 , 468.153624
0.467794 , 0.063 , 467.794 , 468.324794
0.467994 , 0.063 , 467.994 , 468.524994
0.468194 , 0.063 , 468.194 , 468.725194
0.468392 , 0.05 , 468.392 , 468.910392
0.468554 , 0.067 , 468.554 , 469.089554
0.46875 , 0.069 , 468.75 , 469.28775
0.46895 , 0.055 , 468.95 , 469.47395
0.469122 , 0.068 , 469.122 , 469.659122
0.46932 , 0.069 , 469.32 , 469.85832
0.46952 , 0.053 , 469.52 , 470.04252
0.46969 , 0.069 , 469.69 , 470.22869
0.46989 , 0.069 , 469.89 , 470.42889
0.47009 , 0.053 , 470.09 , 470.61309
0.47026 , 0.069 , 470.26 , 470.79926
0.47046 , 0.069 , 470.46 , 470.99946
0.470638 , 0.062 , 470.638 , 471.170638
0.470828 , 0.062 , 470.828 , 471.360828
0.47103 , 0.062 , 471.03 , 471.56303
0.471228 , 0.063 , 471.228 , 471.762228
0.471398 , 0.062 , 471.398 , 471.931398
0.471598 , 0.063 , 471.598 , 472.132598
0.471798 , 0.062 , 471.798 , 472.331798
0.486998 , 0.047 , 471.998 , 472.531998
0.472186 , 0.053 , 472.186 , 472.711186
0.472354 , 0.069 , 472.354 , 472.895354
0.472554 , 0.053 , 472.554 , 473.079554
0.472724 , 0.068 , 472.724 , 473.264724
0.472924 , 0.069 , 472.924 , 473.465924
0.473124 , 0.053 , 473.124 , 473.650124
0.473294 , 0.069 , 473.294 , 473.836294
0.473494 , 0.069 , 473.494 , 474.036494
0.473694 , 0.053 , 473.694 , 474.220694
0.473864 , 0.069 , 473.864 , 474.406864
0.474064 , 0.069 , 474.064 , 474.607064
0.475264 , 0.064 , 474.264 , 474.803264
0.474434 , 0.062 , 474.434 , 474.970434
0.474634 , 0.063 , 474.634 , 475.171634
0.474834 , 0.062 , 474.834 , 475.370834
0.475034 , 0.062 , 475.034 , 475.571034
0.475202 , 0.063 , 475.202 , 475.740202
0.475402 , 0.064 , 475.402 , 475.941402
0.475602 , 0.063 , 475.602 , 476.140602
0.4758 , 0.064 , 475.8 , 476.3398
0.475993 , 0.052 , 475.993 , 476.520993
0.47616 , 0.069 , 476.16 , 476.70516
0.47636 , 0.069 , 476.36 , 476.90536
0.47656 , 0.053 , 476.56 , 477.08956
0.476728 , 0.069 , 476.728 , 477.273728
0.476928 , 0.069 , 476.928 , 477.473928
0.477128 , 0.07 , 477.128 , 477.675128
0.47733 , 0.053 , 477.33 , 477.86033
0.4775 , 0.069 , 477.5 , 478.0465
0.4777 , 0.068 , 477.7 , 478.2457
0.4779 , 0.053 , 477.9 , 478.4309
0.478068 , 0.069 , 478.068 , 478.615068
0.478268 , 0.069 , 478.268 , 478.815268
0.47847 , 0.068 , 478.47 , 479.01647
0.478668 , 0.051 , 478.668 , 479.197668
0.478838 , 0.063 , 478.838 , 479.379838
0.479038 , 0.063 , 479.038 , 479.580038
0.479238 , 0.063 , 479.238 , 479.780238
0.479406 , 0.063 , 479.406 , 479.948406
0.479608 , 0.062 , 479.608 , 480.149608
0.479808 , 0.063 , 479.808 , 480.350808
0.480008 , 0.063 , 480.008 , 480.551008
0.480208 , 0.063 , 480.208 , 480.751208
0.4804 , 0.051 , 480.4 , 480.9314
0.480564 , 0.069 , 480.564 , 481.113564
0.480764 , 0.069 , 480.764 , 481.313764
0.480964 , 0.053 , 480.964 , 481.497964
0.481134 , 0.068 , 481.134 , 481.683134
0.481334 , 0.069 , 481.334 , 481.884334
0.481534 , 0.053 , 481.534 , 482.068534
0.481704 , 0.068 , 481.704 , 482.253704
0.481902 , 0.069 , 481.902 , 482.452902
0.482102 , 0.053 , 482.102 , 482.637102
0.48227 , 0.07 , 482.27 , 482.82227
0.482472 , 0.069 , 482.472 , 483.023472
0.482672 , 0.067 , 482.672 , 483.221672
0.49784 , 0.063 , 482.84 , 483.40084
0.48304 , 0.063 , 483.04 , 483.58604
0.483242 , 0.062 , 483.242 , 483.787242
0.483442 , 0.062 , 483.442 , 483.987442
0.48361 , 0.064 , 483.61 , 484.15761
0.483812 , 0.062 , 483.812 , 484.357812
0.48401 , 0.063 , 484.01 , 484.55701
0.48421 , 0.047 , 484.21 , 484.74121
0.4844 , 0.052 , 484.4 , 484.9364
0.484568 , 0.068 , 484.568 , 485.120568
0.484766 , 0.07 , 484.766 , 485.320766
0.484968 , 0.053 , 484.968 , 485.505968
0.485168 , 0.053 , 485.168 , 485.706168
0.485338 , 0.069 , 485.338 , 485.892338
0.485538 , 0.069 , 485.538 , 486.092538
0.485738 , 0.054 , 485.738 , 486.277738
0.485908 , 0.069 , 485.908 , 486.462908
0.486108 , 0.069 , 486.108 , 486.663108
0.486308 , 0.053 , 486.308 , 486.847308
0.486508 , 0.054 , 486.508 , 487.048508
0.486678 , 0.069 , 486.678 , 487.233678
0.486878 , 0.069 , 486.878 , 487.433878
0.487078 , 0.066 , 487.078 , 487.631078
0.487248 , 0.062 , 487.248 , 487.797248
0.487448 , 0.063 , 487.448 , 487.998448
0.487648 , 0.062 , 487.648 , 488.197648
0.487816 , 0.062 , 487.816 , 488.365816
0.488016 , 0.063 , 488.016 , 488.567016
0.488216 , 0.063 , 488.216 , 488.767216
0.488411 , 0.049 , 488.411 , 488.948411
0.488588 , 0.053 , 488.588 , 489.129588
0.488772 , 0.069 , 488.772 , 489.329772
0.488972 , 0.054 , 488.972 , 489.514972
0.489172 , 0.054 , 489.172 , 489.715172
0.489342 , 0.068 , 489.342 , 489.899342
0.489542 , 0.069 , 489.542 , 490.100542
0.489742 , 0.054 , 489.742 , 490.285742
0.489912 , 0.069 , 489.912 , 490.470912
0.490112 , 0.069 , 490.112 , 490.671112
0.490312 , 0.069 , 490.312 , 490.871312
0.490512 , 0.053 , 490.512 , 491.055512
0.490712 , 0.054 , 490.712 , 491.256712
0.490882 , 0.069 , 490.882 , 491.441882
0.491084 , 0.068 , 491.084 , 491.643084
Total GPU = 571746.260114