#Qurey Time, Memory allocation , I/O Time , Total
0 , 0.068 , 0 , 0.068
0 , 0.068 , 0 , 0.068
0 , 0 , 0 , 0
0 , 0.084 , 0 , 0.084
0 , 0 , 0 , 0
0 , 0.053 , 0 , 0.053
0 , 0 , 0 , 0
0.001 , 0.08 , 0 , 0.081
0 , 0.1 , 0 , 0.1
0 , 0 , 0 , 0
0 , 0.085 , 0 , 0.085
0 , 0.085 , 0 , 0.085
0 , 0.084 , 0 , 0.084
0 , 0 , 0 , 0
0 , 0 , 0 , 0
0.016 , 0.085 , 0 , 0.101
0 , 0.131 , 0 , 0.131
0 , 0 , 0 , 0
0 , 0 , 0 , 0
0 , 0.116 , 0 , 0.116
0 , 0.116 , 0 , 0.116
0 , 0.116 , 0 , 0.116
0 , 0.115 , 0 , 0.115
0 , 0.115 , 0 , 0.115
0 , 0 , 0 , 0
0 , 0.085 , 0 , 0.085
0 , 0 , 0 , 0
0 , 0.106 , 0 , 0.106
0 , 0.1 , 0 , 0.1
0 , 0.1 , 0 , 0.1
0 , 0.122 , 0 , 0.122
0 , 0.121 , 0 , 0.121
0 , 0 , 0 , 0
0.001 , 0.12 , 0 , 0.121
0 , 0.131 , 0 , 0.131
0 , 0.131 , 0 , 0.131
0 , 0 , 0 , 0
0 , 0.131 , 0 , 0.131
0 , 0.147 , 0 , 0.147
0 , 0 , 0 , 0
0 , 0.146 , 0 , 0.146
0 , 0.146 , 0 , 0.146
0 , 0 , 0 , 0
0 , 0.152 , 0 , 0.152
0 , 0.138 , 0 , 0.138
0 , 0.138 , 0 , 0.138
0 , 0.138 , 0 , 0.138
0 , 0 , 0 , 0
0 , 0.185 , 0 , 0.185
0 , 0.185 , 0 , 0.185
0 , 0 , 0 , 0
0 , 0.162 , 0 , 0.162
0.015 , 0.132 , 0 , 0.147
0.016 , 0.132 , 0 , 0.148
0 , 0 , 0 , 0
0 , 0.153 , 0 , 0.153
0 , 0.154 , 0 , 0.154
0 , 0 , 0 , 0
0 , 0.137 , 0 , 0.137
0 , 0 , 0 , 0
0 , 0 , 0 , 0
0 , 0.153 , 0 , 0.153
0 , 0 , 0 , 0
0 , 0.153 , 0 , 0.153
0 , 0.168 , 0 , 0.168
0 , 0.168 , 0 , 0.168
0 , 0 , 0 , 0
0 , 0.153 , 0 , 0.153
0 , 0.131 , 0 , 0.131
0 , 0.131 , 0 , 0.131
0 , 0 , 0 , 0
0 , 0.116 , 0 , 0.116
0 , 0.116 , 0 , 0.116
0 , 0.116 , 0 , 0.116
0 , 0.115 , 0 , 0.115
0 , 0.115 , 0 , 0.115
0 , 0 , 0 , 0
0 , 0.147 , 0 , 0.147
0 , 0 , 0 , 0
0 , 0.116 , 0 , 0.116
0 , 0.116 , 0 , 0.116
0 , 0 , 0 , 0
0 , 0.169 , 0 , 0.169
0 , 0.169 , 0 , 0.169
0 , 0 , 0 , 0
0 , 0.122 , 0 , 0.122
0 , 0 , 0 , 0
0 , 0.116 , 0 , 0.116
0 , 0.106 , 0 , 0.106
0 , 0 , 0 , 0
0 , 0 , 0 , 0
0 , 0.117 , 0 , 0.117
0 , 0 , 0 , 0
0 , 0.122 , 0 , 0.122
0 , 0 , 0 , 0
0.001 , 0.116 , 0 , 0.117
0 , 0 , 0 , 0
0.017 , 0.131 , 0 , 0.148
0 , 0.131 , 0 , 0.131
0 , 0.131 , 0 , 0.131
0 , 0 , 0 , 0
0 , 0.131 , 0 , 0.131
0 , 0.116 , 0 , 0.116
0 , 0 , 0 , 0
0 , 0.116 , 0 , 0.116
0 , 0.116 , 0 , 0.116
0 , 0.106 , 0 , 0.106
0 , 0.106 , 0 , 0.106
0 , 0 , 0 , 0
0 , 0.1 , 0 , 0.1
0 , 0 , 0 , 0
0 , 0.116 , 0 , 0.116
0 , 0.116 , 0 , 0.116
0 , 0.116 , 0 , 0.116
0 , 0 , 0 , 0
0 , 0.122 , 0 , 0.122
0 , 0.116 , 0 , 0.116
0 , 0.116 , 0 , 0.116
0.001 , 0.115 , 0 , 0.116
0 , 0 , 0 , 0
0 , 0.1 , 0 , 0.1
0 , 0.1 , 0 , 0.1
0 , 0 , 0 , 0
0 , 0.116 , 0 , 0.116
0 , 0 , 0 , 0
0 , 0.116 , 0 , 0.116
0 , 0.116 , 0 , 0.116
0 , 0.116 , 0 , 0.116
0 , 0.116 , 0 , 0.116
0 , 0.116 , 0 , 0.116
0 , 0.116 , 0 , 0.116
0 , 0 , 0 , 0
0 , 0 , 0 , 0
0 , 0.116 , 0 , 0.116
0 , 0.107 , 0 , 0.107
0 , 0.106 , 0 , 0.106
0 , 0.116 , 0 , 0.116
0 , 0 , 0 , 0
0 , 0.122 , 0 , 0.122
0 , 0.122 , 0 , 0.122
0 , 0 , 0 , 0
0.001 , 0.134 , 0 , 0.135
0 , 0 , 0 , 0
0 , 0.117 , 0 , 0.117
0 , 0.132 , 0 , 0.132
0 , 0.132 , 0 , 0.132
0.001 , 0.12 , 0 , 0.121
0 , 0 , 0 , 0
0 , 0.1 , 0 , 0.1
0 , 0.1 , 0 , 0.1
0 , 0 , 0 , 0
0.002 , 0.117 , 0 , 0.119
0.015 , 0.106 , 0 , 0.121
0.015 , 0.106 , 0 , 0.121
0 , 0.1 , 0 , 0.1
0 , 0 , 0 , 0
0 , 0.116 , 0 , 0.116
0 , 0.116 , 0 , 0.116
0 , 0.116 , 0 , 0.116
0 , 0.116 , 0 , 0.116
0 , 0 , 0 , 0
0 , 0.1 , 0 , 0.1
0 , 0 , 0 , 0
0 , 0.104 , 0 , 0.104
0 , 0 , 0 , 0
0 , 0.101 , 0 , 0.101
0 , 0.1 , 0 , 0.1
0 , 0 , 0 , 0
0 , 0 , 0 , 0
0 , 0.104 , 0 , 0.104
0 , 0.116 , 0 , 0.116
0 , 0.116 , 0 , 0.116
0 , 0 , 0 , 0
0 , 0.131 , 0 , 0.131
0 , 0 , 0 , 0
0 , 0.1 , 0 , 0.1
0 , 0.1 , 0 , 0.1
0.015 , 0.1 , 0 , 0.115
0.015 , 0.101 , 0 , 0.116
0.015 , 0.101 , 0 , 0.116
0 , 0 , 0 , 0
0 , 0.1 , 0 , 0.1
0 , 0.116 , 0 , 0.116
0 , 0 , 0 , 0
0 , 0.131 , 0 , 0.131
0 , 0.131 , 0 , 0.131
0 , 0.101 , 0 , 0.101
0 , 0 , 0 , 0
0 , 0 , 0 , 0
0 , 0.104 , 0 , 0.104
0 , 0 , 0 , 0
0 , 0.1 , 0 , 0.1
0 , 0.115 , 0 , 0.115
0 , 0.115 , 0 , 0.115
0 , 0 , 0 , 0
0 , 0.105 , 0 , 0.105
0 , 0 , 0 , 0
0.016 , 0.1 , 0 , 0.116
0 , 0 , 0 , 0
0 , 0.1 , 0 , 0.1
0 , 0.104 , 0 , 0.104
0 , 0 , 0 , 0
0 , 0.1 , 0 , 0.1
0 , 0 , 0 , 0
0 , 0.1 , 0 , 0.1
0 , 0.1 , 0 , 0.1
0 , 0 , 0 , 0
0 , 0.105 , 0 , 0.105
0 , 0.1 , 0 , 0.1
0 , 0.1 , 0 , 0.1
0 , 0 , 0 , 0
0 , 0.116 , 0 , 0.116
0 , 0.162 , 0 , 0.162
0 , 0 , 0 , 0
0 , 0 , 0 , 0
0 , 0.101 , 0 , 0.101
0 , 0.153 , 0 , 0.153
0 , 0.153 , 0 , 0.153
0 , 0 , 0 , 0
0 , 0.122 , 0 , 0.122
0 , 0 , 0 , 0
0 , 0.116 , 0 , 0.116
0 , 0.116 , 0 , 0.116
0 , 0 , 0 , 0
0 , 0.107 , 0 , 0.107
0 , 0.106 , 0 , 0.106
0 , 0 , 0 , 0
0 , 0.099 , 0 , 0.099
0 , 0.101 , 0 , 0.101
0 , 0.101 , 0 , 0.101
0 , 0.115 , 0 , 0.115
0 , 0.115 , 0 , 0.115
0 , 0 , 0 , 0
0 , 0.116 , 0 , 0.116
0 , 0 , 0 , 0
0 , 0.1 , 0 , 0.1
0 , 0 , 0 , 0
0 , 0.1 , 0 , 0.1
0 , 0 , 0 , 0
0 , 0.105 , 0 , 0.105
0 , 0 , 0 , 0
0 , 0.131 , 0 , 0.131
0 , 0.131 , 0 , 0.131
0 , 0.131 , 0 , 0.131
0 , 0 , 0 , 0
0 , 0.116 , 0 , 0.116
0 , 0.153 , 0 , 0.153
0 , 0.153 , 0 , 0.153
0 , 0 , 0 , 0
0 , 0.1 , 0 , 0.1
0 , 0.1 , 0 , 0.1
0 , 0 , 0 , 0
0 , 0.106 , 0 , 0.106
0 , 0.106 , 0 , 0.106
0 , 0 , 0 , 0
0 , 0.116 , 0 , 0.116
0 , 0 , 0 , 0
0 , 0.099 , 0 , 0.099
0 , 0.1 , 0 , 0.1
0 , 0.1 , 0 , 0.1
0 , 0.115 , 0 , 0.115
0 , 0 , 0 , 0
0 , 0 , 0 , 0
0 , 0.122 , 0 , 0.122
0 , 0 , 0 , 0
0 , 0.1 , 0 , 0.1
0 , 0 , 0 , 0
0 , 0.1 , 0 , 0.1
0 , 0.1 , 0 , 0.1
0 , 0 , 0 , 0
0 , 0 , 0 , 0
0 , 0.1 , 0 , 0.1
0 , 0 , 0 , 0
0 , 0.1 , 0 , 0.1
0 , 0.1 , 0 , 0.1
0 , 0.1 , 0 , 0.1
0 , 0.101 , 0 , 0.101
0 , 0.101 , 0 , 0.101
0 , 0 , 0 , 0
0 , 0.1 , 0 , 0.1
0 , 0 , 0 , 0
0 , 0.1 , 0 , 0.1
0 , 0 , 0 , 0
0 , 0.099 , 0 , 0.099
0 , 0.1 , 0 , 0.1
0 , 0 , 0 , 0
0 , 0.115 , 0 , 0.115
0 , 0.115 , 0 , 0.115
0 , 0 , 0 , 0
0 , 0.1 , 0 , 0.1
0 , 0.106 , 0 , 0.106
0 , 0.106 , 0 , 0.106
0 , 0.101 , 0 , 0.101
0 , 0.101 , 0 , 0.101
0 , 0 , 0 , 0
0 , 0.1 , 0 , 0.1
0 , 0 , 0 , 0
0 , 0.1 , 0 , 0.1
0 , 0 , 0 , 0
0 , 0.1 , 0 , 0.1
0 , 0 , 0 , 0
0 , 0.099 , 0 , 0.099
0 , 0.154 , 0 , 0.154
0 , 0 , 0 , 0
0 , 0 , 0 , 0
0 , 0.1 , 0 , 0.1
0 , 0 , 0 , 0
0 , 0.101 , 0 , 0.101
0 , 0.1 , 0 , 0.1
0 , 0.1 , 0 , 0.1
0 , 0.1 , 0 , 0.1
0 , 0.1 , 0 , 0.1
0 , 0 , 0 , 0
0 , 0.1 , 0 , 0.1
0 , 0 , 0 , 0
0 , 0.116 , 0 , 0.116
0 , 0.152 , 0 , 0.152
0 , 0.152 , 0 , 0.152
0.001 , 0.101 , 0 , 0.102
0 , 0 , 0 , 0
0 , 0.1 , 0 , 0.1
0 , 0.1 , 0 , 0.1
0 , 0 , 0 , 0
0 , 0.1 , 0 , 0.1
0 , 0.099 , 0 , 0.099
0 , 0 , 0 , 0
0 , 0 , 0 , 0
0 , 0.1 , 0 , 0.1
0.001 , 0.103 , 0 , 0.104
0 , 0 , 0 , 0
0 , 0 , 0 , 0
0 , 0.1 , 0 , 0.1
0 , 0 , 0 , 0
0 , 0.1 , 0 , 0.1
0 , 0 , 0 , 0
0 , 0.115 , 0 , 0.115
0 , 0.1 , 0 , 0.1
0 , 0.1 , 0 , 0.1
0 , 0.101 , 0 , 0.101
0 , 0.101 , 0 , 0.101
0 , 0.106 , 0 , 0.106
0 , 0 , 0 , 0
0 , 0.115 , 0 , 0.115
0 , 0.115 , 0 , 0.115
0 , 0 , 0 , 0
0 , 0.1 , 0 , 0.1
0.001 , 0.104 , 0 , 0.105
0.001 , 0.105 , 0 , 0.106
0 , 0.1 , 0 , 0.1
0 , 0.1 , 0 , 0.1
0 , 0 , 0 , 0
0 , 0.1 , 0 , 0.1
0 , 0 , 0 , 0
0 , 0.1 , 0 , 0.1
0 , 0 , 0 , 0
0 , 0.122 , 0 , 0.122
0 , 0 , 0 , 0
0 , 0.115 , 0 , 0.115
0 , 0.101 , 0 , 0.101
0 , 0 , 0 , 0
0 , 0 , 0 , 0
0 , 0.148 , 0 , 0.148
0 , 0 , 0 , 0
0 , 0.1 , 0 , 0.1
0 , 0 , 0 , 0
0 , 0.099 , 0 , 0.099
0 , 0.122 , 0 , 0.122
0 , 0.122 , 0 , 0.122
0 , 0 , 0 , 0
0 , 0.099 , 0 , 0.099
0 , 0.1 , 0 , 0.1
0 , 0.1 , 0 , 0.1
0 , 0 , 0 , 0
0 , 0.106 , 0 , 0.106
0 , 0.1 , 0 , 0.1
0 , 0.1 , 0 , 0.1
0 , 0 , 0 , 0
0 , 0.1 , 0 , 0.1
0 , 0.099 , 0 , 0.099
0 , 0.099 , 0 , 0.099
0 , 0 , 0 , 0
0 , 0.1 , 0 , 0.1
0 , 0.1 , 0 , 0.1
0 , 0 , 0 , 0
0 , 0.1 , 0 , 0.1
0 , 0.1 , 0 , 0.1
0 , 0 , 0 , 0
0 , 0.101 , 0 , 0.101
0 , 0.104 , 0 , 0.104
0 , 0.104 , 0 , 0.104
0 , 0 , 0 , 0
0 , 0.096 , 0 , 0.096
0 , 0.1 , 0 , 0.1
0 , 0.1 , 0 , 0.1
0 , 0 , 0 , 0
0 , 0.1 , 0 , 0.1
0 , 0.1 , 0 , 0.1
0 , 0.1 , 0 , 0.1
0 , 0.1 , 0 , 0.1
0 , 0.1 , 0 , 0.1
0 , 0.1 , 0 , 0.1
0 , 0 , 0 , 0
0 , 0 , 0 , 0
0 , 0.101 , 0 , 0.101
0 , 0 , 0 , 0
0 , 0.116 , 0 , 0.116
0 , 0 , 0 , 0
0.001 , 0.101 , 0 , 0.102
0 , 0.131 , 0 , 0.131
0 , 0 , 0 , 0
0 , 0 , 0 , 0
0 , 0.084 , 0 , 0.084
0 , 0 , 0 , 0
0 , 0.1 , 0 , 0.1
0 , 0 , 0 , 0
0 , 0.084 , 0 , 0.084
0 , 0 , 0 , 0
0 , 0.138 , 0 , 0.138
0 , 0.104 , 0 , 0.104
0.001 , 0.104 , 0 , 0.105
0 , 0 , 0 , 0
0 , 0.1 , 0 , 0.1
0 , 0 , 0 , 0
0 , 0.099 , 0 , 0.099
0 , 0.1 , 0 , 0.1
0 , 0.1 , 0 , 0.1
0 , 0 , 0 , 0
0 , 0.122 , 0 , 0.122
0 , 0 , 0 , 0
0 , 0.1 , 0 , 0.1
0 , 0 , 0 , 0
0 , 0.099 , 0 , 0.099
0 , 0 , 0 , 0
0.001 , 0.1 , 0 , 0.101
0 , 0.121 , 0 , 0.121
0 , 0.121 , 0 , 0.121
0 , 0.101 , 0 , 0.101
0 , 0.101 , 0 , 0.101
0 , 0 , 0 , 0
0 , 0.084 , 0 , 0.084
0.001 , 0.12 , 0 , 0.121
0 , 0.12 , 0 , 0.12
0 , 0 , 0 , 0
0 , 0.117 , 0 , 0.117
0 , 0 , 0 , 0
0 , 0.1 , 0 , 0.1
0 , 0 , 0 , 0
0 , 0.1 , 0 , 0.1
0 , 0 , 0 , 0
0 , 0.085 , 0 , 0.085
0 , 0 , 0 , 0
0 , 0.1 , 0 , 0.1
0 , 0 , 0 , 0
0 , 0.085 , 0 , 0.085
0 , 0.1 , 0 , 0.1
0 , 0.084 , 0 , 0.084
0 , 0.085 , 0 , 0.085
0 , 0.1 , 0 , 0.1
0 , 0.1 , 0 , 0.1
0 , 0.1 , 0 , 0.1
0 , 0.1 , 0 , 0.1
0 , 0.1 , 0 , 0.1
0 , 0.101 , 0 , 0.101
0 , 0.1 , 0 , 0.1
0 , 0.101 , 0 , 0.101
0 , 0.084 , 0 , 0.084
0 , 0.1 , 0 , 0.1
0 , 0.099 , 0 , 0.099
0 , 0.1 , 0 , 0.1
0 , 0.085 , 0 , 0.085
0 , 0.101 , 0 , 0.101
0 , 0.101 , 0 , 0.101
0 , 0.1 , 0 , 0.1
0 , 0.085 , 0 , 0.085
0 , 0.083 , 0 , 0.083
0 , 0.1 , 0 , 0.1
0 , 0.101 , 0 , 0.101
0 , 0.1 , 0 , 0.1
0 , 0.1 , 0 , 0.1
0 , 0.1 , 0 , 0.1
0 , 0.1 , 0 , 0.1
0 , 0.1 , 0 , 0.1
0 , 0.084 , 0 , 0.084
0 , 0.085 , 0 , 0.085
0 , 0.1 , 0 , 0.1
0 , 0.1 , 0 , 0.1
0 , 0.1 , 0 , 0.1
0 , 0.084 , 0 , 0.084
0 , 0.1 , 0 , 0.1
0 , 0.085 , 0 , 0.085
0 , 0.101 , 0 , 0.101
0 , 0.1 , 0 , 0.1
0 , 0.1 , 0 , 0.1
0 , 0.084 , 0 , 0.084
0 , 0.085 , 0 , 0.085
0 , 0.099 , 0 , 0.099
0 , 0.084 , 0 , 0.084
0 , 0.1 , 0 , 0.1
0 , 0.1 , 0 , 0.1
0 , 0.083 , 0 , 0.083
0 , 0.1 , 0 , 0.1
0 , 0.1 , 0 , 0.1
0 , 0.085 , 0 , 0.085
0 , 0.1 , 0 , 0.1
0 , 0.099 , 0 , 0.099
0 , 0.084 , 0 , 0.084
0 , 0.099 , 0 , 0.099
0 , 0.084 , 0 , 0.084
0 , 0.1 , 0 , 0.1
0 , 0.086 , 0 , 0.086
0 , 0.098 , 0 , 0.098
0 , 0.084 , 0 , 0.084
0 , 0.1 , 0 , 0.1
0 , 0.099 , 0 , 0.099
0 , 0.082 , 0 , 0.082
0 , 0.085 , 0 , 0.085
0 , 0.085 , 0 , 0.085
0 , 0.1 , 0 , 0.1
0 , 0.079 , 0 , 0.079
0 , 0.099 , 0 , 0.099
0 , 0.084 , 0 , 0.084
0 , 0.1 , 0 , 0.1
0 , 0.078 , 0 , 0.078
0 , 0.1 , 0 , 0.1
0 , 0.085 , 0 , 0.085
0 , 0.1 , 0 , 0.1
0.001 , 0.094 , 0 , 0.095
0 , 0.1 , 0 , 0.1
0 , 0.084 , 0 , 0.084
0 , 0.082 , 0 , 0.082
0 , 0.098 , 0 , 0.098
0 , 0.084 , 0 , 0.084
0 , 0.1 , 0 , 0.1
0 , 0.083 , 0 , 0.083
0.001 , 0.1 , 0 , 0.101
0 , 0.1 , 0 , 0.1
0 , 0.101 , 0 , 0.101
0 , 0.083 , 0 , 0.083
0 , 0.101 , 0 , 0.101
0 , 0.084 , 0 , 0.084
0 , 0.101 , 0 , 0.101
0 , 0.1 , 0 , 0.1
0 , 0.085 , 0 , 0.085
0 , 0.1 , 0 , 0.1
0 , 0.1 , 0 , 0.1
0 , 0.1 , 0 , 0.1
0 , 0.1 , 0 , 0.1
0 , 0.101 , 0 , 0.101
0 , 0.1 , 0 , 0.1
0 , 0.098 , 0 , 0.098
0 , 0.101 , 0 , 0.101
0 , 0.1 , 0 , 0.1
0 , 0.1 , 0 , 0.1
0 , 0.1 , 0 , 0.1
0.001 , 0.097 , 0 , 0.098
0 , 0.1 , 0 , 0.1
0 , 0.1 , 0 , 0.1
0 , 0.1 , 0 , 0.1
0 , 0.101 , 0 , 0.101
0 , 0.1 , 0 , 0.1
0 , 0.1 , 0 , 0.1
0.001 , 0.097 , 0 , 0.098
0 , 0.1 , 0 , 0.1
0 , 0.1 , 0 , 0.1
0 , 0.1 , 0 , 0.1
0 , 0.1 , 0 , 0.1
0 , 0.1 , 0 , 0.1
0 , 0.085 , 0 , 0.085
0 , 0.1 , 0 , 0.1
0.016 , 0.085 , 0 , 0.101
0 , 0.084 , 0 , 0.084
0 , 0.099 , 0 , 0.099
0 , 0.1 , 0 , 0.1
0 , 0.085 , 0 , 0.085
0 , 0.1 , 0 , 0.1
0 , 0.1 , 0 , 0.1
0 , 0.085 , 0 , 0.085
0 , 0.1 , 0 , 0.1
0 , 0.099 , 0 , 0.099
0.001 , 0.096 , 0 , 0.097
0 , 0.1 , 0 , 0.1
0 , 0.1 , 0 , 0.1
0 , 0.1 , 0 , 0.1
0 , 0.101 , 0 , 0.101
0 , 0.099 , 0 , 0.099
0 , 0.085 , 0 , 0.085
0 , 0.099 , 0 , 0.099
0 , 0.084 , 0 , 0.084
0 , 0.099 , 0 , 0.099
0 , 0.099 , 0 , 0.099
0 , 0.082 , 0 , 0.082
0 , 0.1 , 0 , 0.1
0 , 0.099 , 0 , 0.099
0.016 , 0.084 , 0 , 0.1
0 , 0.101 , 0 , 0.101
0 , 0.1 , 0 , 0.1
0 , 0.1 , 0 , 0.1
0 , 0.082 , 0 , 0.082
0 , 0.1 , 0 , 0.1
0 , 0.1 , 0 , 0.1
0 , 0.1 , 0 , 0.1
0 , 0.1 , 0 , 0.1
0 , 0.1 , 0 , 0.1
0 , 0.1 , 0 , 0.1
0 , 0.1 , 0 , 0.1
0 , 0.101 , 0 , 0.101
0 , 0.099 , 0 , 0.099
0 , 0.1 , 0 , 0.1
0 , 0.084 , 0 , 0.084
0 , 0.1 , 0 , 0.1
0 , 0.1 , 0 , 0.1
0 , 0.1 , 0 , 0.1
0 , 0.1 , 0 , 0.1
0 , 0.1 , 0 , 0.1
0 , 0.101 , 0 , 0.101
0 , 0.101 , 0 , 0.101
0 , 0.1 , 0 , 0.1
0.001 , 0.098 , 0 , 0.099
0 , 0.084 , 0 , 0.084
0 , 0.1 , 0 , 0.1
0 , 0.1 , 0 , 0.1
0 , 0.1 , 0 , 0.1
0 , 0.085 , 0 , 0.085
0 , 0.1 , 0 , 0.1
0 , 0.1 , 0 , 0.1
0 , 0.101 , 0 , 0.101
0 , 0.1 , 0 , 0.1
0 , 0.1 , 0 , 0.1
0 , 0.1 , 0 , 0.1
0 , 0.1 , 0 , 0.1
0.001 , 0.098 , 0 , 0.099
0 , 0.085 , 0 , 0.085
0 , 0.101 , 0 , 0.101
0 , 0.099 , 0 , 0.099
0 , 0.1 , 0 , 0.1
0 , 0.101 , 0 , 0.101
0 , 0.1 , 0 , 0.1
0 , 0.085 , 0 , 0.085
0 , 0.085 , 0 , 0.085
0 , 0.084 , 0 , 0.084
0 , 0.1 , 0 , 0.1
0 , 0.101 , 0 , 0.101
0 , 0.099 , 0 , 0.099
0 , 0.1 , 0 , 0.1
0.015 , 0.084 , 0 , 0.099
0 , 0.084 , 0 , 0.084
0 , 0.1 , 0 , 0.1
0 , 0.116 , 0 , 0.116
0 , 0.099 , 0 , 0.099
0 , 0.101 , 0 , 0.101
0 , 0.101 , 0 , 0.101
0 , 0.1 , 0 , 0.1
0 , 0.082 , 0 , 0.082
0 , 0.1 , 0 , 0.1
0 , 0.1 , 0 , 0.1
0 , 0.084 , 0 , 0.084
0 , 0.101 , 0 , 0.101
0 , 0.1 , 0 , 0.1
0 , 0.1 , 0 , 0.1
0 , 0.096 , 0 , 0.096
0 , 0.1 , 0 , 0.1
0 , 0.099 , 0 , 0.099
0 , 0.099 , 0 , 0.099
0 , 0.1 , 0 , 0.1
0 , 0.101 , 0 , 0.101
0 , 0.099 , 0 , 0.099
0 , 0.082 , 0 , 0.082
0 , 0.1 , 0 , 0.1
0 , 0.1 , 0 , 0.1
0 , 0.084 , 0 , 0.084
0 , 0.1 , 0 , 0.1
0 , 0.101 , 0 , 0.101
0 , 0.1 , 0 , 0.1
0 , 0.097 , 0 , 0.097
0 , 0.101 , 0 , 0.101
0 , 0.1 , 0 , 0.1
0 , 0.1 , 0 , 0.1
0 , 0.1 , 0 , 0.1
0 , 0.101 , 0 , 0.101
0 , 0.1 , 0 , 0.1
0 , 0.096 , 0 , 0.096
0 , 0.101 , 0 , 0.101
0 , 0.1 , 0 , 0.1
0 , 0.1 , 0 , 0.1
0 , 0.101 , 0 , 0.101
0 , 0.1 , 0 , 0.1
0 , 0.101 , 0 , 0.101
0 , 0.079 , 0 , 0.079
0 , 0.084 , 0 , 0.084
0 , 0.1 , 0 , 0.1
0 , 0.1 , 0 , 0.1
0.001 , 0.098 , 0 , 0.099
0 , 0.101 , 0 , 0.101
0 , 0.101 , 0 , 0.101
0 , 0.099 , 0 , 0.099
0 , 0.1 , 0 , 0.1
0 , 0.099 , 0 , 0.099
0 , 0.085 , 0 , 0.085
0 , 0.099 , 0 , 0.099
0 , 0.101 , 0 , 0.101
0 , 0.1 , 0 , 0.1
0 , 0.083 , 0 , 0.083
0 , 0.1 , 0 , 0.1
0 , 0.101 , 0 , 0.101
0 , 0.099 , 0 , 0.099
0 , 0.083 , 0 , 0.083
0.016 , 0.085 , 0 , 0.101
0 , 0.085 , 0 , 0.085
0 , 0.1 , 0 , 0.1
0 , 0.097 , 0 , 0.097
0 , 0.1 , 0 , 0.1
0 , 0.101 , 0 , 0.101
0 , 0.1 , 0 , 0.1
0 , 0.085 , 0 , 0.085
0 , 0.1 , 0 , 0.1
0 , 0.1 , 0 , 0.1
0 , 0.096 , 0 , 0.096
0 , 0.1 , 0 , 0.1
0 , 0.1 , 0 , 0.1
0 , 0.084 , 0 , 0.084
0 , 0.101 , 0 , 0.101
0 , 0.1 , 0 , 0.1
0 , 0.085 , 0 , 0.085
0 , 0.085 , 0 , 0.085
0 , 0.084 , 0 , 0.084
0 , 0.1 , 0 , 0.1
0 , 0.1 , 0 , 0.1
0.001 , 0.098 , 0 , 0.099
0 , 0.085 , 0 , 0.085
0 , 0.1 , 0 , 0.1
0 , 0.099 , 0 , 0.099
0 , 0.084 , 0 , 0.084
0 , 0.1 , 0 , 0.1
0 , 0.1 , 0 , 0.1
0 , 0.103 , 0 , 0.103
0 , 0.085 , 0 , 0.085
0 , 0.1 , 0 , 0.1
0 , 0.083 , 0 , 0.083
0 , 0.1 , 0 , 0.1
0 , 0.099 , 0 , 0.099
0 , 0.084 , 0 , 0.084
0 , 0.099 , 0 , 0.099
0 , 0.085 , 0 , 0.085
0 , 0.099 , 0 , 0.099
0 , 0.1 , 0 , 0.1
0 , 0.082 , 0 , 0.082
0 , 0.1 , 0 , 0.1
0 , 0.1 , 0 , 0.1
0 , 0.1 , 0 , 0.1
0 , 0.1 , 0 , 0.1
0 , 0.1 , 0 , 0.1
0 , 0.101 , 0 , 0.101
0 , 0.084 , 0 , 0.084
0 , 0.085 , 0 , 0.085
0 , 0.101 , 0 , 0.101
0 , 0.099 , 0 , 0.099
0.001 , 0.096 , 0 , 0.097
0 , 0.1 , 0 , 0.1
0 , 0.1 , 0 , 0.1
0.016 , 0.084 , 0 , 0.1
0 , 0.101 , 0 , 0.101
0 , 0.1 , 0 , 0.1
0 , 0.085 , 0 , 0.085
0 , 0.1 , 0 , 0.1
0 , 0.084 , 0 , 0.084
0 , 0.1 , 0 , 0.1
0 , 0.1 , 0 , 0.1
0 , 0.094 , 0 , 0.094
0 , 0.1 , 0 , 0.1
0 , 0.1 , 0 , 0.1
0 , 0.1 , 0 , 0.1
0 , 0.1 , 0 , 0.1
0 , 0.1 , 0 , 0.1
0 , 0.085 , 0 , 0.085
0 , 0.1 , 0 , 0.1
0 , 0.1 , 0 , 0.1
0 , 0.085 , 0 , 0.085
0 , 0.099 , 0 , 0.099
0 , 0.1 , 0 , 0.1
0.015 , 0.084 , 0 , 0.099
0 , 0.084 , 0 , 0.084
0 , 0.099 , 0 , 0.099
0 , 0.101 , 0 , 0.101
0 , 0.1 , 0 , 0.1
0 , 0.1 , 0 , 0.1
0 , 0.1 , 0 , 0.1
0 , 0.1 , 0 , 0.1
0 , 0.099 , 0 , 0.099
0 , 0.095 , 0 , 0.095
0 , 0.1 , 0 , 0.1
0 , 0.085 , 0 , 0.085
0 , 0.083 , 0 , 0.083
0 , 0.1 , 0 , 0.1
0 , 0.101 , 0 , 0.101
0 , 0.1 , 0 , 0.1
0 , 0.086 , 0 , 0.086
0 , 0.1 , 0 , 0.1
0 , 0.1 , 0 , 0.1
0 , 0.085 , 0 , 0.085
0 , 0.1 , 0 , 0.1
0 , 0.1 , 0 , 0.1
0 , 0.085 , 0 , 0.085
0 , 0.084 , 0 , 0.084
0 , 0.1 , 0 , 0.1
0 , 0.084 , 0 , 0.084
0 , 0.1 , 0 , 0.1
0 , 0.1 , 0 , 0.1
0 , 0.084 , 0 , 0.084
0 , 0.101 , 0 , 0.101
0 , 0.1 , 0 , 0.1
0 , 0.085 , 0 , 0.085
0 , 0.1 , 0 , 0.1
0 , 0.1 , 0 , 0.1
0.015 , 0.08 , 0 , 0.095
0 , 0.101 , 0 , 0.101
0 , 0.1 , 0 , 0.1
0 , 0.099 , 0 , 0.099
0 , 0.101 , 0 , 0.101
0 , 0.1 , 0 , 0.1
0 , 0.099 , 0 , 0.099
0 , 0.098 , 0 , 0.098
0 , 0.1 , 0 , 0.1
0 , 0.101 , 0 , 0.101
0 , 0.1 , 0 , 0.1
0 , 0.1 , 0 , 0.1
0 , 0.085 , 0 , 0.085
0 , 0.1 , 0 , 0.1
0 , 0.101 , 0 , 0.101
0 , 0.084 , 0 , 0.084
0 , 0.084 , 0 , 0.084
0 , 0.1 , 0 , 0.1
0 , 0.083 , 0 , 0.083
0 , 0.1 , 0 , 0.1
0 , 0.1 , 0 , 0.1
0 , 0.1 , 0 , 0.1
0 , 0.085 , 0 , 0.085
0 , 0.084 , 0 , 0.084
0 , 0.1 , 0 , 0.1
0 , 0.085 , 0 , 0.085
0 , 0.101 , 0 , 0.101
0 , 0.1 , 0 , 0.1
0 , 0.098 , 0 , 0.098
0 , 0.1 , 0 , 0.1
0 , 0.1 , 0 , 0.1
0 , 0.084 , 0 , 0.084
0 , 0.101 , 0 , 0.101
0 , 0.084 , 0 , 0.084
0 , 0.1 , 0 , 0.1
0 , 0.1 , 0 , 0.1
0 , 0.101 , 0 , 0.101
0 , 0.1 , 0 , 0.1
0 , 0.085 , 0 , 0.085
0 , 0.082 , 0 , 0.082
0 , 0.1 , 0 , 0.1
0 , 0.085 , 0 , 0.085
0 , 0.1 , 0 , 0.1
0 , 0.1 , 0 , 0.1
0 , 0.099 , 0 , 0.099
0 , 0.085 , 0 , 0.085
0 , 0.099 , 0 , 0.099
0 , 0.084 , 0 , 0.084
0 , 0.099 , 0 , 0.099
0 , 0.099 , 0 , 0.099
0 , 0.096 , 0 , 0.096
0 , 0.1 , 0 , 0.1
0 , 0.101 , 0 , 0.101
0 , 0.084 , 0 , 0.084
0 , 0.1 , 0 , 0.1
0 , 0.084 , 0 , 0.084
0 , 0.084 , 0 , 0.084
0 , 0.099 , 0 , 0.099
0 , 0.1 , 0 , 0.1
0 , 0.099 , 0 , 0.099
0 , 0.084 , 0 , 0.084
0 , 0.083 , 0 , 0.083
0 , 0.085 , 0 , 0.085
0 , 0.085 , 0 , 0.085
0 , 0.1 , 0 , 0.1
0.016 , 0.078 , 0 , 0.094
0 , 0.1 , 0 , 0.1
0 , 0.085 , 0 , 0.085
0 , 0.1 , 0 , 0.1
0 , 0.096 , 0 , 0.096
0 , 0.099 , 0 , 0.099
0 , 0.084 , 0 , 0.084
0 , 0.099 , 0 , 0.099
0 , 0.1 , 0 , 0.1
0 , 0.086 , 0 , 0.086
0 , 0.084 , 0 , 0.084
0 , 0.1 , 0 , 0.1
0 , 0.084 , 0 , 0.084
0 , 0.101 , 0 , 0.101
0 , 0.084 , 0 , 0.084
0 , 0.081 , 0 , 0.081
0 , 0.101 , 0 , 0.101
0 , 0.085 , 0 , 0.085
0 , 0.1 , 0 , 0.1
0 , 0.096 , 0 , 0.096
0 , 0.1 , 0 , 0.1
0 , 0.1 , 0 , 0.1
0 , 0.084 , 0 , 0.084
0 , 0.098 , 0 , 0.098
0 , 0.1 , 0 , 0.1
0 , 0.101 , 0 , 0.101
0 , 0.084 , 0 , 0.084
0 , 0.098 , 0 , 0.098
0 , 0.084 , 0 , 0.084
0 , 0.1 , 0 , 0.1
0 , 0.1 , 0 , 0.1
0 , 0.1 , 0 , 0.1
0 , 0.085 , 0 , 0.085
Total GPU = 164.62