#Qurey Time, Memory allocation , I/O Time , Total
0 , 0 , 0 , 0
0.026582 , 0.062 , 26.582 , 26.670582
0.026874 , 0.1 , 26.874 , 27.000874
0.027184 , 0.084 , 27.184 , 27.295184
0.027458 , 0.063 , 27.458 , 27.548458
0.02766 , 0.062 , 27.66 , 27.74966
0.02789 , 0.069 , 27.89 , 27.98689
0.028122 , 0.069 , 28.122 , 28.219122
0.028354 , 0.085 , 28.354 , 28.467354
0.028586 , 0.085 , 28.586 , 28.699586
0.028862 , 0.081 , 28.862 , 28.971862
0.029094 , 0.068 , 29.094 , 29.191094
0.029324 , 0.116 , 29.324 , 29.469324
0.02963 , 0.1 , 29.63 , 29.75963
0.029928 , 0.083 , 29.928 , 30.040928
0.030188 , 0.1 , 30.188 , 30.318188
0.030462 , 0.101 , 30.462 , 30.593462
0.030758 , 0.115 , 30.758 , 30.903758
0.031064 , 0.131 , 31.064 , 31.226064
0.031426 , 0.118 , 31.426 , 31.575426
0.031758 , 0.116 , 31.758 , 31.905758
0.032064 , 0.116 , 32.064 , 32.212064
0.032358 , 0.116 , 32.358 , 32.506358
0.032666 , 0.116 , 32.666 , 32.814666
0.032992 , 0.138 , 32.992 , 33.162992
0.03333 , 0.154 , 33.33 , 33.51733
0.0337 , 0.131 , 33.7 , 33.8647
0.034036 , 0.163 , 34.036 , 34.233036
0.034438 , 0.162 , 34.438 , 34.634438
0.034836 , 0.163 , 34.836 , 35.033836
0.035236 , 0.164 , 35.236 , 35.435236
0.035638 , 0.163 , 35.638 , 35.836638
0.036038 , 0.179 , 36.038 , 36.253038
0.03647 , 0.163 , 36.47 , 36.66947
0.036872 , 0.162 , 36.872 , 37.070872
0.037272 , 0.163 , 37.272 , 37.472272
0.037672 , 0.181 , 37.672 , 37.890672
0.039106 , 0.166 , 38.106 , 38.311106
0.038506 , 0.164 , 38.506 , 38.708506
0.038906 , 0.165 , 38.906 , 39.109906
0.039306 , 0.169 , 39.306 , 39.514306
0.039706 , 0.169 , 39.706 , 39.914706
0.040106 , 0.169 , 40.106 , 40.315106
0.040538 , 0.153 , 40.538 , 40.731538
0.040906 , 0.169 , 40.906 , 41.115906
0.041306 , 0.169 , 41.306 , 41.516306
0.041706 , 0.169 , 41.706 , 41.916706
0.042108 , 0.147 , 42.108 , 42.297108
0.042476 , 0.163 , 42.476 , 42.681476
0.042876 , 0.163 , 42.876 , 43.081876
0.043278 , 0.132 , 43.278 , 43.453278
0.043642 , 0.134 , 43.642 , 43.819642
0.043972 , 0.139 , 43.972 , 44.154972
0.044312 , 0.147 , 44.312 , 44.503312
0.04468 , 0.132 , 44.68 , 44.85668
0.045006 , 0.137 , 45.006 , 45.188006
0.045374 , 0.138 , 45.374 , 45.557374
0.045712 , 0.132 , 45.712 , 45.889712
0.04605 , 0.131 , 46.05 , 46.22705
0.046406 , 0.138 , 46.406 , 46.590406
0.046744 , 0.132 , 46.744 , 46.922744
0.047084 , 0.131 , 47.084 , 47.262084
0.047408 , 0.138 , 47.408 , 47.593408
0.04781 , 0.153 , 47.81 , 48.01081
0.048178 , 0.138 , 48.178 , 48.364178
0.048518 , 0.131 , 48.518 , 48.697518
0.048854 , 0.131 , 48.854 , 49.033854
0.04921 , 0.138 , 49.21 , 49.39721
0.049548 , 0.116 , 49.548 , 49.713548
0.049856 , 0.131 , 49.856 , 50.036856
0.050212 , 0.138 , 50.212 , 50.400212
0.05055 , 0.131 , 50.55 , 50.73155
0.050888 , 0.116 , 50.888 , 51.054888
0.051214 , 0.122 , 51.214 , 51.387214
0.067522 , 0.131 , 51.522 , 51.720522
0.051858 , 0.132 , 51.858 , 52.041858
0.052184 , 0.116 , 52.184 , 52.352184
0.052492 , 0.132 , 52.492 , 52.676492
0.052818 , 0.122 , 52.818 , 52.992818
0.053126 , 0.131 , 53.126 , 53.310126
0.053462 , 0.132 , 53.462 , 53.647462
0.053788 , 0.116 , 53.788 , 53.957788
0.054094 , 0.117 , 54.094 , 54.265094
0.054392 , 0.137 , 54.392 , 54.583392
0.054728 , 0.116 , 54.728 , 54.898728
0.05506 , 0.119 , 55.06 , 55.23406
0.05536 , 0.131 , 55.36 , 55.54636
0.055698 , 0.132 , 55.698 , 55.885698
0.056024 , 0.122 , 56.024 , 56.202024
0.056362 , 0.132 , 56.362 , 56.550362
0.056668 , 0.116 , 56.668 , 56.840668
0.057026 , 0.122 , 57.026 , 57.205026
0.057334 , 0.131 , 57.334 , 57.522334
0.05767 , 0.132 , 57.67 , 57.85967
0.057996 , 0.116 , 57.996 , 58.169996
0.058302 , 0.116 , 58.302 , 58.476302
0.058628 , 0.123 , 58.628 , 58.809628
0.058968 , 0.131 , 58.968 , 59.157968
0.059304 , 0.117 , 59.304 , 59.480304
0.059632 , 0.122 , 59.632 , 59.813632
0.05994 , 0.13 , 59.94 , 60.12994
0.060276 , 0.116 , 60.276 , 60.452276
0.06057 , 0.116 , 60.57 , 60.74657
0.060876 , 0.117 , 60.876 , 61.053876
0.061172 , 0.131 , 61.172 , 61.364172
0.07651 , 0.116 , 61.51 , 61.70251
0.061834 , 0.122 , 61.834 , 62.017834
0.06214 , 0.132 , 62.14 , 62.33414
0.062478 , 0.131 , 62.478 , 62.671478
0.063804 , 0.136 , 62.804 , 63.003804
0.063142 , 0.116 , 63.142 , 63.321142
0.063468 , 0.106 , 63.468 , 63.637468
0.063776 , 0.131 , 63.776 , 63.970776
0.064114 , 0.132 , 64.114 , 64.310114
0.06444 , 0.122 , 64.44 , 64.62644
0.064778 , 0.115 , 64.778 , 64.957778
0.065082 , 0.132 , 65.082 , 65.279082
0.065408 , 0.133 , 65.408 , 65.606408
0.065714 , 0.115 , 65.714 , 65.894714
0.066074 , 0.103 , 66.074 , 66.243074
0.066376 , 0.116 , 66.376 , 66.558376
0.066682 , 0.116 , 66.682 , 66.864682
0.067008 , 0.116 , 67.008 , 67.191008
0.067314 , 0.116 , 67.314 , 67.497314
0.067608 , 0.116 , 67.608 , 67.791608
0.067914 , 0.131 , 67.914 , 68.112914
0.068238 , 0.122 , 68.238 , 68.428238
0.068546 , 0.116 , 68.546 , 68.730546
0.06884 , 0.107 , 68.84 , 69.01584
0.069178 , 0.116 , 69.178 , 69.363178
0.069486 , 0.115 , 69.486 , 69.670486
0.06981 , 0.117 , 69.81 , 69.99681
0.070148 , 0.115 , 70.148 , 70.333148
0.070472 , 0.106 , 70.472 , 70.648472
0.07078 , 0.116 , 70.78 , 70.96678
0.071086 , 0.116 , 71.086 , 71.273086
0.071382 , 0.116 , 71.382 , 71.569382
0.071686 , 0.117 , 71.686 , 71.874686
0.072014 , 0.115 , 72.014 , 72.201014
0.072288 , 0.131 , 72.288 , 72.491288
0.072644 , 0.122 , 72.644 , 72.838644
0.07295 , 0.116 , 72.95 , 73.13895
0.073246 , 0.122 , 73.246 , 73.441246
0.073552 , 0.132 , 73.552 , 73.757552
0.07389 , 0.132 , 73.89 , 74.09589
0.074216 , 0.116 , 74.216 , 74.406216
0.074522 , 0.116 , 74.522 , 74.712522
0.075848 , 0.12 , 74.848 , 75.043848
0.075154 , 0.116 , 75.154 , 75.345154
0.075491 , 0.116 , 75.491 , 75.682491
0.075818 , 0.116 , 75.818 , 76.009818
0.076126 , 0.131 , 76.126 , 76.333126
0.07645 , 0.122 , 76.45 , 76.64845
0.076788 , 0.116 , 76.788 , 76.980788
0.077094 , 0.116 , 77.094 , 77.287094
0.077405 , 0.116 , 77.405 , 77.598405
0.077726 , 0.116 , 77.726 , 77.919726
0.07802 , 0.132 , 78.02 , 78.23002
0.078358 , 0.115 , 78.358 , 78.551358
0.078682 , 0.105 , 78.682 , 78.865682
0.078988 , 0.116 , 78.988 , 79.182988
0.079296 , 0.116 , 79.296 , 79.491296
0.07959 , 0.116 , 79.59 , 79.78559
0.079896 , 0.116 , 79.896 , 80.091896
0.080192 , 0.116 , 80.192 , 80.388192
0.080528 , 0.116 , 80.528 , 80.724528
0.080824 , 0.115 , 80.824 , 81.019824
0.08113 , 0.115 , 81.13 , 81.32613
0.081422 , 0.117 , 81.422 , 81.620422
0.08173 , 0.116 , 81.73 , 81.92773
0.082024 , 0.116 , 82.024 , 82.222024
0.08233 , 0.116 , 82.33 , 82.52833
0.082656 , 0.119 , 82.656 , 82.857656
0.082962 , 0.117 , 82.962 , 83.161962
0.083258 , 0.122 , 83.258 , 83.463258
0.083566 , 0.115 , 83.566 , 83.764566
0.083896 , 0.118 , 83.896 , 84.097896
0.084198 , 0.115 , 84.198 , 84.397198
0.084502 , 0.131 , 84.502 , 84.717502
0.085828 , 0.131 , 84.828 , 85.044828
0.08515 , 0.1 , 85.15 , 85.33515
0.10146 , 0.099 , 85.46 , 85.66046
0.085734 , 0.116 , 85.734 , 85.935734
0.086058 , 0.122 , 86.058 , 86.266058
0.086366 , 0.116 , 86.366 , 86.568366
0.086694 , 0.121 , 86.694 , 86.901694
0.087 , 0.115 , 87 , 87.202
0.087304 , 0.132 , 87.304 , 87.523304
0.087632 , 0.116 , 87.632 , 87.835632
0.087938 , 0.116 , 87.938 , 88.141938
0.088264 , 0.122 , 88.264 , 88.474264
0.088572 , 0.115 , 88.572 , 88.775572
0.088906 , 0.116 , 88.906 , 89.110906
0.089204 , 0.131 , 89.204 , 89.424204
0.089542 , 0.132 , 89.542 , 89.763542
0.089883 , 0.121 , 89.883 , 90.093883
0.091236 , 0.133 , 90.236 , 90.460236
0.090574 , 0.116 , 90.574 , 90.780574
0.0909 , 0.106 , 90.9 , 91.0969
0.091206 , 0.116 , 91.206 , 91.413206
0.091514 , 0.116 , 91.514 , 91.721514
0.091808 , 0.131 , 91.808 , 92.030808
0.092146 , 0.116 , 92.146 , 92.354146
0.09344 , 0.134 , 92.44 , 92.66744
0.092778 , 0.115 , 92.778 , 92.985778
0.09307 , 0.122 , 93.07 , 93.28507
0.093408 , 0.116 , 93.408 , 93.617408
0.093714 , 0.117 , 93.714 , 93.924714
0.09404 , 0.134 , 94.04 , 94.26804
0.094348 , 0.132 , 94.348 , 94.574348
0.094674 , 0.138 , 94.674 , 94.906674
0.095012 , 0.15 , 95.012 , 95.257012
0.095382 , 0.131 , 95.382 , 95.608382
0.095718 , 0.132 , 95.718 , 95.945718
0.096044 , 0.116 , 96.044 , 96.256044
0.096352 , 0.116 , 96.352 , 96.564352
0.096676 , 0.122 , 96.676 , 96.894676
0.096984 , 0.131 , 96.984 , 97.211984
0.09732 , 0.131 , 97.32 , 97.54832
0.097646 , 0.133 , 97.646 , 97.876646
0.097954 , 0.131 , 97.954 , 98.182954
0.098278 , 0.123 , 98.278 , 98.499278
0.098616 , 0.116 , 98.616 , 98.830616
0.098924 , 0.116 , 98.924 , 99.138924
0.099218 , 0.132 , 99.218 , 99.449218
0.099556 , 0.132 , 99.556 , 99.787556
0.099882 , 0.138 , 99.882 , 100.119882
0.100252 , 0.133 , 100.252 , 100.485252
0.10059 , 0.132 , 100.59 , 100.82259
0.100928 , 0.116 , 100.928 , 101.144928
0.101254 , 0.116 , 101.254 , 101.471254
0.10156 , 0.117 , 101.56 , 101.77856
0.101888 , 0.119 , 101.888 , 102.108888
0.102194 , 0.116 , 102.194 , 102.412194
0.10249 , 0.122 , 102.49 , 102.71449
0.102828 , 0.131 , 102.828 , 103.061828
0.103166 , 0.115 , 103.166 , 103.384166
0.103458 , 0.116 , 103.458 , 103.677458
0.103766 , 0.131 , 103.766 , 104.000766
0.104092 , 0.121 , 104.092 , 104.317092
0.104398 , 0.131 , 104.398 , 104.633398
0.104736 , 0.116 , 104.736 , 104.956736
0.10503 , 0.116 , 105.03 , 105.25103
0.105336 , 0.116 , 105.336 , 105.557336
0.105632 , 0.116 , 105.632 , 105.853632
0.105938 , 0.116 , 105.938 , 106.159938
0.106232 , 0.132 , 106.232 , 106.470232
0.106538 , 0.116 , 106.538 , 106.760538
0.106864 , 0.116 , 106.864 , 107.086864
0.12317 , 0.116 , 107.17 , 107.40917
0.107496 , 0.121 , 107.496 , 107.724496
0.107802 , 0.116 , 107.802 , 108.025802
0.108098 , 0.121 , 108.098 , 108.327098
0.108404 , 0.115 , 108.404 , 108.627404
0.108732 , 0.105 , 108.732 , 108.945732
0.109036 , 0.116 , 109.036 , 109.261036
0.109342 , 0.116 , 109.342 , 109.567342
0.109668 , 0.115 , 109.668 , 109.892668
0.109974 , 0.132 , 109.974 , 110.215974
0.1103 , 0.119 , 110.3 , 110.5293
0.110592 , 0.115 , 110.592 , 110.817592
0.1109 , 0.122 , 110.9 , 111.1329
0.111206 , 0.116 , 111.206 , 111.433206
0.111502 , 0.121 , 111.502 , 111.734502
0.111806 , 0.116 , 111.806 , 112.033806
0.112132 , 0.106 , 112.132 , 112.350132
0.112408 , 0.116 , 112.408 , 112.636408
0.112734 , 0.106 , 112.734 , 112.952734
0.11301 , 0.116 , 113.01 , 113.23901
0.113304 , 0.122 , 113.304 , 113.539304
0.11361 , 0.132 , 113.61 , 113.85561
0.113948 , 0.115 , 113.948 , 114.176948
0.114244 , 0.116 , 114.244 , 114.474244
0.11455 , 0.116 , 114.55 , 114.78055
0.114876 , 0.116 , 114.876 , 115.106876
0.115184 , 0.116 , 115.184 , 115.415184
0.115494 , 0.119 , 115.494 , 115.728494
0.115816 , 0.116 , 115.816 , 116.047816
0.11611 , 0.137 , 116.11 , 116.36311
0.116448 , 0.116 , 116.448 , 116.680448
0.116754 , 0.116 , 116.754 , 116.986754
0.117048 , 0.116 , 117.048 , 117.281048
0.117354 , 0.132 , 117.354 , 117.603354
0.11868 , 0.136 , 117.68 , 117.93468
0.118018 , 0.131 , 118.018 , 118.267018
0.118348 , 0.118 , 118.348 , 118.584348
0.11865 , 0.116 , 118.65 , 118.88465
0.118956 , 0.131 , 118.956 , 119.205956
0.11928 , 0.138 , 119.28 , 119.53728
0.119618 , 0.132 , 119.618 , 119.869618
0.119956 , 0.116 , 119.956 , 120.191956
0.120252 , 0.116 , 120.252 , 120.488252
0.120556 , 0.132 , 120.556 , 120.808556
0.120882 , 0.116 , 120.882 , 121.118882
0.12119 , 0.115 , 121.19 , 121.42619
0.121484 , 0.115 , 121.484 , 121.720484
0.12179 , 0.132 , 121.79 , 122.04379
0.122116 , 0.122 , 122.116 , 122.360116
0.122422 , 0.132 , 122.422 , 122.676422
0.12276 , 0.116 , 122.76 , 122.99876
0.123056 , 0.131 , 123.056 , 123.310056
0.123377 , 0.132 , 123.377 , 123.632377
0.123718 , 0.123 , 123.718 , 123.964718
0.124026 , 0.116 , 124.026 , 124.266026
0.12432 , 0.117 , 124.32 , 124.56132
0.124596 , 0.131 , 124.596 , 124.851596
0.12492 , 0.123 , 124.92 , 125.16792
0.125228 , 0.116 , 125.228 , 125.469228
0.125522 , 0.122 , 125.522 , 125.769522
0.12583 , 0.116 , 125.83 , 126.07183
0.126124 , 0.138 , 126.124 , 126.388124
0.126462 , 0.116 , 126.462 , 126.704462
0.126768 , 0.116 , 126.768 , 127.010768
0.127062 , 0.116 , 127.062 , 127.305062
0.127368 , 0.117 , 127.368 , 127.612368
0.127664 , 0.116 , 127.664 , 127.907664
0.128002 , 0.132 , 128.002 , 128.262002
0.128328 , 0.12 , 128.328 , 128.576328
0.128634 , 0.116 , 128.634 , 128.878634
0.12893 , 0.122 , 128.93 , 129.18093
0.129268 , 0.116 , 129.268 , 129.513268
0.129574 , 0.116 , 129.574 , 129.819574
0.129868 , 0.116 , 129.868 , 130.113868
0.130174 , 0.147 , 130.174 , 130.451174
0.130568 , 0.119 , 130.568 , 130.817568
0.146868 , 0.116 , 130.868 , 131.130868
0.131174 , 0.116 , 131.174 , 131.421174
0.131468 , 0.116 , 131.468 , 131.715468
0.131774 , 0.132 , 131.774 , 132.037774
0.1321 , 0.116 , 132.1 , 132.3481
0.132408 , 0.115 , 132.408 , 132.655408
0.1327 , 0.117 , 132.7 , 132.9497
0.133008 , 0.101 , 133.008 , 133.242008
0.133304 , 0.115 , 133.304 , 133.552304
0.133608 , 0.116 , 133.608 , 133.857608
0.133902 , 0.116 , 133.902 , 134.151902
0.13421 , 0.1 , 134.21 , 134.44421
0.134504 , 0.116 , 134.504 , 134.754504
0.13481 , 0.116 , 134.81 , 135.06081
0.135104 , 0.116 , 135.104 , 135.355104
0.135412 , 0.116 , 135.412 , 135.663412
0.135706 , 0.115 , 135.706 , 135.956706
0.136014 , 0.131 , 136.014 , 136.281014
0.136338 , 0.122 , 136.338 , 136.596338
0.136644 , 0.116 , 136.644 , 136.896644
0.136938 , 0.123 , 136.938 , 137.197938
0.137246 , 0.116 , 137.246 , 137.499246
0.13754 , 0.122 , 137.54 , 137.79954
0.137846 , 0.116 , 137.846 , 138.099846
0.13814 , 0.123 , 138.14 , 138.40114
0.138448 , 0.116 , 138.448 , 138.702448
0.138742 , 0.122 , 138.742 , 139.002742
0.13905 , 0.116 , 139.05 , 139.30505
0.139375 , 0.106 , 139.375 , 139.620375
0.13965 , 0.116 , 139.65 , 139.90565
0.139948 , 0.118 , 139.948 , 140.205948
0.140252 , 0.116 , 140.252 , 140.508252
0.140546 , 0.122 , 140.546 , 140.808546
0.140852 , 0.116 , 140.852 , 141.108852
0.141146 , 0.122 , 141.146 , 141.409146
0.141452 , 0.116 , 141.452 , 141.709452
0.141746 , 0.122 , 141.746 , 142.009746
0.142054 , 0.116 , 142.054 , 142.312054
0.142348 , 0.122 , 142.348 , 142.612348
0.142654 , 0.116 , 142.654 , 142.912654
0.14295 , 0.122 , 142.95 , 143.21495
0.143264 , 0.112 , 143.264 , 143.519264
0.14355 , 0.122 , 143.55 , 143.81555
0.143856 , 0.116 , 143.856 , 144.115856
0.144226 , 0.116 , 144.226 , 144.486226
0.14452 , 0.115 , 144.52 , 144.77952
0.144826 , 0.115 , 144.826 , 145.085826
0.145118 , 0.117 , 145.118 , 145.380118
0.145394 , 0.117 , 145.394 , 145.656394
0.14569 , 0.131 , 145.69 , 145.96669
0.146028 , 0.116 , 146.028 , 146.290028
0.146322 , 0.115 , 146.322 , 146.583322
0.146628 , 0.116 , 146.628 , 146.890628
0.146924 , 0.115 , 146.924 , 147.185924
0.14723 , 0.116 , 147.23 , 147.49323
0.147556 , 0.1 , 147.556 , 147.803556
0.14783 , 0.116 , 147.83 , 148.09383
0.148156 , 0.121 , 148.156 , 148.425156
0.148462 , 0.116 , 148.462 , 148.726462
0.14879 , 0.104 , 148.79 , 149.04279
0.149094 , 0.1 , 149.094 , 149.343094
0.149358 , 0.122 , 149.358 , 149.629358
0.149666 , 0.115 , 149.666 , 149.930666
0.14996 , 0.121 , 149.96 , 150.23096
0.150264 , 0.116 , 150.264 , 150.530264
0.15056 , 0.121 , 150.56 , 150.83156
0.150866 , 0.116 , 150.866 , 151.132866
0.15116 , 0.122 , 151.16 , 151.43316
0.151466 , 0.116 , 151.466 , 151.733466
0.16676 , 0.101 , 151.76 , 152.02776
0.152036 , 0.116 , 152.036 , 152.304036
0.15233 , 0.116 , 152.33 , 152.59833
0.152636 , 0.116 , 152.636 , 152.904636
0.152962 , 0.12 , 152.962 , 153.234962
0.153268 , 0.101 , 153.268 , 153.522268
0.169532 , 0.116 , 153.532 , 153.817532
0.15384 , 0.116 , 153.84 , 154.10984
0.154164 , 0.123 , 154.164 , 154.441164
0.154472 , 0.116 , 154.472 , 154.742472
0.154766 , 0.116 , 154.766 , 155.036766
0.155042 , 0.132 , 155.042 , 155.329042
0.155368 , 0.122 , 155.368 , 155.645368
0.155676 , 0.115 , 155.676 , 155.946676
0.15597 , 0.122 , 155.97 , 156.24797
0.156276 , 0.116 , 156.276 , 156.548276
0.156572 , 0.122 , 156.572 , 156.850572
0.156878 , 0.116 , 156.878 , 157.150878
0.157204 , 0.107 , 157.204 , 157.468204
0.15748 , 0.116 , 157.48 , 157.75348
0.157774 , 0.119 , 157.774 , 158.050774
0.15808 , 0.116 , 158.08 , 158.35408
0.158376 , 0.12 , 158.376 , 158.654376
0.15868 , 0.101 , 158.68 , 158.93968
0.158944 , 0.116 , 158.944 , 159.218944
0.15925 , 0.116 , 159.25 , 159.52525
0.159576 , 0.119 , 159.576 , 159.854576
0.159882 , 0.116 , 159.882 , 160.157882
0.175176 , 0.1 , 160.176 , 160.451176
0.16045 , 0.116 , 160.45 , 160.72645
0.160776 , 0.12 , 160.776 , 161.056776
0.176082 , 0.101 , 161.082 , 161.359082
0.161378 , 0.099 , 161.378 , 161.638378
0.161654 , 0.115 , 161.654 , 161.930654
0.161946 , 0.117 , 161.946 , 162.224946
0.162254 , 0.116 , 162.254 , 162.532254
0.162548 , 0.115 , 162.548 , 162.825548
0.162854 , 0.1 , 162.854 , 163.116854
0.163133 , 0.1 , 163.133 , 163.396133
0.163422 , 0.117 , 163.422 , 163.702422
0.163748 , 0.116 , 163.748 , 164.027748
0.164024 , 0.116 , 164.024 , 164.304024
0.179318 , 0.101 , 164.318 , 164.598318
0.164616 , 0.105 , 164.616 , 164.885616
0.18089 , 0.115 , 164.89 , 165.18589
0.165221 , 0.103 , 165.221 , 165.489221
0.165522 , 0.1 , 165.522 , 165.787522
0.165784 , 0.106 , 165.784 , 166.055784
0.166092 , 0.116 , 166.092 , 166.374092
0.166423 , 0.103 , 166.423 , 166.692423
0.166694 , 0.115 , 166.694 , 166.975694
0.166988 , 0.121 , 166.988 , 167.275988
0.167294 , 0.116 , 167.294 , 167.577294
0.167588 , 0.121 , 167.588 , 167.876588
0.167894 , 0.101 , 167.894 , 168.162894
0.16819 , 0.099 , 168.19 , 168.45719
0.168464 , 0.115 , 168.464 , 168.747464
0.168758 , 0.115 , 168.758 , 169.041758
0.169064 , 0.116 , 169.064 , 169.349064
0.169358 , 0.116 , 169.358 , 169.643358
0.169632 , 0.117 , 169.632 , 169.918632
0.16993 , 0.115 , 169.93 , 170.21493
0.170234 , 0.116 , 170.234 , 170.520234
0.170528 , 0.116 , 170.528 , 170.814528
0.170834 , 0.101 , 170.834 , 171.105834
0.171114 , 0.1 , 171.114 , 171.385114
0.171392 , 0.122 , 171.392 , 171.685392
0.1717 , 0.115 , 171.7 , 171.9867
0.171992 , 0.122 , 171.992 , 172.285992
0.172298 , 0.116 , 172.298 , 172.586298
0.172594 , 0.1 , 172.594 , 172.866594
0.17287 , 0.116 , 172.87 , 173.15887
0.173164 , 0.115 , 173.164 , 173.452164
0.17347 , 0.1 , 173.47 , 173.74347
0.173732 , 0.116 , 173.732 , 174.021732
0.17404 , 0.116 , 174.04 , 174.33004
0.174334 , 0.116 , 174.334 , 174.624334
0.17464 , 0.101 , 174.64 , 174.91564
0.174904 , 0.116 , 174.904 , 175.194904
0.175198 , 0.122 , 175.198 , 175.495198
0.175504 , 0.116 , 175.504 , 175.795504
0.1758 , 0.118 , 175.8 , 176.0938
0.176074 , 0.115 , 176.074 , 176.365074
0.176368 , 0.116 , 176.368 , 176.660368
0.176642 , 0.116 , 176.642 , 176.934642
0.176938 , 0.116 , 176.938 , 177.230938
0.177244 , 0.116 , 177.244 , 177.537244
0.177538 , 0.101 , 177.538 , 177.816538
0.177802 , 0.107 , 177.802 , 178.086802
0.178108 , 0.116 , 178.108 , 178.402108
0.178404 , 0.122 , 178.404 , 178.704404
0.17871 , 0.101 , 178.71 , 178.98971
0.179004 , 0.1 , 179.004 , 179.283004
0.17928 , 0.115 , 179.28 , 179.57428
0.179574 , 0.116 , 179.574 , 179.869574
0.179882 , 0.115 , 179.882 , 180.176882
0.180176 , 0.115 , 180.176 , 180.471176
0.18048 , 0.101 , 180.48 , 180.76148
0.180776 , 0.1 , 180.776 , 181.056776
0.181052 , 0.116 , 181.052 , 181.349052
0.181346 , 0.1 , 181.346 , 181.627346
0.181642 , 0.104 , 181.642 , 181.927642
0.181916 , 0.116 , 181.916 , 182.213916
0.18221 , 0.117 , 182.21 , 182.50921
0.182484 , 0.116 , 182.484 , 182.782484
0.182778 , 0.116 , 182.778 , 183.076778
0.183054 , 0.1 , 183.054 , 183.337054
0.183348 , 0.101 , 183.348 , 183.632348
0.183646 , 0.103 , 183.646 , 183.932646
0.183918 , 0.1 , 183.918 , 184.201918
0.184212 , 0.1 , 184.212 , 184.496212
0.184488 , 0.1 , 184.488 , 184.772488
0.18475 , 0.116 , 184.75 , 185.05075
0.185056 , 0.101 , 185.056 , 185.342056
0.18532 , 0.116 , 185.32 , 185.62132
0.185614 , 0.117 , 185.614 , 185.916614
0.18589 , 0.115 , 185.89 , 186.19089
0.186184 , 0.1 , 186.184 , 186.470184
0.186458 , 0.116 , 186.458 , 186.760458
0.186752 , 0.101 , 186.752 , 187.039752
0.187016 , 0.121 , 187.016 , 187.324016
0.187322 , 0.1 , 187.322 , 187.609322
0.187584 , 0.101 , 187.584 , 187.872584
0.18786 , 0.1 , 187.86 , 188.14786
0.188154 , 0.1 , 188.154 , 188.442154
0.188418 , 0.1 , 188.418 , 188.706418
0.188692 , 0.101 , 188.692 , 188.981692
0.188956 , 0.116 , 188.956 , 189.260956
0.189262 , 0.101 , 189.262 , 189.552262
0.189526 , 0.116 , 189.526 , 189.831526
0.18982 , 0.122 , 189.82 , 190.13182
0.190126 , 0.116 , 190.126 , 190.432126
0.191422 , 0.117 , 190.422 , 190.730422
0.190698 , 0.116 , 190.698 , 191.004698
0.190992 , 0.115 , 190.992 , 191.297992
0.207298 , 0.1 , 191.298 , 191.605298
0.191592 , 0.1 , 191.592 , 191.883592
0.191866 , 0.117 , 191.866 , 192.174866
0.192162 , 0.115 , 192.162 , 192.469162
0.192468 , 0.1 , 192.468 , 192.760468
0.19273 , 0.116 , 192.73 , 193.03873
0.193024 , 0.122 , 193.024 , 193.339024
0.193332 , 0.116 , 193.332 , 193.641332
0.193626 , 0.117 , 193.626 , 193.936626
0.1939 , 0.116 , 193.9 , 194.2099
0.194194 , 0.116 , 194.194 , 194.504194
0.194502 , 0.116 , 194.502 , 194.812502
0.194796 , 0.1 , 194.796 , 195.090796
0.19507 , 0.116 , 195.07 , 195.38107
0.195364 , 0.116 , 195.364 , 195.675364
0.195672 , 0.116 , 195.672 , 195.983672
0.195966 , 0.116 , 195.966 , 196.277966
0.196272 , 0.116 , 196.272 , 196.584272
0.196566 , 0.116 , 196.566 , 196.878566
0.196872 , 0.101 , 196.872 , 197.169872
0.197168 , 0.1 , 197.168 , 197.465168
0.197464 , 0.104 , 197.464 , 197.765464
0.197736 , 0.116 , 197.736 , 198.049736
0.19803 , 0.122 , 198.03 , 198.35003
0.198336 , 0.116 , 198.336 , 198.650336
0.198632 , 0.121 , 198.632 , 198.951632
0.198938 , 0.116 , 198.938 , 199.252938
0.199232 , 0.122 , 199.232 , 199.553232
0.199538 , 0.116 , 199.538 , 199.853538
0.199832 , 0.122 , 199.832 , 200.153832
0.20014 , 0.116 , 200.14 , 200.45614
0.200434 , 0.122 , 200.434 , 200.756434
0.200742 , 0.115 , 200.742 , 201.057742
0.201036 , 0.107 , 201.036 , 201.344036
0.201342 , 0.116 , 201.342 , 201.659342
0.201672 , 0.104 , 201.672 , 201.977672
0.20196 , 0.116 , 201.96 , 202.27796
0.20228 , 0.1 , 202.28 , 202.58228
0.202576 , 0.116 , 202.576 , 202.894576
0.20288 , 0.101 , 202.88 , 203.18388
0.203146 , 0.116 , 203.146 , 203.465146
0.20344 , 0.121 , 203.44 , 203.76444
0.203746 , 0.1 , 203.746 , 204.049746
0.20404 , 0.1 , 204.04 , 204.34404
0.204316 , 0.115 , 204.316 , 204.635316
0.204608 , 0.116 , 204.608 , 204.928608
0.204884 , 0.116 , 204.884 , 205.204884
0.205178 , 0.116 , 205.178 , 205.499178
0.205484 , 0.101 , 205.484 , 205.790484
0.205748 , 0.1 , 205.748 , 206.053748
0.206042 , 0.1 , 206.042 , 206.348042
0.206318 , 0.1 , 206.318 , 206.624318
0.206612 , 0.1 , 206.612 , 206.918612
0.206888 , 0.1 , 206.888 , 207.194888
0.20715 , 0.116 , 207.15 , 207.47315
0.207446 , 0.1 , 207.446 , 207.753446
0.20772 , 0.116 , 207.72 , 208.04372
0.208014 , 0.116 , 208.014 , 208.338014
0.20832 , 0.101 , 208.32 , 208.62932
0.208584 , 0.116 , 208.584 , 208.908584
0.20889 , 0.1 , 208.89 , 209.19889
0.209184 , 0.101 , 209.184 , 209.494184
0.210448 , 0.121 , 209.448 , 209.779448
0.209756 , 0.1 , 209.756 , 210.065756
0.21002 , 0.113 , 210.02 , 210.34302
0.210322 , 0.116 , 210.322 , 210.648322
0.210616 , 0.1 , 210.616 , 210.926616
0.21089 , 0.116 , 210.89 , 211.21689
0.211186 , 0.116 , 211.186 , 211.513186
0.21149 , 0.101 , 211.49 , 211.80249
0.211756 , 0.116 , 211.756 , 212.083756
0.21205 , 0.1 , 212.05 , 212.36205
0.212326 , 0.115 , 212.326 , 212.653326
0.21262 , 0.115 , 212.62 , 212.94762
0.212894 , 0.116 , 212.894 , 213.222894
0.213188 , 0.116 , 213.188 , 213.517188
0.213494 , 0.101 , 213.494 , 213.808494
0.213758 , 0.116 , 213.758 , 214.087758
0.214052 , 0.12 , 214.052 , 214.386052
0.214358 , 0.116 , 214.358 , 214.688358
0.214652 , 0.1 , 214.652 , 214.966652
0.214928 , 0.116 , 214.928 , 215.258928
0.215222 , 0.116 , 215.222 , 215.553222
0.215528 , 0.101 , 215.528 , 215.844528
0.215824 , 0.1 , 215.824 , 216.139824
0.216098 , 0.116 , 216.098 , 216.430098
0.216392 , 0.116 , 216.392 , 216.724392
0.216698 , 0.101 , 216.698 , 217.015698
0.216994 , 0.1 , 216.994 , 217.310994
0.217256 , 0.122 , 217.256 , 217.595256
0.217564 , 0.116 , 217.564 , 217.897564
0.217858 , 0.1 , 217.858 , 218.175858
0.218132 , 0.116 , 218.132 , 218.466132
0.218426 , 0.115 , 218.426 , 218.759426
0.218732 , 0.1 , 218.732 , 219.050732
0.219026 , 0.1 , 219.026 , 219.345026
0.219302 , 0.116 , 219.302 , 219.637302
0.219596 , 0.116 , 219.596 , 219.931596
0.219902 , 0.101 , 219.902 , 220.222902
0.220198 , 0.115 , 220.198 , 220.533198
0.2205 , 0.102 , 220.5 , 220.8225
0.235783 , 0.101 , 220.783 , 221.119783
0.2211 , 0.102 , 221.1 , 221.4231
0.221368 , 0.116 , 221.368 , 221.705368
0.221694 , 0.106 , 221.694 , 222.021694
0.221968 , 0.116 , 221.968 , 222.305968
0.222262 , 0.122 , 222.262 , 222.606262
0.22257 , 0.116 , 222.57 , 222.90857
0.222864 , 0.122 , 222.864 , 223.208864
0.22317 , 0.116 , 223.17 , 223.50917
0.223464 , 0.122 , 223.464 , 223.809464
0.223772 , 0.116 , 223.772 , 224.111772
0.224066 , 0.121 , 224.066 , 224.411066
0.22437 , 0.117 , 224.37 , 224.71137
0.224666 , 0.117 , 224.666 , 225.007666
0.224942 , 0.116 , 224.942 , 225.282942
0.225236 , 0.116 , 225.236 , 225.577236
0.225542 , 0.116 , 225.542 , 225.883542
0.225836 , 0.116 , 225.836 , 226.177836
0.226144 , 0.115 , 226.144 , 226.485144
0.226438 , 0.1 , 226.438 , 226.764438
0.226712 , 0.116 , 226.712 , 227.054712
0.227006 , 0.116 , 227.006 , 227.349006
0.227314 , 0.1 , 227.314 , 227.641314
0.227608 , 0.1 , 227.608 , 227.935608
0.22787 , 0.122 , 227.87 , 228.21987
0.228176 , 0.116 , 228.176 , 228.520176
0.228472 , 0.116 , 228.472 , 228.816472
0.228746 , 0.116 , 228.746 , 229.090746
0.229042 , 0.115 , 229.042 , 229.386042
0.229348 , 0.116 , 229.348 , 229.693348
0.229642 , 0.1 , 229.642 , 229.971642
0.229916 , 0.116 , 229.916 , 230.261916
0.230212 , 0.115 , 230.212 , 230.557212
0.230518 , 0.1 , 230.518 , 230.848518
0.23078 , 0.116 , 230.78 , 231.12678
0.231076 , 0.12 , 231.076 , 231.427076
0.23138 , 0.1 , 231.38 , 231.71138
0.231644 , 0.115 , 231.644 , 231.990644
0.23195 , 0.101 , 231.95 , 232.28295
0.232214 , 0.116 , 232.214 , 232.562214
0.23252 , 0.101 , 232.52 , 232.85352
0.232784 , 0.101 , 232.784 , 233.117784
0.234078 , 0.12 , 233.078 , 233.432078
0.233384 , 0.1 , 233.384 , 233.717384
0.233646 , 0.116 , 233.646 , 233.995646
0.233952 , 0.101 , 233.952 , 234.286952
0.234216 , 0.1 , 234.216 , 234.550216
0.234522 , 0.101 , 234.522 , 234.857522
0.234818 , 0.1 , 234.818 , 235.152818
0.23508 , 0.121 , 235.08 , 235.43608
0.235386 , 0.1 , 235.386 , 235.721386
0.235648 , 0.116 , 235.648 , 235.999648
0.235954 , 0.101 , 235.954 , 236.290954
0.236218 , 0.116 , 236.218 , 236.570218
0.236524 , 0.101 , 236.524 , 236.861524
0.236788 , 0.116 , 236.788 , 237.140788
0.237082 , 0.1 , 237.082 , 237.419082
0.237358 , 0.1 , 237.358 , 237.695358
0.23762 , 0.116 , 237.62 , 237.97362
0.237926 , 0.116 , 237.926 , 238.279926
0.23822 , 0.101 , 238.22 , 238.55922
0.253484 , 0.1 , 238.484 , 238.837484
0.238758 , 0.116 , 238.758 , 239.112758
0.239052 , 0.116 , 239.052 , 239.407052
0.239343 , 0.101 , 239.343 , 239.683343
0.239622 , 0.1 , 239.622 , 239.961622
0.239886 , 0.117 , 239.886 , 240.242886
0.24016 , 0.116 , 240.16 , 240.51616
0.240486 , 0.1 , 240.486 , 240.826486
0.240762 , 0.1 , 240.762 , 241.102762
0.241056 , 0.1 , 241.056 , 241.397056
0.24133 , 0.1 , 241.33 , 241.67133
0.241592 , 0.116 , 241.592 , 241.949592
0.241886 , 0.118 , 241.886 , 242.245886
0.242162 , 0.116 , 242.162 , 242.520162
0.242458 , 0.1 , 242.458 , 242.800458
0.242732 , 0.116 , 242.732 , 243.090732
0.243026 , 0.1 , 243.026 , 243.369026
0.243305 , 0.105 , 243.305 , 243.653305
0.243596 , 0.1 , 243.596 , 243.939596
0.24386 , 0.115 , 243.86 , 244.21886
0.244166 , 0.1 , 244.166 , 244.510166
0.244428 , 0.1 , 244.428 , 244.772428
0.24469 , 0.1 , 244.69 , 245.03469
0.244966 , 0.1 , 244.966 , 245.310966
0.24526 , 0.1 , 245.26 , 245.60526
0.245536 , 0.1 , 245.536 , 245.881536
0.24583 , 0.1 , 245.83 , 246.17583
0.246092 , 0.1 , 246.092 , 246.438092
0.246368 , 0.1 , 246.368 , 246.714368
0.246662 , 0.1 , 246.662 , 247.008662
0.246936 , 0.101 , 246.936 , 247.283936
0.2472 , 0.1 , 247.2 , 247.5472
0.247464 , 0.115 , 247.464 , 247.826464
0.247738 , 0.1 , 247.738 , 248.085738
0.248032 , 0.1 , 248.032 , 248.380032
0.249296 , 0.115 , 248.296 , 248.660296
0.24857 , 0.116 , 248.57 , 248.93457
0.248864 , 0.101 , 248.864 , 249.213864
0.249138 , 0.116 , 249.138 , 249.503138
0.249434 , 0.1 , 249.434 , 249.783434
0.249696 , 0.1 , 249.696 , 250.045696
0.249972 , 0.1 , 249.972 , 250.321972
0.250266 , 0.1 , 250.266 , 250.616266
0.250542 , 0.1 , 250.542 , 250.892542
0.250804 , 0.1 , 250.804 , 251.154804
0.251098 , 0.099 , 251.098 , 251.448098
0.251372 , 0.1 , 251.372 , 251.723372
0.251636 , 0.116 , 251.636 , 252.003636
0.251936 , 0.103 , 251.936 , 252.290936
0.252204 , 0.1 , 252.204 , 252.556204
0.252466 , 0.101 , 252.466 , 252.819466
0.252742 , 0.1 , 252.742 , 253.094742
0.253004 , 0.116 , 253.004 , 253.373004
0.2533 , 0.1 , 253.3 , 253.6533
0.253576 , 0.1 , 253.576 , 253.929576
0.253838 , 0.116 , 253.838 , 254.207838
0.254144 , 0.101 , 254.144 , 254.499144
0.254408 , 0.116 , 254.408 , 254.778408
0.254702 , 0.101 , 254.702 , 255.057702
0.25498 , 0.1 , 254.98 , 255.33498
0.255242 , 0.1 , 255.242 , 255.597242
0.25554 , 0.102 , 255.54 , 255.89754
0.25578 , 0.1 , 255.78 , 256.13578
0.256074 , 0.1 , 256.074 , 256.430074
0.256348 , 0.101 , 256.348 , 256.705348
0.256612 , 0.116 , 256.612 , 256.984612
0.256906 , 0.1 , 256.906 , 257.262906
0.25715 , 0.1 , 257.15 , 257.50715
0.257414 , 0.1 , 257.414 , 257.771414
0.257708 , 0.1 , 257.708 , 258.065708
0.257984 , 0.1 , 257.984 , 258.341984
0.258246 , 0.116 , 258.246 , 258.620246
0.259548 , 0.1 , 258.548 , 258.907548
0.258814 , 0.1 , 258.814 , 259.172814
0.259076 , 0.101 , 259.076 , 259.436076
0.259352 , 0.1 , 259.352 , 259.711352
0.259616 , 0.1 , 259.616 , 259.975616
0.259878 , 0.1 , 259.878 , 260.237878
0.260152 , 0.101 , 260.152 , 260.513152
0.260448 , 0.1 , 260.448 , 260.808448
0.26071 , 0.1 , 260.71 , 261.07071
0.260984 , 0.101 , 260.984 , 261.345984
0.261248 , 0.1 , 261.248 , 261.609248
0.26151 , 0.1 , 261.51 , 261.87151
0.261786 , 0.1 , 261.786 , 262.147786
0.262048 , 0.101 , 262.048 , 262.411048
0.262312 , 0.099 , 262.312 , 262.673312
0.262586 , 0.101 , 262.586 , 262.949586
0.26285 , 0.1 , 262.85 , 263.21285
0.263114 , 0.099 , 263.114 , 263.476114
0.263388 , 0.101 , 263.388 , 263.752388
0.263652 , 0.1 , 263.652 , 264.015652
0.263946 , 0.084 , 263.946 , 264.293946
0.26419 , 0.1 , 264.19 , 264.55419
0.264452 , 0.101 , 264.452 , 264.817452
0.264716 , 0.1 , 264.716 , 265.080716
0.26499 , 0.101 , 264.99 , 265.35599
0.265254 , 0.1 , 265.254 , 265.619254
0.265516 , 0.1 , 265.516 , 265.881516
0.265792 , 0.1 , 265.792 , 266.157792
0.266056 , 0.1 , 266.056 , 266.422056
0.266318 , 0.1 , 266.318 , 266.684318
0.266594 , 0.1 , 266.594 , 266.960594
0.266856 , 0.101 , 266.856 , 267.223856
0.26712 , 0.1 , 267.12 , 267.48712
0.267364 , 0.084 , 267.364 , 267.715364
0.267626 , 0.101 , 267.626 , 267.994626
0.26789 , 0.1 , 267.89 , 268.25789
0.268164 , 0.101 , 268.164 , 268.533164
0.268428 , 0.1 , 268.428 , 268.796428
0.26869 , 0.101 , 268.69 , 269.05969
0.268958 , 0.082 , 268.958 , 269.308958
0.269198 , 0.1 , 269.198 , 269.567198
0.269462 , 0.1 , 269.462 , 269.831462
0.269724 , 0.101 , 269.724 , 270.094724
0.27 , 0.084 , 270 , 270.354
0.270262 , 0.1 , 270.262 , 270.632262
0.270526 , 0.1 , 270.526 , 270.896526
0.270802 , 0.1 , 270.802 , 271.172802
0.271064 , 0.1 , 271.064 , 271.435064
0.287328 , 0.084 , 271.328 , 271.699328
0.27157 , 0.101 , 271.57 , 271.94257
0.271836 , 0.099 , 271.836 , 272.206836
0.272128 , 0.1 , 272.128 , 272.500128
0.272402 , 0.085 , 272.402 , 272.759402
0.272634 , 0.1 , 272.634 , 273.006634
0.272928 , 0.1 , 272.928 , 273.300928
0.289172 , 0.1 , 273.172 , 273.561172
0.273466 , 0.1 , 273.466 , 273.839466
0.273728 , 0.084 , 273.728 , 274.085728
0.273972 , 0.1 , 273.972 , 274.345972
0.274236 , 0.1 , 274.236 , 274.610236
0.27453 , 0.1 , 274.53 , 274.90453
0.274774 , 0.1 , 274.774 , 275.148774
0.275038 , 0.1 , 275.038 , 275.413038
0.2753 , 0.1 , 275.3 , 275.6753
0.275576 , 0.1 , 275.576 , 275.951576
0.275838 , 0.1 , 275.838 , 276.213838
0.2761 , 0.101 , 276.1 , 276.4771
0.276376 , 0.1 , 276.376 , 276.752376
0.276638 , 0.101 , 276.638 , 277.015638
0.276902 , 0.1 , 276.902 , 277.278902
0.277176 , 0.101 , 277.176 , 277.554176
0.27744 , 0.1 , 277.44 , 277.81744
0.277704 , 0.1 , 277.704 , 278.081704
0.277978 , 0.1 , 277.978 , 278.355978
0.27824 , 0.101 , 278.24 , 278.61924
0.278504 , 0.099 , 278.504 , 278.881504
0.278778 , 0.1 , 278.778 , 279.156778
0.27904 , 0.101 , 279.04 , 279.42004
0.279304 , 0.1 , 279.304 , 279.683304
0.279578 , 0.1 , 279.578 , 279.957578
0.27984 , 0.1 , 279.84 , 280.21984
0.280104 , 0.099 , 280.104 , 280.483104
0.280378 , 0.101 , 280.378 , 280.759378
0.280642 , 0.1 , 280.642 , 281.022642
0.280936 , 0.084 , 280.936 , 281.300936
0.28118 , 0.1 , 281.18 , 281.56118
0.281442 , 0.101 , 281.442 , 281.824442
0.281706 , 0.1 , 281.706 , 282.087706
0.28198 , 0.101 , 281.98 , 282.36298
0.282244 , 0.101 , 282.244 , 282.627244
0.282508 , 0.1 , 282.508 , 282.890508
0.28378 , 0.099 , 282.78 , 283.16278
0.283046 , 0.086 , 283.046 , 283.415046
0.28331 , 0.085 , 283.31 , 283.67831
0.283574 , 0.083 , 283.574 , 283.940574
0.283818 , 0.1 , 283.818 , 284.201818
0.284112 , 0.1 , 284.112 , 284.496112
0.285386 , 0.098 , 284.386 , 284.769386
0.284648 , 0.085 , 284.648 , 285.017648
0.284912 , 0.1 , 284.912 , 285.296912
0.285184 , 0.1 , 285.184 , 285.569184
0.28545 , 0.1 , 285.45 , 285.83545
0.285712 , 0.1 , 285.712 , 286.097712
0.285982 , 0.097 , 285.982 , 286.364982
0.28622 , 0.1 , 286.22 , 286.60622
0.286482 , 0.1 , 286.482 , 286.868482
0.286744 , 0.1 , 286.744 , 287.130744
0.28702 , 0.1 , 287.02 , 287.40702
0.287284 , 0.1 , 287.284 , 287.671284
0.287546 , 0.1 , 287.546 , 287.933546
0.28782 , 0.101 , 287.82 , 288.20882
0.288084 , 0.085 , 288.084 , 288.457084
0.288316 , 0.1 , 288.316 , 288.704316
0.288592 , 0.099 , 288.592 , 288.979592
0.288854 , 0.1 , 288.854 , 289.242854
0.289132 , 0.084 , 289.132 , 289.505132
0.28939 , 0.101 , 289.39 , 289.78039
0.289654 , 0.1 , 289.654 , 290.043654
0.28995 , 0.098 , 289.95 , 290.33795
0.29019 , 0.1 , 290.19 , 290.58019
0.290484 , 0.085 , 290.484 , 290.859484
0.290716 , 0.101 , 290.716 , 291.107716
0.29099 , 0.101 , 290.99 , 291.38199
0.291254 , 0.1 , 291.254 , 291.645254
0.291518 , 0.1 , 291.518 , 291.909518
0.292792 , 0.096 , 291.792 , 292.180792
0.292024 , 0.1 , 292.024 , 292.416024
0.292318 , 0.1 , 292.318 , 292.710318
0.292592 , 0.099 , 292.592 , 292.983592
0.292854 , 0.085 , 292.854 , 293.231854
0.293086 , 0.101 , 293.086 , 293.480086
0.29335 , 0.1 , 293.35 , 293.74335
0.293626 , 0.1 , 293.626 , 294.019626
0.29389 , 0.1 , 293.89 , 294.28389
0.294152 , 0.1 , 294.152 , 294.546152
0.294428 , 0.1 , 294.428 , 294.822428
0.294692 , 0.1 , 294.692 , 295.086692
0.294954 , 0.101 , 294.954 , 295.349954
0.29523 , 0.101 , 295.23 , 295.62623
0.295494 , 0.084 , 295.494 , 295.873494
0.311756 , 0.085 , 295.756 , 296.152756
0.296002 , 0.099 , 296.002 , 296.397002
0.296294 , 0.101 , 296.294 , 296.691294
0.296558 , 0.084 , 296.558 , 296.938558
0.296802 , 0.1 , 296.802 , 297.198802
0.297066 , 0.1 , 297.066 , 297.463066
0.297328 , 0.1 , 297.328 , 297.725328
0.297604 , 0.099 , 297.604 , 298.000604
0.297866 , 0.1 , 297.866 , 298.263866
Total GPU = 153007.233013