#Qurey Time, Memory allocation , I/O Time , Total
0 , 0 , 0 , 0
0.03361 , 0.245 , 33.61 , 33.88861
0.034398 , 0.185 , 34.398 , 34.617398
0.034852 , 0.172 , 34.852 , 35.058852
0.035286 , 0.158 , 35.286 , 35.479286
0.035698 , 0.131 , 35.698 , 35.864698
0.036046 , 0.12 , 36.046 , 36.202046
0.03738 , 0.116 , 36.38 , 36.53338
0.036702 , 0.106 , 36.702 , 36.844702
0.036998 , 0.155 , 36.998 , 37.189998
0.037404 , 0.159 , 37.404 , 37.600404
0.038813 , 0.154 , 37.813 , 38.005813
0.038213 , 0.127 , 38.213 , 38.378213
0.03856 , 0.126 , 38.56 , 38.72456
0.0389 , 0.125 , 38.9 , 39.0639
0.040236 , 0.121 , 39.236 , 39.397236
0.039563 , 0.113 , 39.563 , 39.715563
0.039878 , 0.119 , 39.878 , 40.036878
0.041206 , 0.113 , 40.206 , 40.360206
0.040528 , 0.124 , 40.528 , 40.692528
0.04187 , 0.137 , 40.87 , 41.04887
0.041236 , 0.079 , 41.236 , 41.356236
0.041488 , 0.087 , 41.488 , 41.616488
0.041754 , 0.087 , 41.754 , 41.882754
0.04202 , 0.082 , 42.02 , 42.14402
0.04228 , 0.092 , 42.28 , 42.41428
0.042556 , 0.082 , 42.556 , 42.680556
0.042816 , 0.078 , 42.816 , 42.936816
0.044066 , 0.077 , 43.066 , 43.187066
0.043315 , 0.084 , 43.315 , 43.442315
0.04358 , 0.084 , 43.58 , 43.70758
0.043852 , 0.092 , 43.852 , 43.987852
0.044133 , 0.097 , 44.133 , 44.274133
0.044421 , 0.086 , 44.421 , 44.551421
0.044684 , 0.081 , 44.684 , 44.809684
0.044938 , 0.082 , 44.938 , 45.064938
0.04519 , 0.085 , 45.19 , 45.32019
0.045446 , 0.091 , 45.446 , 45.582446
0.04572 , 0.079 , 45.72 , 45.84472
0.045968 , 0.095 , 45.968 , 46.108968
0.046259 , 0.121 , 46.259 , 46.426259
0.0466 , 0.122 , 46.6 , 46.7686
0.046933 , 0.109 , 46.933 , 47.088933
0.047246 , 0.071 , 47.246 , 47.364246
0.047522 , 0.128 , 47.522 , 47.697522
0.047866 , 0.067 , 47.866 , 47.980866
0.049088 , 0.073 , 48.088 , 48.210088
0.048324 , 0.079 , 48.324 , 48.451324
0.048568 , 0.086 , 48.568 , 48.702568
0.04883 , 0.083 , 48.83 , 48.96183
0.049085 , 0.079 , 49.085 , 49.213085
0.04933 , 0.071 , 49.33 , 49.45033
0.04956 , 0.071 , 49.56 , 49.68056
0.049792 , 0.119 , 49.792 , 49.960792
0.050152 , 0.126 , 50.152 , 50.328152
0.050494 , 0.126 , 50.494 , 50.670494
0.050834 , 0.167 , 50.834 , 51.051834
0.052258 , 0.173 , 51.258 , 51.483258
0.0517 , 0.165 , 51.7 , 51.9167
0.05212 , 0.176 , 52.12 , 52.34812
0.053562 , 0.173 , 52.562 , 52.788562
0.05301 , 0.193 , 53.01 , 53.25601
0.053498 , 0.196 , 53.498 , 53.747498
0.054054 , 0.155 , 54.054 , 54.263054
0.055456 , 0.132 , 54.456 , 54.643456
0.054808 , 0.129 , 54.808 , 54.991808
0.055158 , 0.125 , 55.158 , 55.338158
0.055503 , 0.135 , 55.503 , 55.693503
0.056868 , 0.137 , 55.868 , 56.061868
0.056236 , 0.136 , 56.236 , 56.428236
0.057602 , 0.134 , 56.602 , 56.793602
0.056964 , 0.177 , 56.964 , 57.197964
0.058412 , 0.173 , 57.412 , 57.643412
0.057858 , 0.179 , 57.858 , 58.094858
0.058314 , 0.172 , 58.314 , 58.544314
0.058756 , 0.175 , 58.756 , 58.989756
0.059198 , 0.167 , 59.198 , 59.424198
0.059627 , 0.18 , 59.627 , 59.866627
0.060083 , 0.169 , 60.083 , 60.312083
0.060514 , 0.16 , 60.514 , 60.734514
0.060958 , 0.157 , 60.958 , 61.175958
0.0624 , 0.161 , 61.4 , 61.6234
0.062848 , 0.165 , 61.848 , 62.075848
0.063306 , 0.155 , 62.306 , 62.524306
0.06374 , 0.171 , 62.74 , 62.97474
0.064176 , 0.16 , 63.176 , 63.400176
0.063584 , 0.166 , 63.584 , 63.813584
0.064004 , 0.167 , 64.004 , 64.235004
0.064434 , 0.126 , 64.434 , 64.624434
0.064772 , 0.124 , 64.772 , 64.960772
0.065104 , 0.123 , 65.104 , 65.292104
0.066438 , 0.152 , 65.438 , 65.656438
0.065838 , 0.187 , 65.838 , 66.090838
0.066298 , 0.196 , 66.298 , 66.560298
0.067817 , 0.189 , 66.817 , 67.073817
0.067328 , 0.183 , 67.328 , 67.578328
0.067824 , 0.19 , 67.824 , 68.081824
0.068334 , 0.196 , 68.334 , 68.598334
0.068815 , 0.213 , 68.815 , 69.096815
0.070338 , 0.208 , 69.338 , 69.616338
0.069852 , 0.211 , 69.852 , 70.132852
0.070373 , 0.202 , 70.373 , 70.645373
0.070874 , 0.214 , 70.874 , 71.158874
0.071393 , 0.235 , 71.393 , 71.699393
0.071956 , 0.235 , 71.956 , 72.262956
0.072518 , 0.216 , 72.518 , 72.806518
0.073038 , 0.323 , 73.038 , 73.434038
0.0738 , 0.28 , 73.8 , 74.1538
0.074448 , 0.263 , 74.448 , 74.785448
0.07508 , 0.269 , 75.08 , 75.42408
0.075712 , 0.27 , 75.712 , 76.057712
0.076344 , 0.201 , 76.344 , 76.621344
0.07682 , 0.2 , 76.82 , 77.09682
0.077314 , 0.201 , 77.314 , 77.592314
0.077816 , 0.219 , 77.816 , 78.112816
0.078316 , 0.185 , 78.316 , 78.579316
0.07878 , 0.184 , 78.78 , 79.04278
0.079256 , 0.185 , 79.256 , 79.520256
0.07972 , 0.184 , 79.72 , 79.98372
0.080182 , 0.2 , 80.182 , 80.462182
0.080658 , 0.247 , 80.658 , 80.985658
0.081226 , 0.232 , 81.226 , 81.539226
0.097784 , 0.222 , 81.784 , 82.103784
0.082322 , 0.231 , 82.322 , 82.635322
0.082892 , 0.231 , 82.892 , 83.205892
0.08346 , 0.232 , 83.46 , 83.77546
0.08406 , 0.317 , 84.06 , 84.46106
0.084786 , 0.238 , 84.786 , 85.108786
0.085356 , 0.169 , 85.356 , 85.610356
0.085788 , 0.184 , 85.788 , 86.057788
0.086232 , 0.199 , 86.232 , 86.517232
0.086696 , 0.2 , 86.696 , 86.982696
0.08719 , 0.184 , 87.19 , 87.46119
0.087664 , 0.201 , 87.664 , 87.952664
0.08816 , 0.2 , 88.16 , 88.44816
0.088634 , 0.201 , 88.634 , 88.923634
0.08913 , 0.2 , 89.13 , 89.41913
0.089608 , 0.202 , 89.608 , 89.899608
0.0901 , 0.199 , 90.1 , 90.3891
0.090592 , 0.254 , 90.592 , 90.936592
0.091192 , 0.238 , 91.192 , 91.521192
0.091762 , 0.253 , 91.762 , 92.106762
0.092362 , 0.254 , 92.362 , 92.708362
0.092964 , 0.238 , 92.964 , 93.294964
0.093534 , 0.253 , 93.534 , 93.880534
0.094166 , 0.269 , 94.166 , 94.529166
0.094798 , 0.269 , 94.798 , 95.161798
0.095474 , 0.263 , 95.474 , 95.832474
0.096106 , 0.185 , 96.106 , 96.387106
0.096568 , 0.185 , 96.568 , 96.849568
0.097 , 0.184 , 97 , 97.281
0.097474 , 0.184 , 97.474 , 97.755474
0.097936 , 0.2 , 97.936 , 98.233936
0.098436 , 0.181 , 98.436 , 98.715436
0.098904 , 0.185 , 98.904 , 99.187904
0.099368 , 0.2 , 99.368 , 99.667368
0.099842 , 0.196 , 99.842 , 100.137842
0.100306 , 0.186 , 100.306 , 100.592306
0.100772 , 0.183 , 100.772 , 101.055772
0.101237 , 0.166 , 101.237 , 101.504237
0.101676 , 0.232 , 101.676 , 102.009676
0.102242 , 0.249 , 102.242 , 102.593242
0.102846 , 0.231 , 102.846 , 103.179846
0.103402 , 0.222 , 103.402 , 103.727402
0.10394 , 0.232 , 103.94 , 104.27594
0.10451 , 0.232 , 104.51 , 104.84651
0.105048 , 0.248 , 105.048 , 105.401048
0.105646 , 0.165 , 105.646 , 105.916646
0.12105 , 0.163 , 106.05 , 106.33405
0.106482 , 0.163 , 106.482 , 106.751482
0.106914 , 0.169 , 106.914 , 107.189914
0.107346 , 0.168 , 107.346 , 107.621346
0.107776 , 0.169 , 107.776 , 108.052776
0.108208 , 0.185 , 108.208 , 108.501208
0.123652 , 0.179 , 108.652 , 108.954652
0.109116 , 0.184 , 109.116 , 109.409116
0.109578 , 0.184 , 109.578 , 109.871578
0.125043 , 0.205 , 110.043 , 110.373043
0.110548 , 0.231 , 110.548 , 110.889548
0.111086 , 0.232 , 111.086 , 111.429086
0.111612 , 0.238 , 111.612 , 111.961612
0.11215 , 0.249 , 112.15 , 112.51115
0.11272 , 0.246 , 112.72 , 113.07872
0.113288 , 0.232 , 113.288 , 113.633288
0.113858 , 0.231 , 113.858 , 114.202858
0.114414 , 0.169 , 114.414 , 114.697414
0.114858 , 0.163 , 114.858 , 115.135858
0.115258 , 0.163 , 115.258 , 115.536258
0.11569 , 0.182 , 115.69 , 115.98769
0.116122 , 0.169 , 116.122 , 116.407122
0.116554 , 0.184 , 116.554 , 116.854554
0.117016 , 0.169 , 117.016 , 117.302016
0.11746 , 0.179 , 117.46 , 117.75646
0.117924 , 0.169 , 117.924 , 118.210924
0.118356 , 0.185 , 118.356 , 118.659356
0.118818 , 0.185 , 118.818 , 119.121818
0.119262 , 0.179 , 119.262 , 119.560262
0.119726 , 0.185 , 119.726 , 120.030726
0.12019 , 0.216 , 120.19 , 120.52619
0.1207 , 0.23 , 120.7 , 121.0507
0.121262 , 0.218 , 121.262 , 121.601262
0.121792 , 0.232 , 121.792 , 122.145792
0.12233 , 0.232 , 122.33 , 122.68433
0.122902 , 0.232 , 122.902 , 123.256902
0.123472 , 0.232 , 123.472 , 123.827472
0.12403 , 0.237 , 124.03 , 124.39103
0.124598 , 0.17 , 124.598 , 124.892598
0.125 , 0.169 , 125 , 125.294
0.12543 , 0.169 , 125.43 , 125.72443
0.125868 , 0.166 , 125.868 , 126.159868
0.126274 , 0.179 , 126.274 , 126.579274
0.126708 , 0.178 , 126.708 , 127.012708
0.127138 , 0.184 , 127.138 , 127.449138
0.1276 , 0.169 , 127.6 , 127.8966
0.128032 , 0.184 , 128.032 , 128.344032
0.128474 , 0.2 , 128.474 , 128.802474
0.12897 , 0.184 , 128.97 , 129.28297
0.129432 , 0.184 , 129.432 , 129.745432
0.129906 , 0.184 , 129.906 , 130.219906
0.13037 , 0.232 , 130.37 , 130.73237
0.130938 , 0.232 , 130.938 , 131.300938
0.131508 , 0.232 , 131.508 , 131.871508
0.132066 , 0.222 , 132.066 , 132.420066
0.132604 , 0.237 , 132.604 , 132.973604
0.133172 , 0.232 , 133.172 , 133.537172
0.133742 , 0.231 , 133.742 , 134.106742
0.134312 , 0.232 , 134.312 , 134.678312
0.134876 , 0.165 , 134.876 , 135.175876
0.135282 , 0.178 , 135.282 , 135.595282
0.135712 , 0.163 , 135.712 , 136.010712
0.136114 , 0.163 , 136.114 , 136.413114
0.136546 , 0.185 , 136.546 , 136.867546
0.136978 , 0.185 , 136.978 , 137.299978
0.137442 , 0.185 , 137.442 , 137.764442
0.137886 , 0.201 , 137.886 , 138.224886
0.138382 , 0.185 , 138.382 , 138.705382
0.138846 , 0.184 , 138.846 , 139.168846
0.13932 , 0.185 , 139.32 , 139.64432
0.139784 , 0.232 , 139.784 , 140.155784
0.140352 , 0.232 , 140.352 , 140.724352
0.140922 , 0.232 , 140.922 , 141.294922
0.141492 , 0.232 , 141.492 , 141.865492
0.142034 , 0.222 , 142.034 , 142.398034
0.142588 , 0.235 , 142.588 , 142.965588
0.143158 , 0.247 , 143.158 , 143.548158
0.143726 , 0.248 , 143.726 , 144.117726
0.144296 , 0.248 , 144.296 , 144.688296
0.144886 , 0.169 , 144.886 , 145.199886
0.145298 , 0.179 , 145.298 , 145.622298
0.145732 , 0.181 , 145.732 , 146.058732
0.146164 , 0.169 , 146.164 , 146.479164
0.146596 , 0.169 , 146.596 , 146.911596
0.146998 , 0.184 , 146.998 , 147.328998
0.14746 , 0.169 , 147.46 , 147.77646
0.1479 , 0.165 , 147.9 , 148.2129
0.148336 , 0.185 , 148.336 , 148.669336
0.148768 , 0.2 , 148.768 , 149.116768
0.14923 , 0.238 , 149.23 , 149.61723
0.1498 , 0.232 , 149.8 , 150.1818
0.15034 , 0.231 , 150.34 , 150.72134
0.150908 , 0.232 , 150.908 , 151.290908
0.151434 , 0.238 , 151.434 , 151.823434
0.152004 , 0.252 , 152.004 , 152.408004
0.152574 , 0.232 , 152.574 , 152.958574
0.153112 , 0.216 , 153.112 , 153.481112
0.153638 , 0.238 , 153.638 , 154.029638
0.154208 , 0.153 , 154.208 , 154.515208
0.15464 , 0.153 , 154.64 , 154.94764
0.15504 , 0.153 , 155.04 , 155.34804
0.155472 , 0.154 , 155.472 , 155.781472
0.155918 , 0.147 , 155.918 , 156.220918
0.156318 , 0.162 , 156.318 , 156.636318
0.15775 , 0.178 , 156.75 , 157.08575
0.15718 , 0.169 , 157.18 , 157.50618
0.157582 , 0.168 , 157.582 , 157.907582
0.158012 , 0.169 , 158.012 , 158.339012
0.158444 , 0.153 , 158.444 , 158.755444
0.158844 , 0.169 , 158.844 , 159.171844
0.159276 , 0.184 , 159.276 , 159.619276
0.159718 , 0.217 , 159.718 , 160.094718
0.160246 , 0.216 , 160.246 , 160.622246
0.16075 , 0.217 , 160.75 , 161.12775
0.161278 , 0.222 , 161.278 , 161.661278
0.161816 , 0.216 , 161.816 , 162.193816
0.162354 , 0.232 , 162.354 , 162.748354
0.16288 , 0.238 , 162.88 , 163.28088
0.16342 , 0.231 , 163.42 , 163.81442
0.163958 , 0.216 , 163.958 , 164.337958
0.164484 , 0.239 , 164.484 , 164.887484
0.165056 , 0.215 , 165.056 , 165.436056
0.165594 , 0.168 , 165.594 , 165.927594
0.165994 , 0.185 , 165.994 , 166.344994
0.166458 , 0.169 , 166.458 , 166.793458
0.166888 , 0.169 , 166.888 , 167.223888
0.167332 , 0.163 , 167.332 , 167.662332
0.167732 , 0.163 , 167.732 , 168.062732
0.168132 , 0.163 , 168.132 , 168.463132
0.168566 , 0.147 , 168.566 , 168.881566
0.168934 , 0.163 , 168.934 , 169.265934
0.169334 , 0.163 , 169.334 , 169.666334
0.169766 , 0.147 , 169.766 , 170.082766
0.185166 , 0.148 , 170.166 , 170.499166
0.170568 , 0.163 , 170.568 , 170.901568
0.170968 , 0.163 , 170.968 , 171.301968
0.171368 , 0.163 , 171.368 , 171.702368
0.171832 , 0.17 , 171.832 , 172.173832
0.172266 , 0.169 , 172.266 , 172.607266
0.172696 , 0.154 , 172.696 , 173.022696
0.173098 , 0.184 , 173.098 , 173.455098
0.17354 , 0.179 , 173.54 , 173.89254
0.174004 , 0.184 , 174.004 , 174.362004
0.174434 , 0.169 , 174.434 , 174.777434
0.174834 , 0.169 , 174.834 , 175.177834
0.175266 , 0.184 , 175.266 , 175.625266
0.17574 , 0.198 , 175.74 , 176.11374
0.176202 , 0.185 , 176.202 , 176.563202
0.176666 , 0.185 , 176.666 , 177.027666
0.177138 , 0.149 , 177.138 , 177.464138
0.177538 , 0.149 , 177.538 , 177.864538
0.177934 , 0.136 , 177.934 , 178.247934
0.178298 , 0.185 , 178.298 , 178.661298
0.178744 , 0.194 , 178.744 , 179.116744
0.179206 , 0.169 , 179.206 , 179.554206
0.179638 , 0.185 , 179.638 , 180.002638
0.180072 , 0.184 , 180.072 , 180.436072
0.180538 , 0.167 , 180.538 , 180.885538
0.180948 , 0.195 , 180.948 , 181.323948
0.18141 , 0.169 , 181.41 , 181.76041
0.181842 , 0.169 , 181.842 , 182.192842
0.182274 , 0.183 , 182.274 , 182.639274
0.182734 , 0.177 , 182.734 , 183.093734
0.183172 , 0.169 , 183.172 , 183.524172
0.183604 , 0.185 , 183.604 , 183.972604
0.184036 , 0.184 , 184.036 , 184.404036
0.184468 , 0.2 , 184.468 , 184.852468
0.184944 , 0.182 , 184.944 , 185.310944
0.185374 , 0.17 , 185.374 , 185.729374
0.185808 , 0.169 , 185.808 , 186.162808
0.186238 , 0.17 , 186.238 , 186.594238
0.186672 , 0.168 , 186.672 , 187.026672
0.187103 , 0.136 , 187.103 , 187.426103
0.187514 , 0.148 , 187.514 , 187.849514
0.187948 , 0.147 , 187.948 , 188.282948
0.18838 , 0.166 , 188.38 , 188.73438
0.188842 , 0.138 , 188.842 , 189.168842
0.189274 , 0.169 , 189.274 , 189.632274
0.189706 , 0.153 , 189.706 , 190.048706
0.19011 , 0.152 , 190.11 , 190.45211
0.190518 , 0.148 , 190.518 , 190.856518
0.19092 , 0.162 , 190.92 , 191.27292
0.191352 , 0.162 , 191.352 , 191.705352
0.191752 , 0.163 , 191.752 , 192.106752
0.192182 , 0.201 , 192.182 , 192.575182
0.192678 , 0.184 , 192.678 , 193.054678
0.193154 , 0.163 , 193.154 , 193.510154
0.193586 , 0.185 , 193.586 , 193.964586
0.194018 , 0.185 , 194.018 , 194.397018
0.194482 , 0.168 , 194.482 , 194.844482
0.194882 , 0.184 , 194.882 , 195.260882
0.195324 , 0.179 , 195.324 , 195.698324
0.195758 , 0.18 , 195.758 , 196.133758
0.19619 , 0.169 , 196.19 , 196.55519
0.196622 , 0.174 , 196.622 , 196.992622
0.197072 , 0.228 , 197.072 , 197.497072
0.197622 , 0.17 , 197.622 , 197.989622
0.198024 , 0.17 , 198.024 , 198.392024
0.198426 , 0.169 , 198.426 , 198.793426
0.198826 , 0.154 , 198.826 , 199.178826
0.199228 , 0.169 , 199.228 , 199.596228
0.19966 , 0.169 , 199.66 , 200.02866
0.200092 , 0.216 , 200.092 , 200.508092
0.200598 , 0.169 , 200.598 , 200.967598
0.20103 , 0.2 , 201.03 , 201.43103
0.201536 , 0.163 , 201.536 , 201.900536
0.201936 , 0.163 , 201.936 , 202.300936
0.202368 , 0.162 , 202.368 , 202.732368
0.202768 , 0.184 , 202.768 , 203.154768
0.2032 , 0.185 , 203.2 , 203.5882
0.203664 , 0.169 , 203.664 , 204.036664
0.204096 , 0.184 , 204.096 , 204.484096
0.20454 , 0.163 , 204.54 , 204.90754
0.204972 , 0.179 , 204.972 , 205.355972
0.205404 , 0.168 , 205.404 , 205.777404
0.205834 , 0.153 , 205.834 , 206.192834
0.206266 , 0.153 , 206.266 , 206.625266
0.206698 , 0.153 , 206.698 , 207.057698
0.207142 , 0.147 , 207.142 , 207.496142
0.207542 , 0.163 , 207.542 , 207.912542
0.207974 , 0.163 , 207.974 , 208.344974
0.209376 , 0.179 , 208.376 , 208.764376
0.208808 , 0.168 , 208.808 , 209.184808
0.209206 , 0.169 , 209.206 , 209.584206
0.209608 , 0.185 , 209.608 , 210.002608
0.21004 , 0.169 , 210.04 , 210.41904
0.210472 , 0.216 , 210.472 , 210.898472
0.21098 , 0.18 , 210.98 , 211.37098
0.211412 , 0.2 , 211.412 , 211.823412
0.211906 , 0.153 , 211.906 , 212.270906
0.212306 , 0.169 , 212.306 , 212.687306
0.21275 , 0.163 , 212.75 , 213.12575
0.21315 , 0.178 , 213.15 , 213.54115
0.213614 , 0.169 , 213.614 , 213.996614
0.214016 , 0.169 , 214.016 , 214.399016
0.214448 , 0.169 , 214.448 , 214.831448
0.214848 , 0.169 , 214.848 , 215.231848
0.21528 , 0.137 , 215.28 , 215.63228
0.21568 , 0.154 , 215.68 , 216.04968
0.216082 , 0.168 , 216.082 , 216.466082
0.216544 , 0.152 , 216.544 , 216.912544
0.216956 , 0.163 , 216.956 , 217.335956
0.218388 , 0.184 , 217.388 , 217.790388
0.21782 , 0.17 , 217.82 , 218.20782
0.218254 , 0.216 , 218.254 , 218.688254
0.21876 , 0.178 , 218.76 , 219.15676
0.219192 , 0.163 , 219.192 , 219.574192
0.219624 , 0.169 , 219.624 , 220.012624
0.220024 , 0.17 , 220.024 , 220.414024
0.220458 , 0.168 , 220.458 , 220.846458
0.220888 , 0.169 , 220.888 , 221.277888
0.22232 , 0.217 , 221.32 , 221.75932
0.221826 , 0.2 , 221.826 , 222.247826
0.22332 , 0.218 , 222.32 , 222.76132
0.222828 , 0.2 , 222.828 , 223.250828
0.223322 , 0.2 , 223.322 , 223.745322
0.223828 , 0.201 , 223.828 , 224.252828
0.224324 , 0.2 , 224.324 , 224.748324
0.22483 , 0.201 , 224.83 , 225.25583
0.225326 , 0.199 , 225.326 , 225.750326
0.2258 , 0.216 , 225.8 , 226.2418
0.226326 , 0.254 , 226.326 , 226.806326
0.226896 , 0.216 , 226.896 , 227.338896
0.227434 , 0.185 , 227.434 , 227.846434
0.227898 , 0.168 , 227.898 , 228.293898
0.228328 , 0.2 , 228.328 , 228.756328
0.228836 , 0.2 , 228.836 , 229.264836
0.22933 , 0.2 , 229.33 , 229.75933
0.229836 , 0.215 , 229.836 , 230.280836
0.23033 , 0.222 , 230.33 , 230.78233
0.230868 , 0.217 , 230.868 , 231.315868
0.231374 , 0.216 , 231.374 , 231.821374
0.231898 , 0.217 , 231.898 , 232.346898
0.232438 , 0.201 , 232.438 , 232.871438
0.232934 , 0.222 , 232.934 , 233.388934
0.233472 , 0.216 , 233.472 , 233.921472
0.233978 , 0.179 , 233.978 , 234.390978
0.234442 , 0.169 , 234.442 , 234.845442
0.234844 , 0.216 , 234.844 , 235.294844
0.235374 , 0.204 , 235.374 , 235.813374
0.235876 , 0.2 , 235.876 , 236.311876
0.236382 , 0.216 , 236.382 , 236.834382
0.236878 , 0.2 , 236.878 , 237.314878
0.253446 , 0.147 , 237.446 , 237.846446
0.23791 , 0.153 , 237.91 , 238.30091
0.238376 , 0.167 , 238.376 , 238.781376
0.238784 , 0.179 , 238.784 , 239.201784
0.239248 , 0.2 , 239.248 , 239.687248
0.239742 , 0.185 , 239.742 , 240.166742
0.240186 , 0.217 , 240.186 , 240.643186
0.240684 , 0.214 , 240.684 , 241.138684
0.24119 , 0.247 , 241.19 , 241.67819
0.241746 , 0.238 , 241.746 , 242.225746
0.243316 , 0.238 , 242.316 , 242.797316
0.242864 , 0.231 , 242.864 , 243.337864
0.243429 , 0.217 , 243.429 , 243.889429
0.243928 , 0.269 , 243.928 , 244.440928
0.24456 , 0.216 , 244.56 , 245.02056
0.245066 , 0.201 , 245.066 , 245.512066
0.245562 , 0.238 , 245.562 , 246.045562
0.2461 , 0.248 , 246.1 , 246.5941
0.24667 , 0.231 , 246.67 , 247.14767
0.247236 , 0.233 , 247.236 , 247.716236
0.247796 , 0.237 , 247.796 , 248.280796
0.248332 , 0.234 , 248.332 , 248.814332
0.24887 , 0.284 , 248.87 , 249.40287
0.249532 , 0.255 , 249.532 , 250.036532
0.250136 , 0.271 , 250.136 , 250.657136
0.25074 , 0.268 , 250.74 , 251.25874
0.25137 , 0.238 , 251.37 , 251.85937
0.26694 , 0.185 , 251.94 , 252.39194
0.252404 , 0.199 , 252.404 , 252.855404
0.252878 , 0.247 , 252.878 , 253.377878
0.253448 , 0.232 , 253.448 , 253.933448
0.253974 , 0.238 , 253.974 , 254.465974
0.254512 , 0.216 , 254.512 , 254.982512
0.255052 , 0.247 , 255.052 , 255.554052
0.255652 , 0.248 , 255.652 , 256.155652
0.256254 , 0.248 , 256.254 , 256.758254
0.256856 , 0.247 , 256.856 , 257.359856
0.257445 , 0.236 , 257.445 , 257.938445
0.258012 , 0.169 , 258.012 , 258.439012
0.258456 , 0.178 , 258.456 , 258.892456
0.25892 , 0.184 , 258.92 , 259.36292
0.259382 , 0.2 , 259.382 , 259.841382
0.259858 , 0.201 , 259.858 , 260.318858
0.260354 , 0.235 , 260.354 , 260.849354
0.260902 , 0.217 , 260.902 , 261.379902
0.261442 , 0.216 , 261.442 , 261.919442
0.261968 , 0.216 , 261.968 , 262.445968
0.262474 , 0.217 , 262.474 , 262.953474
0.26297 , 0.236 , 262.97 , 263.46897
0.263508 , 0.216 , 263.508 , 263.987508
0.264046 , 0.201 , 264.046 , 264.511046
0.264542 , 0.2 , 264.542 , 265.006542
0.26505 , 0.232 , 265.05 , 265.54705
0.265576 , 0.238 , 265.576 , 266.079576
0.267146 , 0.234 , 266.146 , 266.647146
0.266694 , 0.232 , 266.694 , 267.192694
0.267232 , 0.217 , 267.232 , 267.716232
0.26776 , 0.216 , 267.76 , 268.24376
0.268298 , 0.216 , 268.298 , 268.782298
0.268792 , 0.222 , 268.792 , 269.282792
0.26933 , 0.216 , 269.33 , 269.81533
0.269868 , 0.201 , 269.868 , 270.338868
0.270364 , 0.217 , 270.364 , 270.851364
0.27087 , 0.201 , 270.87 , 271.34187
0.271366 , 0.215 , 271.366 , 271.852366
0.271872 , 0.216 , 271.872 , 272.359872
0.272398 , 0.2 , 272.398 , 272.870398
0.272888 , 0.216 , 272.888 , 273.376888
0.273437 , 0.219 , 273.437 , 273.929437
0.273968 , 0.216 , 273.968 , 274.457968
0.274506 , 0.216 , 274.506 , 274.996506
0.275033 , 0.205 , 275.033 , 275.513033
0.27554 , 0.2 , 275.54 , 276.01554
0.276044 , 0.218 , 276.044 , 276.538044
0.276542 , 0.232 , 276.542 , 277.050542
0.277112 , 0.231 , 277.112 , 277.620112
0.277648 , 0.232 , 277.648 , 278.157648
0.278206 , 0.238 , 278.206 , 278.722206
0.278744 , 0.232 , 278.744 , 279.254744
0.279314 , 0.232 , 279.314 , 279.825314
0.279854 , 0.216 , 279.854 , 280.349854
0.28038 , 0.217 , 280.38 , 280.87738
0.280918 , 0.269 , 280.918 , 281.467918
0.281518 , 0.269 , 281.518 , 282.068518
0.28215 , 0.255 , 282.15 , 282.68715
0.282754 , 0.266 , 282.754 , 283.302754
0.283362 , 0.263 , 283.362 , 283.908362
0.283964 , 0.231 , 283.964 , 284.478964
0.28452 , 0.238 , 284.52 , 285.04252
0.285058 , 0.248 , 285.058 , 285.591058
0.285628 , 0.231 , 285.628 , 286.144628
0.286166 , 0.247 , 286.166 , 286.699166
0.286724 , 0.238 , 286.724 , 287.248724
0.287294 , 0.28 , 287.294 , 287.861294
0.287934 , 0.269 , 287.934 , 288.490934
0.288566 , 0.252 , 288.566 , 289.106566
0.289166 , 0.253 , 289.166 , 289.708166
0.305766 , 0.252 , 289.766 , 290.323766
0.290366 , 0.276 , 290.366 , 290.932366
0.290992 , 0.262 , 290.992 , 291.544992
0.291592 , 0.232 , 291.592 , 292.115592
0.29215 , 0.238 , 292.15 , 292.68015
0.292688 , 0.232 , 292.688 , 293.212688
0.29329 , 0.236 , 293.29 , 293.81929
0.293843 , 0.232 , 293.843 , 294.368843
0.294398 , 0.216 , 294.398 , 294.908398
0.294924 , 0.238 , 294.924 , 295.456924
0.295464 , 0.247 , 295.464 , 296.006464
0.296034 , 0.232 , 296.034 , 296.562034
0.296602 , 0.232 , 296.602 , 297.130602
0.29716 , 0.285 , 297.16 , 297.74216
0.297804 , 0.232 , 297.804 , 298.333804
0.29836 , 0.223 , 298.36 , 298.88136
0.2989 , 0.232 , 298.9 , 299.4309
0.299438 , 0.232 , 299.438 , 299.969438
0.299964 , 0.222 , 299.964 , 300.485964
0.30047 , 0.232 , 300.47 , 301.00247
0.301008 , 0.217 , 301.008 , 301.526008
0.301536 , 0.215 , 301.536 , 302.052536
0.31804 , 0.201 , 302.04 , 302.55904
0.302568 , 0.285 , 302.568 , 303.155568
0.30321 , 0.232 , 303.21 , 303.74521
0.303768 , 0.222 , 303.768 , 304.293768
0.304306 , 0.216 , 304.306 , 304.826306
0.304844 , 0.217 , 304.844 , 305.365844
0.30534 , 0.216 , 305.34 , 305.86134
0.305848 , 0.231 , 305.848 , 306.384848
0.306374 , 0.22 , 306.374 , 306.900374
0.30688 , 0.2 , 306.88 , 307.38688
0.307374 , 0.221 , 307.374 , 307.902374
0.307882 , 0.216 , 307.882 , 308.405882
0.308414 , 0.203 , 308.414 , 308.925414
0.308914 , 0.216 , 308.914 , 309.438914
0.309422 , 0.216 , 309.422 , 309.947422
0.309948 , 0.216 , 309.948 , 310.473948
0.310486 , 0.216 , 310.486 , 311.012486
0.31098 , 0.222 , 310.98 , 311.51298
0.311488 , 0.216 , 311.488 , 312.015488
0.312026 , 0.2 , 312.026 , 312.538026
0.31252 , 0.201 , 312.52 , 313.03352
0.313026 , 0.201 , 313.026 , 313.540026
0.313528 , 0.213 , 313.528 , 314.054528
0.314028 , 0.217 , 314.028 , 314.559028
0.314524 , 0.215 , 314.524 , 315.053524
0.315032 , 0.231 , 315.032 , 315.578032
0.315558 , 0.235 , 315.558 , 316.108558
0.316094 , 0.217 , 316.094 , 316.627094
0.316634 , 0.2 , 316.634 , 317.150634
0.317128 , 0.216 , 317.128 , 317.661128
0.317634 , 0.216 , 317.634 , 318.167634
0.31816 , 0.2 , 318.16 , 318.67816
0.318668 , 0.2 , 318.668 , 319.186668
0.319162 , 0.2 , 319.162 , 319.681162
0.319638 , 0.216 , 319.638 , 320.173638
0.320164 , 0.2 , 320.164 , 320.684164
0.320672 , 0.2 , 320.672 , 321.192672
0.321166 , 0.216 , 321.166 , 321.703166
0.321674 , 0.216 , 321.674 , 322.211674
0.3222 , 0.2 , 322.2 , 322.7222
0.322706 , 0.217 , 322.706 , 323.245706
0.323202 , 0.222 , 323.202 , 323.747202
0.323708 , 0.217 , 323.708 , 324.248708
0.324204 , 0.22 , 324.204 , 324.748204
0.32471 , 0.231 , 324.71 , 325.26571
0.325278 , 0.217 , 325.278 , 325.820278
0.340804 , 0.223 , 325.804 , 326.367804
0.326344 , 0.232 , 326.344 , 326.902344
0.326882 , 0.217 , 326.882 , 327.425882
0.327408 , 0.2 , 327.408 , 327.935408
0.327884 , 0.232 , 327.884 , 328.443884
0.32841 , 0.223 , 328.41 , 328.96141
0.328918 , 0.216 , 328.918 , 329.462918
0.329448 , 0.203 , 329.448 , 329.980448
0.32995 , 0.232 , 329.95 , 330.51195
0.33049 , 0.231 , 330.49 , 331.05149
0.331016 , 0.222 , 331.016 , 331.569016
0.331552 , 0.216 , 331.552 , 332.099552
0.332092 , 0.2 , 332.092 , 332.624092
0.332586 , 0.215 , 332.586 , 333.133586
0.333092 , 0.217 , 333.092 , 333.642092
0.333588 , 0.215 , 333.588 , 334.136588
0.334094 , 0.201 , 334.094 , 334.629094
0.33559 , 0.243 , 334.59 , 335.16859
0.335136 , 0.232 , 335.136 , 335.703136
0.335695 , 0.221 , 335.695 , 336.251695
0.3512 , 0.216 , 336.2 , 336.7672
0.336738 , 0.2 , 336.738 , 337.274738
0.337232 , 0.216 , 337.232 , 337.785232
0.337738 , 0.216 , 337.738 , 338.291738
0.338232 , 0.216 , 338.232 , 338.786232
0.353738 , 0.201 , 338.738 , 339.292738
0.339234 , 0.215 , 339.234 , 339.788234
0.33974 , 0.232 , 339.74 , 340.31174
0.34031 , 0.232 , 340.31 , 340.88231
0.340836 , 0.237 , 340.836 , 341.413836
0.341374 , 0.231 , 341.374 , 341.946374
0.341912 , 0.216 , 341.912 , 342.469912
0.342438 , 0.199 , 342.438 , 342.979438
0.342928 , 0.216 , 342.928 , 343.486928
0.343438 , 0.216 , 343.438 , 343.997438
0.343946 , 0.216 , 343.946 , 344.505946
0.34444 , 0.237 , 344.44 , 345.02144
0.344993 , 0.232 , 344.993 , 345.569993
0.345548 , 0.231 , 345.548 , 346.124548
0.346074 , 0.222 , 346.074 , 346.642074
0.346612 , 0.216 , 346.612 , 347.174612
0.347118 , 0.217 , 347.118 , 347.682118
0.347646 , 0.2 , 347.646 , 348.193646
0.34812 , 0.217 , 348.12 , 348.68512
0.348616 , 0.216 , 348.616 , 349.180616
0.349122 , 0.201 , 349.122 , 349.672122
0.349618 , 0.2 , 349.618 , 350.167618
0.350124 , 0.2 , 350.124 , 350.674124
0.350618 , 0.216 , 350.618 , 351.184618
0.366124 , 0.201 , 351.124 , 351.691124
0.35162 , 0.2 , 351.62 , 352.17162
0.352126 , 0.217 , 352.126 , 352.695126
0.352622 , 0.216 , 352.622 , 353.190622
0.353128 , 0.217 , 353.128 , 353.698128
0.353624 , 0.216 , 353.624 , 354.193624
0.354132 , 0.201 , 354.132 , 354.687132
0.354626 , 0.217 , 354.626 , 355.197626
0.355134 , 0.201 , 355.134 , 355.690134
0.35563 , 0.201 , 355.63 , 356.18663
0.356138 , 0.199 , 356.138 , 356.693138
0.35663 , 0.2 , 356.63 , 357.18663
0.357136 , 0.2 , 357.136 , 357.693136
0.35763 , 0.2 , 357.63 , 358.18763
0.358092 , 0.219 , 358.092 , 358.669092
0.358598 , 0.216 , 358.598 , 359.172598
0.359092 , 0.2 , 359.092 , 359.651092
0.3596 , 0.2 , 359.6 , 360.1596
0.360092 , 0.2 , 360.092 , 360.652092
0.360568 , 0.216 , 360.568 , 361.144568
0.361131 , 0.235 , 361.131 , 361.727131
0.361696 , 0.199 , 361.696 , 362.256696
0.37817 , 0.2 , 362.17 , 362.74817
0.362664 , 0.2 , 362.664 , 363.226664
0.363138 , 0.217 , 363.138 , 363.718138
0.363666 , 0.2 , 363.666 , 364.229666
0.364172 , 0.201 , 364.172 , 364.737172
0.364668 , 0.199 , 364.668 , 365.231668
0.365144 , 0.216 , 365.144 , 365.725144
0.365638 , 0.216 , 365.638 , 366.219638
0.366144 , 0.201 , 366.144 , 366.711144
0.36664 , 0.2 , 366.64 , 367.20664
0.367146 , 0.2 , 367.146 , 367.713146
0.36761 , 0.216 , 367.61 , 368.19361
0.369104 , 0.216 , 368.104 , 368.689104
0.368612 , 0.2 , 368.612 , 369.180612
0.369106 , 0.2 , 369.106 , 369.675106
0.369582 , 0.216 , 369.582 , 370.167582
0.370078 , 0.2 , 370.078 , 370.648078
0.370584 , 0.201 , 370.584 , 371.155584
0.37108 , 0.2 , 371.08 , 371.65108
0.371554 , 0.201 , 371.554 , 372.126554
0.37205 , 0.2 , 372.05 , 372.62205
0.372512 , 0.201 , 372.512 , 373.085512
0.372988 , 0.201 , 372.988 , 373.561988
0.373484 , 0.2 , 373.484 , 374.057484
0.373958 , 0.201 , 373.958 , 374.532958
0.374454 , 0.2 , 374.454 , 375.028454
0.37496 , 0.201 , 374.96 , 375.53596
0.375456 , 0.2 , 375.456 , 376.031456
0.375952 , 0.2 , 375.952 , 376.527952
0.376426 , 0.2 , 376.426 , 377.002426
0.376888 , 0.2 , 376.888 , 377.464888
0.377394 , 0.201 , 377.394 , 377.972394
0.377858 , 0.201 , 377.858 , 378.436858
0.37836 , 0.201 , 378.36 , 378.93936
0.378828 , 0.2 , 378.828 , 379.406828
0.379322 , 0.2 , 379.322 , 379.901322
0.379828 , 0.201 , 379.828 , 380.408828
0.380324 , 0.201 , 380.324 , 380.905324
0.3808 , 0.2 , 380.8 , 381.3808
0.381296 , 0.199 , 381.296 , 381.876296
0.382768 , 0.199 , 381.768 , 382.349768
0.382232 , 0.2 , 382.232 , 382.814232
0.382726 , 0.2 , 382.726 , 383.308726
0.3832 , 0.2 , 383.2 , 383.7832
0.383694 , 0.2 , 383.694 , 384.277694
0.384168 , 0.2 , 384.168 , 384.752168
0.384664 , 0.184 , 384.664 , 385.232664
0.385126 , 0.2 , 385.126 , 385.711126
0.385632 , 0.2 , 385.632 , 386.217632
0.386094 , 0.201 , 386.094 , 386.681094
0.38657 , 0.2 , 386.57 , 387.15657
0.387064 , 0.199 , 387.064 , 387.650064
0.387526 , 0.2 , 387.526 , 388.113526
0.388016 , 0.184 , 388.016 , 388.588016
0.388494 , 0.184 , 388.494 , 389.066494
0.389968 , 0.2 , 388.968 , 389.557968
0.389434 , 0.199 , 389.434 , 390.022434
0.389926 , 0.2 , 389.926 , 390.515926
0.390432 , 0.185 , 390.432 , 391.007432
0.390896 , 0.2 , 390.896 , 391.486896
0.39137 , 0.201 , 391.37 , 391.96237
0.391866 , 0.2 , 391.866 , 392.457866
0.392328 , 0.2 , 392.328 , 392.920328
0.392804 , 0.201 , 392.804 , 393.397804
0.39333 , 0.185 , 393.33 , 393.90833
0.409804 , 0.185 , 393.804 , 394.398804
0.394268 , 0.201 , 394.268 , 394.863268
0.394764 , 0.206 , 394.764 , 395.364764
0.39527 , 0.201 , 395.27 , 395.86627
0.395734 , 0.2 , 395.734 , 396.329734
0.396208 , 0.201 , 396.208 , 396.805208
0.396736 , 0.254 , 396.736 , 397.386736
0.397338 , 0.2 , 397.338 , 397.935338
0.397812 , 0.201 , 397.812 , 398.410812
0.398276 , 0.2 , 398.276 , 398.874276
0.398772 , 0.184 , 398.772 , 399.354772
0.399246 , 0.185 , 399.246 , 399.830246
0.39971 , 0.199 , 399.71 , 400.30871
0.400184 , 0.2 , 400.184 , 400.784184
0.400678 , 0.2 , 400.678 , 401.278678
0.401184 , 0.217 , 401.184 , 401.802184
0.401712 , 0.2 , 401.712 , 402.313712
0.402186 , 0.201 , 402.186 , 402.789186
0.402682 , 0.2 , 402.682 , 403.284682
0.403146 , 0.199 , 403.146 , 403.748146
0.40365 , 0.185 , 403.65 , 404.23865
0.404114 , 0.201 , 404.114 , 404.719114
0.40459 , 0.196 , 404.59 , 405.19059
0.405062 , 0.181 , 405.062 , 405.648062
0.405518 , 0.199 , 405.518 , 406.122518
0.405992 , 0.201 , 405.992 , 406.598992
0.406456 , 0.201 , 406.456 , 407.063456
0.40695 , 0.185 , 406.95 , 407.54195
0.407426 , 0.201 , 407.426 , 408.034426
0.40792 , 0.201 , 407.92 , 408.52892
0.408396 , 0.2 , 408.396 , 409.004396
0.408868 , 0.197 , 408.868 , 409.473868
0.409356 , 0.199 , 409.356 , 409.964356
0.409828 , 0.248 , 409.828 , 410.485828
0.410398 , 0.201 , 410.398 , 411.009398
0.410892 , 0.185 , 410.892 , 411.487892
0.411356 , 0.201 , 411.356 , 411.968356
0.411864 , 0.201 , 411.864 , 412.476864
0.412328 , 0.2 , 412.328 , 412.940328
0.412804 , 0.199 , 412.804 , 413.415804
0.413296 , 0.215 , 413.296 , 413.924296
0.413802 , 0.2 , 413.802 , 414.415802
0.414264 , 0.216 , 414.264 , 414.894264
0.414758 , 0.2 , 414.758 , 415.372758
0.415234 , 0.2 , 415.234 , 415.849234
0.415726 , 0.185 , 415.726 , 416.326726
0.416198 , 0.199 , 416.198 , 416.813198
0.416664 , 0.2 , 416.664 , 417.280664
0.417158 , 0.2 , 417.158 , 417.775158
0.417634 , 0.215 , 417.634 , 418.266634
0.418126 , 0.216 , 418.126 , 418.760126
0.418634 , 0.215 , 418.634 , 419.267634
0.419126 , 0.216 , 419.126 , 419.761126
0.419634 , 0.2 , 419.634 , 420.253634
0.420126 , 0.2 , 420.126 , 420.746126
0.4206 , 0.201 , 420.6 , 421.2216
0.437096 , 0.215 , 421.096 , 421.748096
0.421632 , 0.201 , 421.632 , 422.254632
0.422096 , 0.2 , 422.096 , 422.718096
0.422602 , 0.2 , 422.602 , 423.224602
0.423064 , 0.216 , 423.064 , 423.703064
0.423558 , 0.217 , 423.558 , 424.198558
0.424064 , 0.2 , 424.064 , 424.688064
0.440558 , 0.2 , 424.558 , 425.198558
0.425096 , 0.231 , 425.096 , 425.752096
0.425634 , 0.215 , 425.634 , 426.274634
0.426158 , 0.222 , 426.158 , 426.806158
0.426696 , 0.2 , 426.696 , 427.322696
0.427202 , 0.2 , 427.202 , 427.829202
0.427664 , 0.201 , 427.664 , 428.292664
0.42816 , 0.253 , 428.16 , 428.84116
0.42876 , 0.201 , 428.76 , 429.38976
0.429236 , 0.201 , 429.236 , 429.866236
0.429732 , 0.2 , 429.732 , 430.361732
0.430208 , 0.201 , 430.208 , 430.839208
0.430706 , 0.199 , 430.706 , 431.335706
0.43121 , 0.232 , 431.21 , 431.87321
0.431768 , 0.2 , 431.768 , 432.399768
0.432274 , 0.232 , 432.274 , 432.938274
0.432812 , 0.231 , 432.812 , 433.475812
0.433368 , 0.2 , 433.368 , 434.001368
0.433844 , 0.201 , 433.844 , 434.478844
0.43434 , 0.199 , 434.34 , 434.97334
0.434816 , 0.2 , 434.816 , 435.450816
0.43531 , 0.201 , 435.31 , 435.94631
0.435812 , 0.198 , 435.812 , 436.445812
0.43628 , 0.201 , 436.28 , 436.91728
0.436774 , 0.2 , 436.774 , 437.410774
0.43725 , 0.216 , 437.25 , 437.90325
0.437774 , 0.27 , 437.774 , 438.481774
0.43842 , 0.232 , 438.42 , 439.09042
0.438978 , 0.2 , 438.978 , 439.616978
0.439516 , 0.215 , 439.516 , 440.170516
0.440022 , 0.2 , 440.022 , 440.662022
0.440516 , 0.201 , 440.516 , 441.157516
0.441018 , 0.203 , 441.018 , 441.662018
0.441486 , 0.201 , 441.486 , 442.128486
0.441982 , 0.2 , 441.982 , 442.623982
0.442456 , 0.201 , 442.456 , 443.099456
0.44292 , 0.201 , 442.92 , 443.56392
0.443426 , 0.197 , 443.426 , 444.066426
0.443892 , 0.184 , 443.892 , 444.519892
0.444354 , 0.2 , 444.354 , 444.998354
0.44483 , 0.2 , 444.83 , 445.47483
0.445324 , 0.201 , 445.324 , 445.970324
0.445788 , 0.2 , 445.788 , 446.433788
0.446264 , 0.216 , 446.264 , 446.926264
0.446758 , 0.2 , 446.758 , 447.404758
0.447264 , 0.185 , 447.264 , 447.896264
0.447728 , 0.232 , 447.728 , 448.407728
0.448266 , 0.201 , 448.266 , 448.915266
0.44873 , 0.201 , 448.73 , 449.37973
0.46423 , 0.183 , 449.23 , 449.87723
0.449702 , 0.184 , 449.702 , 450.335702
0.450164 , 0.2 , 450.164 , 450.814164
0.45064 , 0.2 , 450.64 , 451.29064
0.451104 , 0.2 , 451.104 , 451.755104
0.451598 , 0.185 , 451.598 , 452.234598
0.452074 , 0.185 , 452.074 , 452.711074
0.452538 , 0.2 , 452.538 , 453.190538
0.453002 , 0.2 , 453.002 , 453.655002
0.453476 , 0.201 , 453.476 , 454.130476
0.453972 , 0.185 , 453.972 , 454.610972
0.45444 , 0.182 , 454.44 , 455.07644
0.454912 , 0.185 , 454.912 , 455.551912
0.455376 , 0.185 , 455.376 , 456.016376
0.45585 , 0.197 , 455.85 , 456.50285
0.456314 , 0.2 , 456.314 , 456.970314
0.456808 , 0.2 , 456.808 , 457.464808
0.457346 , 0.216 , 457.346 , 458.019346
0.457852 , 0.216 , 457.852 , 458.525852
0.458378 , 0.2 , 458.378 , 459.036378
0.458852 , 0.201 , 458.852 , 459.511852
0.459316 , 0.201 , 459.316 , 459.976316
0.459812 , 0.184 , 459.812 , 460.455812
0.460254 , 0.201 , 460.254 , 460.915254
0.460752 , 0.199 , 460.752 , 461.411752
0.461212 , 0.2 , 461.212 , 461.873212
0.461686 , 0.201 , 461.686 , 462.348686
0.462182 , 0.2 , 462.182 , 462.844182
0.462688 , 0.216 , 462.688 , 463.366688
0.463214 , 0.184 , 463.214 , 463.861214
0.46369 , 0.185 , 463.69 , 464.33869
0.464154 , 0.2 , 464.154 , 464.818154
0.464616 , 0.2 , 464.616 , 465.280616
0.465092 , 0.201 , 465.092 , 465.758092
0.465588 , 0.2 , 465.588 , 466.253588
0.466062 , 0.201 , 466.062 , 466.729062
0.466558 , 0.215 , 466.558 , 467.239558
0.467094 , 0.247 , 467.094 , 467.808094
0.467728 , 0.201 , 467.728 , 468.396728
0.468192 , 0.199 , 468.192 , 468.859192
0.468668 , 0.199 , 468.668 , 469.335668
0.46913 , 0.2 , 469.13 , 469.79913
0.469624 , 0.184 , 469.624 , 470.277624
0.470098 , 0.185 , 470.098 , 470.753098
0.470594 , 0.238 , 470.594 , 471.302594
0.471164 , 0.2 , 471.164 , 471.835164
0.471626 , 0.201 , 471.626 , 472.298626
0.472102 , 0.201 , 472.102 , 472.775102
0.472598 , 0.199 , 472.598 , 473.269598
0.473072 , 0.232 , 473.072 , 473.777072
0.47363 , 0.2 , 473.63 , 474.30363
0.474138 , 0.184 , 474.138 , 474.796138
0.4746 , 0.184 , 474.6 , 475.2586
0.475076 , 0.197 , 475.076 , 475.748076
0.475538 , 0.2 , 475.538 , 476.213538
0.476016 , 0.184 , 476.016 , 476.676016
0.476474 , 0.201 , 476.474 , 477.151474
0.47697 , 0.215 , 476.97 , 477.66197
0.477476 , 0.2 , 477.476 , 478.153476
0.47797 , 0.185 , 477.97 , 478.63297
0.478478 , 0.232 , 478.478 , 479.188478
0.479036 , 0.222 , 479.036 , 479.737036
0.494574 , 0.185 , 479.574 , 480.253574
0.480074 , 0.199 , 480.074 , 480.753074
0.480544 , 0.185 , 480.544 , 481.209544
0.481014 , 0.183 , 481.014 , 481.678014
0.481484 , 0.196 , 481.484 , 482.161484
0.481946 , 0.2 , 481.946 , 482.627946
0.48241 , 0.199 , 482.41 , 483.09141
0.482914 , 0.201 , 482.914 , 483.597914
0.483378 , 0.2 , 483.378 , 484.061378
0.483877 , 0.182 , 483.877 , 484.542877
0.484348 , 0.185 , 484.348 , 485.017348
0.484812 , 0.184 , 484.812 , 485.480812
0.500284 , 0.18 , 485.284 , 485.964284
0.48575 , 0.185 , 485.75 , 486.42075
0.486214 , 0.2 , 486.214 , 486.900214
0.48669 , 0.216 , 486.69 , 487.39269
0.487216 , 0.2 , 487.216 , 487.903216
0.48769 , 0.201 , 487.69 , 488.37869
0.488186 , 0.216 , 488.186 , 488.890186
0.488694 , 0.2 , 488.694 , 489.382694
0.489156 , 0.201 , 489.156 , 489.846156
0.489652 , 0.2 , 489.652 , 490.341652
0.490126 , 0.201 , 490.126 , 490.817126
0.490622 , 0.184 , 490.622 , 491.296622
0.491096 , 0.195 , 491.096 , 491.782096
0.491562 , 0.246 , 491.562 , 492.299562
0.492128 , 0.2 , 492.128 , 492.820128
0.492592 , 0.2 , 492.592 , 493.284592
0.493056 , 0.2 , 493.056 , 493.749056
0.49353 , 0.186 , 493.53 , 494.20953
0.493996 , 0.199 , 493.996 , 494.688996
0.494458 , 0.199 , 494.458 , 495.151458
0.494932 , 0.2 , 494.932 , 495.626932
0.495426 , 0.2 , 495.426 , 496.121426
0.495932 , 0.232 , 495.932 , 496.659932
0.496492 , 0.183 , 496.492 , 497.171492
0.496934 , 0.2 , 496.934 , 497.630934
0.497428 , 0.2 , 497.428 , 498.125428
0.497904 , 0.216 , 497.904 , 498.617904
0.498398 , 0.2 , 498.398 , 499.096398
0.498904 , 0.197 , 498.904 , 499.599904
0.499368 , 0.2 , 499.368 , 500.067368
0.499832 , 0.2 , 499.832 , 500.531832
0.500338 , 0.2 , 500.338 , 501.038338
0.500832 , 0.185 , 500.832 , 501.517832
0.501308 , 0.195 , 501.308 , 502.004308
0.501772 , 0.215 , 501.772 , 502.488772
0.502266 , 0.2 , 502.266 , 502.968266
0.50274 , 0.185 , 502.74 , 503.42774
0.503204 , 0.2 , 503.204 , 503.907204
0.503668 , 0.2 , 503.668 , 504.371668
0.504142 , 0.201 , 504.142 , 504.847142
0.504638 , 0.201 , 504.638 , 505.343638
0.505114 , 0.201 , 505.114 , 505.820114
0.505608 , 0.201 , 505.608 , 506.314608
0.506072 , 0.2 , 506.072 , 506.778072
0.522548 , 0.185 , 506.548 , 507.255548
0.507012 , 0.201 , 507.012 , 507.720012
0.507476 , 0.2 , 507.476 , 508.183476
0.50795 , 0.201 , 507.95 , 508.65895
0.508446 , 0.185 , 508.446 , 509.139446
0.508916 , 0.181 , 508.916 , 509.605916
0.509384 , 0.185 , 509.384 , 510.078384
0.524848 , 0.185 , 509.848 , 510.557848
0.510324 , 0.2 , 510.324 , 511.034324
0.510786 , 0.201 , 510.786 , 511.497786
0.51125 , 0.237 , 511.25 , 511.99825
0.511786 , 0.201 , 511.786 , 512.498786
0.512282 , 0.184 , 512.282 , 512.978282
0.512756 , 0.185 , 512.756 , 513.453756
0.51322 , 0.2 , 513.22 , 513.93322
0.513682 , 0.201 , 513.682 , 514.396682
0.51416 , 0.185 , 514.16 , 514.85916
0.514622 , 0.201 , 514.622 , 515.337622
0.515086 , 0.2 , 515.086 , 515.801086
0.515562 , 0.201 , 515.562 , 516.278562
0.516026 , 0.2 , 516.026 , 516.742026
0.516522 , 0.183 , 516.522 , 517.221522
0.516994 , 0.184 , 516.994 , 517.694994
0.517456 , 0.2 , 517.456 , 518.173456
0.517932 , 0.2 , 517.932 , 518.649932
0.518426 , 0.231 , 518.426 , 519.175426
0.518964 , 0.201 , 518.964 , 519.683964
0.519428 , 0.215 , 519.428 , 520.162428
0.519934 , 0.2 , 519.934 , 520.653934
0.520396 , 0.2 , 520.396 , 521.116396
0.52086 , 0.199 , 520.86 , 521.57986
0.521334 , 0.2 , 521.334 , 522.055334
0.521828 , 0.201 , 521.828 , 522.550828
0.522292 , 0.2 , 522.292 , 523.014292
0.522768 , 0.216 , 522.768 , 523.506768
0.523292 , 0.223 , 523.292 , 524.038292
0.5238 , 0.201 , 523.8 , 524.5248
0.524296 , 0.184 , 524.296 , 525.004296
0.52477 , 0.185 , 524.77 , 525.47977
0.525204 , 0.2 , 525.204 , 525.929204
0.525683 , 0.185 , 525.683 , 526.393683
0.526174 , 0.185 , 526.174 , 526.885174
0.526638 , 0.185 , 526.638 , 527.349638
0.5271 , 0.184 , 527.1 , 527.8111
0.527546 , 0.2 , 527.546 , 528.273546
0.52804 , 0.184 , 528.04 , 528.75204
0.528502 , 0.185 , 528.502 , 529.215502
0.528978 , 0.185 , 528.978 , 529.691978
0.529472 , 0.238 , 529.472 , 530.239472
0.530042 , 0.232 , 530.042 , 530.804042
0.53058 , 0.201 , 530.58 , 531.31158
0.531074 , 0.201 , 531.074 , 531.806074
0.53155 , 0.201 , 531.55 , 532.28255
0.532014 , 0.201 , 532.014 , 532.747014
0.532525 , 0.207 , 532.525 , 533.264525
0.533048 , 0.185 , 533.048 , 533.766048
0.533512 , 0.2 , 533.512 , 534.245512
0.533986 , 0.185 , 533.986 , 534.704986
0.53445 , 0.2 , 534.45 , 535.18445
0.534914 , 0.2 , 534.914 , 535.648914
0.535388 , 0.201 , 535.388 , 536.124388
0.535852 , 0.201 , 535.852 , 536.588852
0.536354 , 0.266 , 536.354 , 537.156354
0.536962 , 0.2 , 536.962 , 537.698962
0.537456 , 0.185 , 537.456 , 538.178456
0.53792 , 0.2 , 537.92 , 538.65792
0.538426 , 0.232 , 538.426 , 539.196426
0.538964 , 0.216 , 538.964 , 539.718964
0.53949 , 0.2 , 539.49 , 540.22949
0.539966 , 0.2 , 539.966 , 540.705966
0.55546 , 0.216 , 540.46 , 541.23146
0.540998 , 0.185 , 540.998 , 541.723998
0.541462 , 0.2 , 541.462 , 542.203462
0.541924 , 0.222 , 541.924 , 542.687924
0.54243 , 0.201 , 542.43 , 543.17343
0.542926 , 0.183 , 542.926 , 543.651926
0.543368 , 0.201 , 543.368 , 544.112368
0.543834 , 0.2 , 543.834 , 544.577834
0.544312 , 0.185 , 544.312 , 545.041312
0.544772 , 0.2 , 544.772 , 545.516772
0.545266 , 0.185 , 545.266 , 545.996266
0.54573 , 0.185 , 545.73 , 546.46073
0.546174 , 0.201 , 546.174 , 546.921174
0.54667 , 0.184 , 546.67 , 547.40067
0.547132 , 0.184 , 547.132 , 547.863132
0.547574 , 0.201 , 547.574 , 548.322574
0.5481 , 0.201 , 548.1 , 548.8491
0.549576 , 0.196 , 548.576 , 549.321576
0.54904 , 0.185 , 549.04 , 549.77404
0.549504 , 0.2 , 549.504 , 550.253504
0.550978 , 0.197 , 549.978 , 550.725978
0.550442 , 0.231 , 550.442 , 551.223442
0.55098 , 0.2 , 550.98 , 551.73098
0.551444 , 0.2 , 551.444 , 552.195444
0.551938 , 0.22 , 551.938 , 552.709938
0.568444 , 0.185 , 552.444 , 553.197444
0.568908 , 0.184 , 552.908 , 553.660908
0.553382 , 0.2 , 553.382 , 554.135382
0.553878 , 0.215 , 553.878 , 554.646878
0.554384 , 0.216 , 554.384 , 555.154384
0.55491 , 0.2 , 554.91 , 555.66491
0.555386 , 0.2 , 555.386 , 556.141386
0.55588 , 0.2 , 555.88 , 556.63588
0.556386 , 0.216 , 556.386 , 557.158386
0.556912 , 0.185 , 556.912 , 557.653912
0.557383 , 0.181 , 557.383 , 558.121383
0.557852 , 0.201 , 557.852 , 558.610852
0.558348 , 0.184 , 558.348 , 559.090348
0.558822 , 0.184 , 558.822 , 559.564822
0.559348 , 0.184 , 559.348 , 560.091348
0.559822 , 0.185 , 559.822 , 560.566822
0.560286 , 0.201 , 560.286 , 561.047286
0.560784 , 0.183 , 560.784 , 561.527784
0.561224 , 0.201 , 561.224 , 561.986224
0.56172 , 0.184 , 561.72 , 562.46572
0.562194 , 0.179 , 562.194 , 562.935194
0.562658 , 0.185 , 562.658 , 563.405658
0.563105 , 0.185 , 563.105 , 563.853105
0.563628 , 0.2 , 563.628 , 564.391628
0.56409 , 0.201 , 564.09 , 564.85509
0.564554 , 0.2 , 564.554 , 565.318554
0.56503 , 0.2 , 565.03 , 565.79503
0.565492 , 0.2 , 565.492 , 566.257492
0.565954 , 0.2 , 565.954 , 566.719954
0.56643 , 0.232 , 566.43 , 567.22843
0.566998 , 0.201 , 566.998 , 567.765998
0.567462 , 0.201 , 567.462 , 568.230462
0.567926 , 0.2 , 567.926 , 568.693926
0.568402 , 0.2 , 568.402 , 569.170402
0.568866 , 0.2 , 568.866 , 569.634866
0.56936 , 0.201 , 569.36 , 570.13036
0.569868 , 0.185 , 569.868 , 570.622868
0.570332 , 0.185 , 570.332 , 571.087332
0.570804 , 0.179 , 570.804 , 571.553804
0.571268 , 0.185 , 571.268 , 572.024268
0.571732 , 0.185 , 571.732 , 572.488732
0.572206 , 0.198 , 572.206 , 572.976206
0.57267 , 0.265 , 572.67 , 573.50767
0.57327 , 0.2 , 573.27 , 574.04327
0.573732 , 0.2 , 573.732 , 574.505732
0.574206 , 0.201 , 574.206 , 574.981206
0.57467 , 0.201 , 574.67 , 575.44567
0.575166 , 0.184 , 575.166 , 575.925166
0.57564 , 0.185 , 575.64 , 576.40064
0.576104 , 0.185 , 576.104 , 576.865104
0.576566 , 0.223 , 576.566 , 577.365566
0.577074 , 0.201 , 577.074 , 577.852074
0.577538 , 0.2 , 577.538 , 578.315538
0.578014 , 0.199 , 578.014 , 578.791014
0.578506 , 0.185 , 578.506 , 579.269506
0.57897 , 0.184 , 578.97 , 579.73297
0.579414 , 0.2 , 579.414 , 580.193414
0.579908 , 0.185 , 579.908 , 580.672908
0.580372 , 0.185 , 580.372 , 581.137372
0.580814 , 0.201 , 580.814 , 581.595814
0.581278 , 0.2 , 581.278 , 582.059278
0.581742 , 0.199 , 581.742 , 582.522742
0.583216 , 0.197 , 582.216 , 582.996216
0.58268 , 0.2 , 582.68 , 583.46268
0.583174 , 0.2 , 583.174 , 583.957174
0.583648 , 0.185 , 583.648 , 584.416648
0.584112 , 0.185 , 584.112 , 584.881112
0.584576 , 0.185 , 584.576 , 585.345576
0.585054 , 0.184 , 585.054 , 585.823054
0.585516 , 0.185 , 585.516 , 586.286516
0.58598 , 0.199 , 585.98 , 586.76498
0.586454 , 0.185 , 586.454 , 587.225454
0.586918 , 0.185 , 586.918 , 587.689918
0.58738 , 0.185 , 587.38 , 588.15238
0.587856 , 0.2 , 587.856 , 588.643856
0.58835 , 0.185 , 588.35 , 589.12335
0.58882 , 0.182 , 588.82 , 589.59082
0.58929 , 0.185 , 589.29 , 590.06429
0.589754 , 0.185 , 589.754 , 590.528754
0.59123 , 0.195 , 590.23 , 591.01623
0.590696 , 0.183 , 590.696 , 591.469696
0.591156 , 0.184 , 591.156 , 591.931156
0.59163 , 0.179 , 591.63 , 592.40063
0.592094 , 0.184 , 592.094 , 592.870094
0.592556 , 0.184 , 592.556 , 593.332556
0.592988 , 0.2 , 592.988 , 593.780988
0.593462 , 0.184 , 593.462 , 594.239462
0.608924 , 0.185 , 593.924 , 594.717924
0.594388 , 0.184 , 594.388 , 595.166388
0.594862 , 0.2 , 594.862 , 595.656862
0.595324 , 0.216 , 595.324 , 596.135324
0.595832 , 0.2 , 595.832 , 596.627832
0.596296 , 0.2 , 596.296 , 597.092296
0.59679 , 0.184 , 596.79 , 597.57079
0.597232 , 0.201 , 597.232 , 598.030232
0.597696 , 0.201 , 597.696 , 598.494696
0.59816 , 0.185 , 598.16 , 598.94316
0.598636 , 0.178 , 598.636 , 599.412636
0.60013 , 0.249 , 599.13 , 599.97913
0.5997 , 0.231 , 599.7 , 600.5307
0.60027 , 0.201 , 600.27 , 601.07127
0.600766 , 0.184 , 600.766 , 601.550766
0.60124 , 0.216 , 601.24 , 602.05724
0.601736 , 0.2 , 601.736 , 602.537736
0.602244 , 0.199 , 602.244 , 603.045244
0.602736 , 0.185 , 602.736 , 603.523736
0.603244 , 0.231 , 603.244 , 604.078244
0.6038 , 0.2 , 603.8 , 604.6038
0.604306 , 0.185 , 604.306 , 605.095306
0.6048 , 0.2 , 604.8 , 605.6048
0.605276 , 0.201 , 605.276 , 606.082276
0.605772 , 0.184 , 605.772 , 606.561772
0.606246 , 0.216 , 606.246 , 607.068246
Total GPU = 375028.222608